calendar_date,children_id,incoming_sms,outgoing_sms,total_sms,incoming_mms,outgoing_mms,total_mms,total_incoming,total_outgoing,total_messages,total_users,total_conversations
2023-11-24,0012e448-ebb2-4fd8-a533-08a7e4ac0701,86,88,174,1,0,1,87,88,175,1,7
2023-11-24,002de249-51df-44f2-b5a6-ced06504fd4f,2,1,3,2,2,4,4,3,7,1,2
2023-11-24,0039af6b-c4e0-4fca-9d65-08b525315ecd,246,219,465,27,13,40,273,232,505,1,7
2023-11-24,004841a7-0976-4f94-8804-fd2281633687,0,2,2,0,2,2,0,4,4,1,1
2023-11-24,0078cd3f-a0f2-41e6-9a0f-e086c28c455a,19,15,34,1234,147,1381,1253,162,1415,1,10
2023-11-24,00899af9-af08-40e8-8237-d53a83dd8697,17,20,37,0,3,3,17,23,40,1,5
2023-11-24,00ac329a-b672-4a24-8e0f-c5a8367302b5,36,35,71,134,18,152,170,53,223,1,9
2023-11-24,00bc8e26-8b10-4eef-8575-24b08ff982f8,0,2,2,0,0,0,0,2,2,1,2
2023-11-24,00cc4e56-1434-4290-9acd-8af8fa5ae981,23,18,41,13,6,19,36,24,60,1,4
2023-11-24,00dcf40f-a91b-4dba-8244-5743552a6c5c,3,1,4,1,2,3,4,3,7,1,3
2023-11-24,0103385b-3189-4b5f-9e7e-e3f32bc88742,20,29,49,34,24,58,54,53,107,1,9
2023-11-24,01296263-e515-499f-ba14-c2edd0cf8629,9,10,19,1,8,9,10,18,28,1,4
2023-11-24,0150327b-706b-4ab4-b677-8e695599d7cf,25,18,43,9,2,11,34,20,54,1,2
2023-11-24,017699ff-d08c-48e9-bcc8-b44c73fbcd00,5,5,10,3,0,3,8,5,13,1,2
2023-11-24,018fcaa5-5215-406b-91f5-a20ba80975ad,4,0,4,0,0,0,4,0,4,1,2
2023-11-24,01ae9f14-c8a6-4445-a8c3-6c0a333a15fa,3,1,4,0,0,0,3,1,4,1,2
2023-11-24,01bfefbf-dd42-4e4b-8425-d612b0be7db5,1,2,3,1,0,1,2,2,4,1,3
2023-11-24,01da4254-c0b5-407d-ad06-3955302fd605,0,1,1,0,0,0,0,1,1,1,1
2023-11-24,02055391-f6d5-476e-9485-95d607846a65,0,1,1,0,0,0,0,1,1,1,1
2023-11-24,02188c4f-321b-4ca9-a5cf-7691edb80f1d,0,2,2,0,0,0,0,2,2,1,1
2023-11-24,024a5d1b-d177-4401-a7be-b2b6c39a99d4,4,7,11,0,0,0,4,7,11,1,3
2023-11-24,025db01c-8434-4c2f-8259-4c701a4e9301,45,42,87,21,1,22,66,43,109,1,8
2023-11-24,027eb123-3998-4765-abf3-fba37e068eef,0,0,0,1,0,1,1,0,1,1,1
2023-11-24,028d251e-5d88-4ef8-8850-e2a185126299,17,28,45,9,9,18,26,37,63,1,4
2023-11-24,02975f9c-b252-4054-9e02-47b33d796113,4,7,11,0,1,1,4,8,12,1,3
2023-11-24,02bb9638-c376-4f81-a8c2-83d9b5f4db3b,18,9,27,1,0,1,19,9,28,1,1
2023-11-24,02d87d19-d4ab-439e-95f6-9b6b85effdc2,10,9,19,3,0,3,13,9,22,1,5
2023-11-24,02e5a568-7b3a-4e48-96dd-6b44cbe1f786,3,3,6,1,2,3,4,5,9,1,5
2023-11-24,02f8a4b0-54ee-4c01-a6ee-ffb9433558c3,65,52,117,247,71,318,312,123,435,1,8
2023-11-24,030b43fa-cf88-4ee8-b8d4-8c760eea0368,1,2,3,0,0,0,1,2,3,1,2
2023-11-24,034d9278-c1f3-4c3b-9aa5-e27ddeb94464,0,1,1,1,0,1,1,1,2,1,1
2023-11-24,0367fd63-bb32-4729-9442-a597c20a7a85,11,18,29,289,40,329,300,58,358,1,6
2023-11-24,0380db27-ee4b-4df2-bee6-acccdcee220b,2,0,2,0,0,0,2,0,2,1,2
2023-11-24,039e4128-000f-4e18-aaba-cda1dfba5b5b,1,4,5,0,1,1,1,5,6,1,2
2023-11-24,03bc2743-343e-43b5-a3cb-caac681c57d1,0,3,3,0,0,0,0,3,3,1,1
2023-11-24,03e1f646-df1b-4716-a862-9b6b42dc05b1,0,0,0,6,0,6,6,0,6,1,1
2023-11-24,0410988c-3011-49d1-8df6-a7d2cae928fe,33,45,78,0,4,4,33,49,82,1,4
2023-11-24,044b077e-7ed4-4b5f-a33f-d29bdd11d16e,84,74,158,15,2,17,99,76,175,1,7
2023-11-24,04667bbe-7ed0-4568-b782-15ac164f73d7,17,21,38,15,1,16,32,22,54,1,5
2023-11-24,047accba-01d5-4f70-b680-e12f4875e910,10,7,17,2,0,2,12,7,19,1,4
2023-11-24,0488cf7a-09fa-4b68-9583-a810814d9ee6,24,30,54,0,2,2,24,32,56,1,6
2023-11-24,04af69bc-d761-4758-8320-5a49677047d3,178,264,442,4,4,8,182,268,450,1,7
2023-11-24,04ccb3ce-b3e6-47e6-92fd-15efe4608ad2,8,20,28,0,0,0,8,20,28,1,3
2023-11-24,04e646bb-8cc4-4c9d-98c4-ac57dbe5d5b7,22,24,46,0,0,0,22,24,46,1,2
2023-11-24,04fd555f-a2a2-4d09-b504-086de5cf7df7,38,39,77,7,6,13,45,45,90,1,7
2023-11-24,0516a26c-797e-4f51-ac8a-e6f976f54374,1,0,1,0,0,0,1,0,1,1,1
2023-11-24,053a0e69-9cc6-432b-a05a-4ba1b6b13a3f,27,35,62,11,3,14,38,38,76,1,12
2023-11-24,0565d8a9-e3bf-48f8-bda0-3b527106336d,1,0,1,0,0,0,1,0,1,1,1
2023-11-24,058e2eb9-a431-4476-93c2-c5ac1160c2b4,22,33,55,0,1,1,22,34,56,1,6
2023-11-24,05a4c00b-4db1-4633-90d1-5366f9330c89,12,19,31,1,1,2,13,20,33,1,2
2023-11-24,05c97e58-ceba-461f-9c2a-27c1ae7c8c46,2,2,4,1,2,3,3,4,7,1,2
2023-11-24,05d907e6-f7d7-46a7-8804-cec5cbf8bb56,36,27,63,4,3,7,40,30,70,1,6
2023-11-24,05ed2ec5-d50e-476a-a9f1-33a495c1ac68,28,30,58,62,7,69,90,37,127,1,5
2023-11-24,060110bb-8601-43a6-ac4d-5e9521595405,50,41,91,43,18,61,93,59,152,1,5
2023-11-24,0608de5d-3616-4225-b1b8-ea21145a81cf,0,0,0,10,0,10,10,0,10,1,1
2023-11-24,06271f94-77ee-4f6d-8679-a2139c3ddba8,72,81,153,2,3,5,74,84,158,1,7
2023-11-24,06395505-3921-473c-8b99-5b6fa27cfbb3,3,2,5,0,0,0,3,2,5,1,1
2023-11-24,064c4554-9027-41c0-b87c-b025b79d4dc6,26,33,59,5,6,11,31,39,70,1,6
2023-11-24,065a52f3-9fc3-4e82-b3f8-ab5ef9aa8c09,6,5,11,0,0,0,6,5,11,1,2
2023-11-24,0667a67c-9971-434f-8634-ac88213200de,16,19,35,116,12,128,132,31,163,1,6
2023-11-24,0670b5b9-9e26-463b-a7c0-2bfc91b9a75e,3,4,7,0,0,0,3,4,7,1,1
2023-11-24,068d7ad5-c9e8-450f-870a-e55e601e548e,3,4,7,14,2,16,17,6,23,1,3
2023-11-24,069e6d6f-ff85-4345-b809-563fd5de1cb9,2,2,4,0,0,0,2,2,4,1,1
2023-11-24,06d8b63d-7688-4c26-8469-6bcc137bf3b9,0,0,0,1,0,1,1,0,1,1,1
2023-11-24,06e1403c-ccdd-4315-bbff-b89b6cc4deac,6,1,7,0,0,0,6,1,7,1,3
2023-11-24,070816f5-d1aa-4599-bc93-1bd973e6f201,242,210,452,5,8,13,247,218,465,1,10
2023-11-24,07386948-e88f-4785-8a85-2d6ff6321afb,0,0,0,6,0,6,6,0,6,1,1
2023-11-24,07405f4c-9a33-4d4b-a387-8d6368bf40e5,4,3,7,5,0,5,9,3,12,1,3
2023-11-24,076504a9-9dfc-4a42-87e2-aeb455f16da5,23,36,59,0,1,1,23,37,60,1,5
2023-11-24,0778ee30-aeb0-4459-b125-4538faae6776,1,1,2,1,0,1,2,1,3,1,2
2023-11-24,078aa1b0-75f7-486f-b94f-e1f13607a435,4,1,5,4,0,4,8,1,9,1,3
2023-11-24,07c31ab0-4d05-49a7-8040-be5fcaf112c2,1,1,2,0,0,0,1,1,2,1,1
2023-11-24,07cec9b3-c412-41ef-9047-107d8556bf05,49,46,95,17,9,26,66,55,121,1,8
2023-11-24,07e02635-2957-43eb-a5c8-43a89d6a5e49,7,7,14,0,0,0,7,7,14,1,3
2023-11-24,07f9efb2-72c0-48f2-a84b-18e6df6c6bb8,2,2,4,0,0,0,2,2,4,1,2
2023-11-24,08189415-3a4c-44a3-89ef-290622e8cfbe,8,4,12,19,5,24,27,9,36,1,6
2023-11-24,083c262c-5175-4936-84a7-75fca8c8772c,3,9,12,0,0,0,3,9,12,1,2
2023-11-24,08548543-b883-429f-8f6b-f1a88d42415c,0,1,1,0,2,2,0,3,3,1,2
2023-11-24,08740d3e-d5dd-48a6-a140-4bfee518a6f0,3,0,3,0,0,0,3,0,3,1,1
2023-11-24,089b4660-97e0-4467-a4e0-b4b49bef8740,11,11,22,19,1,20,30,12,42,1,8
2023-11-24,08b1dd11-fd11-4298-96de-746f9c4077e9,3,2,5,32,2,34,35,4,39,1,3
2023-11-24,08bc25ec-fdb0-4ed4-b388-fcf3254dd8f0,1,0,1,6,0,6,7,0,7,1,2
2023-11-24,08c9af07-e924-4443-9871-b4414122613a,2,0,2,0,1,1,2,1,3,1,2
2023-11-24,08dd00ad-5745-4903-bfcd-4f94d739de8a,11,8,19,0,1,1,11,9,20,1,4
2023-11-24,08f52d48-6866-4cd6-904e-51e5bc841653,25,51,76,0,0,0,25,51,76,1,6
2023-11-24,08fb56a3-d79d-4d9d-b2c1-e29a3e156f94,3,2,5,0,2,2,3,4,7,1,1
2023-11-24,090dd6d2-5a64-431e-a11a-927f93807298,0,0,0,8,0,8,8,0,8,1,1
2023-11-24,091e13ef-ca7a-42c2-93ef-71c9e966a628,41,25,66,3,0,3,44,25,69,1,2
2023-11-24,09401d91-67ad-4be3-8da4-06dd5c5be378,4,5,9,0,0,0,4,5,9,1,4
2023-11-24,09691481-aaf0-44b3-a948-ae90182fb9c8,1,0,1,0,0,0,1,0,1,1,1
2023-11-24,0986e4ed-4d46-4d24-9939-34967c9ad1dc,119,135,254,7,10,17,126,145,271,1,6
2023-11-24,09abf9ac-ec1c-4181-9e32-e5c89c0cbac8,4,8,12,0,0,0,4,8,12,1,4
2023-11-24,0018410a-0af8-47ce-888a-2cafb20f9c27,1,0,1,0,0,0,1,0,1,1,1
2023-11-24,0030608c-716b-4adf-8984-4429350df18b,1,1,2,0,1,1,1,2,3,1,1
2023-11-24,003abf21-d792-48aa-a5f3-972a95a7b6bb,4,3,7,1,0,1,5,3,8,1,1
2023-11-24,00630de8-7fba-4ebb-9e6c-50c18f4f5c1c,0,2,2,0,0,0,0,2,2,1,1
2023-11-24,0082069c-b7ce-4c63-aa27-b6a840d039c3,1,2,3,5,0,5,6,2,8,1,3
2023-11-24,0091c2ff-6b37-4348-a54a-26665c024d1e,20,15,35,3,3,6,23,18,41,1,8
2023-11-24,00adea74-309b-49ac-b5ba-d5367b3655a9,20,14,34,2,0,2,22,14,36,1,2
2023-11-24,00c0855f-5c31-4aa1-acd7-3252a3ed050f,0,1,1,0,0,0,0,1,1,1,1
2023-11-24,00cc6e74-8b6c-40c7-b163-cc2fec344a42,16,20,36,28,0,28,44,20,64,1,4
2023-11-24,00e3bc3e-3046-4476-b9a2-b0b9b4bdbc2a,0,0,0,6,0,6,6,0,6,1,3
2023-11-24,010a17d6-553b-42ed-84e9-f366b93ac610,29,23,52,15,0,15,44,23,67,1,5
2023-11-24,012ac257-9b4f-4f46-b890-1326a24d362b,2,0,2,1,0,1,3,0,3,1,2
2023-11-24,015dc8b5-10c6-4b96-bdd3-3f803eec7118,1,1,2,12,13,25,13,14,27,1,2
2023-11-24,017baa7f-7919-4b09-bd85-b6f66c589471,251,178,429,32,20,52,283,198,481,1,10
2023-11-24,0192ceff-9f55-4d7f-9515-5057126fd182,109,134,243,8,4,12,117,138,255,1,14
2023-11-24,01bd79a5-ba95-4d84-b7c0-bae89005735e,1,0,1,0,0,0,1,0,1,1,1
2023-11-24,01c76d71-0109-40f1-bcd1-ed12e33b34da,25,37,62,0,0,0,25,37,62,1,1
2023-11-24,01e5721e-034b-4c2f-bf79-9700446e9d35,19,17,36,0,0,0,19,17,36,1,3
2023-11-24,020a920b-3779-410b-89f7-bbd880e05da9,38,9,47,1,1,2,39,10,49,1,2
2023-11-24,0223e262-4bb0-4594-abf1-dc6b27bc79a0,39,33,72,3,1,4,42,34,76,1,15
2023-11-24,024fd4e1-dba5-4de0-8b48-2ed9cd1b24ae,0,0,0,4,0,4,4,0,4,1,1
2023-11-24,026609d3-f0a0-47e3-afb0-417b0d99c554,1,0,1,0,0,0,1,0,1,1,1
2023-11-24,0280f375-854b-4280-95f2-d0c314911f5e,5,11,16,0,0,0,5,11,16,1,7
2023-11-24,0290b7bd-7c12-41c2-b67e-a917f9ff0dbb,0,0,0,0,1,1,0,1,1,1,1
2023-11-24,029c8166-a65d-474b-8311-f5223a55aae0,235,415,650,1,3,4,236,418,654,1,4
2023-11-24,02c8262e-5ee2-4a84-9a6a-dab4330adf6f,103,125,228,35,12,47,138,137,275,1,13
2023-11-24,02dd2b3d-ad30-483b-ad87-5ecb0d105656,8,32,40,0,4,4,8,36,44,1,6
2023-11-24,02eb777c-0914-4a02-a298-3849b9c9179a,8,11,19,0,0,0,8,11,19,1,4
2023-11-24,02fd662d-7110-4dd6-a4ff-e8ca4ae0a201,34,10,44,18,11,29,52,21,73,1,6
2023-11-24,0316b14b-ec58-417d-9d8f-1c7d6da8d313,19,20,39,5,0,5,24,20,44,1,2
2023-11-24,035385f3-2a5b-41fb-9d20-ca58001584a3,51,58,109,16,0,16,67,58,125,1,4
2023-11-24,036f1c1b-b818-419d-890e-49a5c20b6176,6,0,6,2,0,2,8,0,8,1,6
2023-11-24,03895183-3e5c-4042-824d-bf66724cca58,35,29,64,0,0,0,35,29,64,1,3
2023-11-24,03a0a2a6-93f1-4961-8d29-6cc3b9760cf5,59,49,108,0,0,0,59,49,108,1,2
2023-11-24,03bcfd99-2f54-4584-889e-c8ddf5a1b450,17,17,34,10,0,10,27,17,44,1,7
2023-11-24,03e8ae93-0b04-4f37-a5be-82f3ce7e01b1,16,15,31,186,51,237,202,66,268,1,3
2023-11-24,04123409-6cf8-4ad6-82c2-7f9f785ead21,6,5,11,0,0,0,6,5,11,1,1
2023-11-24,044e9a32-4b1e-4161-b098-d8204904743e,13,13,26,4,2,6,17,15,32,1,2
2023-11-24,046ced76-f123-4466-9e3e-157fefc98d17,1,1,2,0,0,0,1,1,2,1,1
2023-11-24,047afc94-fb76-4c4a-83b3-848beeae2594,1,0,1,0,0,0,1,0,1,1,1
2023-11-24,0492f074-f0cb-408a-b722-3dc60b3ec9fe,14,14,28,0,0,0,14,14,28,1,4
2023-11-24,04be11a6-fc41-4d3f-9bd7-5d216d45ddd9,10,11,21,1,0,1,11,11,22,1,4
2023-11-24,04d26ac8-7f66-4d11-b175-45ca52f06d74,12,40,52,2,1,3,14,41,55,1,8
2023-11-24,04e76999-ff6b-4fdb-b2d5-5159fb1af77c,3,6,9,3,0,3,6,6,12,1,3
2023-11-24,0504ab67-95a7-43e7-85c9-06fd256d5c66,7,10,17,25,7,32,32,17,49,1,7
2023-11-24,051dddcc-85aa-41a5-86b7-0a67f38f49a6,25,14,39,0,0,0,25,14,39,1,3
2023-11-24,05439fb8-a9a9-4820-b649-d51504e86be9,1,4,5,4,3,7,5,7,12,1,2
2023-11-24,057e49d2-0662-44b8-96ab-bdbfc93538f7,116,153,269,5,4,9,121,157,278,1,5
2023-11-24,059bd6c2-04cf-48d9-8085-e2621ee2ea08,273,303,576,91,19,110,364,322,686,1,12
2023-11-24,05a8631b-97b3-40cf-ad34-0c127f540496,8,5,13,1,0,1,9,5,14,1,3
2023-11-24,05caad61-7040-4dbd-9d06-51978f5cceb8,11,20,31,1,0,1,12,20,32,1,5
2023-11-24,05db6db2-3886-45a6-bd36-2e64358aab0e,2,3,5,0,1,1,2,4,6,1,4
2023-11-24,05ed40f7-3789-4232-a170-ebe71667f7c4,28,14,42,26,13,39,54,27,81,1,12
2023-11-24,06036ea7-4b5b-4cf2-bcde-b4e37cb0e4bd,106,179,285,3,8,11,109,187,296,1,10
2023-11-24,060da3df-3b0f-45fb-a647-59875a59b567,3,0,3,0,0,0,3,0,3,1,2
2023-11-24,0630d1d6-bf56-4ce5-9512-21f5eb997c3a,8,12,20,1,2,3,9,14,23,1,6
2023-11-24,0640b972-e610-4253-916d-dfdfd6c8ae64,1,0,1,3,2,5,4,2,6,1,2
2023-11-24,064c8dc4-2e95-4b98-9633-18324922e91f,1,0,1,0,0,0,1,0,1,1,1
2023-11-24,065c65df-61f7-452e-aead-7f6a0d8232b6,6,7,13,3,0,3,9,7,16,1,5
2023-11-24,066b7d6a-192e-426c-8f14-7aabf9ff294b,5,4,9,104,79,183,109,83,192,1,5
2023-11-24,0674b4fa-7d83-4b11-acf8-0ada7083a5e5,0,0,0,17,5,22,17,5,22,1,1
2023-11-24,069107ea-cfd5-40e7-ba17-18ac80dca952,17,18,35,0,0,0,17,18,35,1,1
2023-11-24,06ba609c-0a24-45e1-8243-da2168d00d66,1,1,2,0,0,0,1,1,2,1,2
2023-11-24,06d91dd1-f7ca-4424-ab17-4f27bb629996,10,15,25,0,2,2,10,17,27,1,2
2023-11-24,06ebbb38-df9a-415b-b3d2-e9a1226d9d33,0,0,0,1,0,1,1,0,1,1,1
2023-11-24,0718a650-5bce-432c-8a17-60ca09fa45b0,47,67,114,32,24,56,79,91,170,1,9
2023-11-24,073f69ce-f830-4d63-827a-2c04bae2ad32,0,0,0,3,2,5,3,2,5,1,1
2023-11-24,074705ce-67d8-4946-bd87-b1e777c9c55b,5,8,13,1,0,1,6,8,14,1,2
2023-11-24,07664080-8a09-4109-82a4-efe46fe264de,1,0,1,22,23,45,23,23,46,1,1
2023-11-24,077c7de0-b5d8-42c2-807e-19bc2c020844,0,0,0,1,0,1,1,0,1,1,1
2023-11-24,079a0fd8-e8e9-45af-87e7-04ba3863a977,27,23,50,0,0,0,27,23,50,1,6
2023-11-24,07c8e4cc-7337-4316-a1a5-08b641b5b195,1,6,7,101,54,155,102,60,162,1,4
2023-11-24,07d083f0-26ba-4672-9297-bd6bb93dc283,0,1,1,1,0,1,1,1,2,1,1
2023-11-24,07e56c3e-5ed6-4b18-8dab-c20d18b28d72,2,0,2,0,0,0,2,0,2,1,2
2023-11-24,07ff7847-bfbd-4337-a8e4-7514f15f17f1,2,1,3,2,0,2,4,1,5,1,2
2023-11-24,081e4951-d895-4482-9b4d-9dec567927e6,6,10,16,1,0,1,7,10,17,1,5
2023-11-24,08421d92-95c5-4cfe-b790-4c364113fff8,17,16,33,1,7,8,18,23,41,1,9
2023-11-24,086fd0bc-647a-40d2-9205-3507fcbc2461,1,2,3,0,1,1,1,3,4,1,2
2023-11-24,0894a313-74e0-4ba5-b385-e4a24471ef08,0,0,0,0,7,7,0,7,7,1,6
2023-11-24,08a293e5-868d-453f-9a15-8ec6bdef0319,154,150,304,1,3,4,155,153,308,1,9
2023-11-24,08b86f57-05fb-4292-b323-3c7db21e25ae,3,6,9,7,5,12,10,11,21,1,5
2023-11-24,08bcf3f9-496f-43b1-bad5-48a2b63d5a53,50,52,102,146,87,233,196,139,335,1,13
2023-11-24,08cba4f6-2bdf-4b8b-989a-d67f6d0a24aa,6,4,10,13,13,26,19,17,36,1,4
2023-11-24,08e04250-6f63-4c2d-92b3-12289c93ec07,35,27,62,0,0,0,35,27,62,1,5
2023-11-24,08f7422a-4772-4af8-bcf6-651a3bfaafb1,2,1,3,13,2,15,15,3,18,1,6
2023-11-24,08fd84bc-fc7f-403f-b8a8-496dc466f1a5,37,28,65,27,7,34,64,35,99,1,16
2023-11-24,090e244b-64e2-4cfe-b78d-192b89ad4c8a,53,83,136,4,12,16,57,95,152,1,5
2023-11-24,091ee137-2031-44f3-b7d5-04a28a6280db,4,1,5,0,0,0,4,1,5,1,2
2023-11-24,095ea504-d46b-48da-b721-37fcc27b7d01,3,2,5,0,0,0,3,2,5,1,1
2023-11-24,09695ab9-cc0d-4880-a198-441447e4b118,75,186,261,1,18,19,76,204,280,1,13
2023-11-24,098abaea-d721-4d95-b2a9-2a8d56a79bfb,2,5,7,0,1,1,2,6,8,1,2
2023-11-24,09b7a802-18e8-4de3-9faa-5ae5039dd1c4,0,1,1,0,0,0,0,1,1,1,1
2023-11-24,09d997cc-0609-42cf-967e-8fd41819074c,2,4,6,3,4,7,5,8,13,1,2
2023-11-24,09f9495a-9f79-4f79-be34-9c7fdc2b469f,155,163,318,56,35,91,211,198,409,1,13
2023-11-24,0a27e49e-b58d-4d57-a39e-5091a08c57a6,113,82,195,115,0,115,228,82,310,1,7
2023-11-24,0a5149a3-c397-48d7-a853-eb18b732cf69,0,0,0,1,0,1,1,0,1,1,1
2023-11-24,0a791bd4-c4a9-4e2c-8fba-2b3e15b5831d,1,2,3,2,1,3,3,3,6,1,2
2023-11-24,0a94aa4a-6752-4579-a8ff-f3c9da0968ef,22,12,34,5,0,5,27,12,39,1,11
2023-11-24,0aafdb6d-0d17-414f-81d4-90a172df775d,2,3,5,20,4,24,22,7,29,1,2
2023-11-24,0abf0cf8-c77a-4e9b-9a12-f236a7ac76dd,321,333,654,16,20,36,337,353,690,1,7
2023-11-24,0ad16967-fe47-4fdb-8360-7bd4bbbb4139,36,38,74,0,0,0,36,38,74,1,2
2023-11-24,0aee1793-a689-4aad-b201-32b9330320b1,2,0,2,0,1,1,2,1,3,1,3
2023-11-24,0af0e1ac-6b2b-425f-b316-f63cbff9acef,1,0,1,0,0,0,1,0,1,1,1
2023-11-24,0afc9abd-7d30-428b-b53f-28af7cbf5a31,1,0,1,0,0,0,1,0,1,1,1
2023-11-24,0b0f4b4f-cdd7-4bc5-af1e-a667b5fe9a84,37,142,179,17,13,30,54,155,209,1,10
2023-11-24,0b24a907-eeb2-4720-bb77-c7811f5937d8,23,27,50,2,2,4,25,29,54,1,3
2023-11-24,0b4bea2b-ac85-4cc1-b797-561a5b06e2b1,11,15,26,33,8,41,44,23,67,1,10
2023-11-24,0b6190e3-19a3-4c8b-80b5-715f8f300a49,30,27,57,1,1,2,31,28,59,1,3
2023-11-24,0b693371-3415-4a99-a5c0-784805c7d967,39,17,56,3,3,6,42,20,62,1,23
2023-11-24,0b8becbe-9645-4e69-9474-832b7d656d63,7,17,24,6,1,7,13,18,31,1,8
2023-11-24,0b9f8e2a-1475-4282-ba30-7d00ef2279a0,0,0,0,5,0,5,5,0,5,1,2
2023-11-24,0baef403-90ca-4ebc-99ac-a55a163a4795,304,283,587,10,0,10,314,283,597,1,2
2023-11-24,0bc23882-e694-4b01-91d7-30424b75b355,1,0,1,0,0,0,1,0,1,1,1
2023-11-24,0bdcc29c-44a3-4a5f-8306-dd4271287c77,5,6,11,1,0,1,6,6,12,1,1
2023-11-24,0bff9946-8c5c-4318-a1a7-1be1bb174cc3,15,28,43,2,0,2,17,28,45,1,7
2023-11-24,0c09d40d-9ea1-4fa4-83aa-150f65e236b8,9,11,20,0,2,2,9,13,22,1,5
2023-11-24,0c204739-8510-4b6c-b053-acf8704318da,0,0,0,0,1,1,0,1,1,1,1
2023-11-24,0c313a84-b9ee-469d-bbf9-6872d192ed1a,50,41,91,1,7,8,51,48,99,1,6
2023-11-24,0c4a2753-9c44-48e1-b317-55f61cfca16a,1,0,1,0,0,0,1,0,1,1,1
2023-11-24,0c55c325-db30-4815-bae4-724adfd27f5f,79,122,201,6,7,13,85,129,214,1,13
2023-11-24,0c5d9f5c-d3ed-4e64-83b7-2c0982ecf952,142,147,289,2,0,2,144,147,291,1,4
2023-11-24,0c733590-7de3-42a6-9789-52c9cf3ebd46,29,38,67,0,3,3,29,41,70,1,1
2023-11-24,0c9aad68-cac2-40c4-952e-eaffb3fa5832,67,107,174,16,3,19,83,110,193,1,11
2023-11-24,0cba65c2-5dcd-4442-a6dc-fbef1f5d4d3d,46,34,80,0,0,0,46,34,80,1,7
2023-11-24,0cc70978-585c-4b3c-aa3b-39d8e3397245,3,5,8,5,2,7,8,7,15,1,7
2023-11-24,0cff7d0e-1875-4dd8-a8d5-4ef626477c95,3,3,6,0,0,0,3,3,6,1,2
2023-11-24,0d0bde2c-ee8b-4654-93ca-17245d561bc8,5,7,12,0,0,0,5,7,12,1,4
2023-11-24,0d1e8521-eb67-47b5-ac66-d2355a8df765,46,12,58,4,0,4,50,12,62,1,3
2023-11-24,0d378426-c30c-4524-8c24-58c7def3bc9d,107,81,188,19,34,53,126,115,241,1,9
2023-11-24,0d4798c5-7bbc-47df-8171-3e574bdd6c40,4,0,4,66,0,66,70,0,70,1,4
2023-11-24,0d573ec0-66cc-46df-a35b-05082ece662c,1,2,3,0,4,4,1,6,7,1,3
2023-11-24,0d7f73cd-9339-423a-9d40-174ae1894542,1,1,2,0,0,0,1,1,2,1,1
2023-11-24,0d8eb78a-ddb8-4013-9947-14634b23e6c9,1,0,1,0,0,0,1,0,1,1,1
2023-11-24,0db2778c-2dcf-4975-bfb4-121d195e1500,10,16,26,28,20,48,38,36,74,1,10
2023-11-24,0dc803d3-d95e-48e6-b22b-5b0136b7bbd2,94,61,155,4,3,7,98,64,162,1,3
2023-11-24,0ddbcaeb-a7f0-44f7-a120-670dc69164ee,18,19,37,2,0,2,20,19,39,1,5
2023-11-24,0dfc9d92-652e-40e6-afcd-80ee1a68311e,1,2,3,0,0,0,1,2,3,1,1
2023-11-24,0e1679bd-1c02-42d4-afae-d070a1cb60a0,6,10,16,0,0,0,6,10,16,1,1
2023-11-24,0e312c78-145f-4c9d-b35a-24cef605fd8b,1,0,1,0,0,0,1,0,1,1,1
2023-11-24,0e41ebad-3872-469b-863d-8e7b14be8890,4,9,13,0,0,0,4,9,13,1,2
2023-11-24,0e5616e9-50db-4987-aa99-1dd5def81a37,11,12,23,4,0,4,15,12,27,1,10
2023-11-24,0e64a66c-c41a-4f34-aec6-2bc25e434e5d,0,0,0,1,0,1,1,0,1,1,1
2023-11-24,0e75cbe2-e604-405d-9cd6-163138d539a9,0,0,0,1,0,1,1,0,1,1,1
2023-11-24,0e7c97c6-0d13-4937-99e8-3774a92fd8a0,24,12,36,0,2,2,24,14,38,1,4
2023-11-24,0e929d58-cfee-4be0-8d07-78c421435c02,118,182,300,4,2,6,122,184,306,1,6
2023-11-24,0ea15027-5c96-4a18-ae47-05db1978a65d,356,393,749,41,72,113,397,465,862,1,4
2023-11-24,0ebccba8-6178-4ba3-835e-bdb12804c657,9,2,11,7,1,8,16,3,19,1,9
2023-11-24,0ecb3a11-1f29-46e4-8b8a-276bc4abc65b,4,3,7,12,14,26,16,17,33,1,4
2023-11-24,0ee14b26-2155-442d-bea8-6f6223b35941,15,17,32,1,2,3,16,19,35,1,4
2023-11-24,0ef405ae-9415-4b51-916d-eed5ebeeb28f,1,2,3,0,0,0,1,2,3,1,2
2023-11-24,0f0b69a7-d184-4cad-82ac-ab8df717c34f,1,1,2,0,0,0,1,1,2,1,1
2023-11-24,0f2be2a1-0318-49bd-adf5-3a20866e97a9,21,22,43,70,24,94,91,46,137,1,7
2023-11-24,0f61e434-72e4-4762-82fa-607a493f6ad0,6,13,19,1,0,1,7,13,20,1,4
2023-11-24,0f7019a0-8405-45c6-9b15-44239e73c612,1,2,3,0,1,1,1,3,4,1,1
2023-11-24,0f934b2f-5e5e-4828-9498-cb11f2eb9780,4,4,8,19,1,20,23,5,28,1,4
2023-11-24,0f9dd536-7907-4637-85aa-cb90a43f087a,69,99,168,11,14,25,80,113,193,1,12
2023-11-24,0fb5cf57-63a7-488e-aa9e-85da297090a0,3,1,4,0,1,1,3,2,5,1,3
2023-11-24,0fc70ba0-be0d-4ed6-b639-8a2f49977d7d,1,2,3,2,1,3,3,3,6,1,2
2023-11-24,0fe0f484-db89-4d40-86c0-0d50fb0298f1,27,45,72,1,1,2,28,46,74,1,1
2023-11-24,0ffd39cf-3a87-4f76-8a4d-ef48b461dc70,73,63,136,162,19,181,235,82,317,1,8
2023-11-24,100fcd3d-194c-4f68-bb31-79634e5212da,252,315,567,21,13,34,273,328,601,1,9
2023-11-24,102e77eb-7217-4553-a911-691bbc78c739,11,8,19,1,0,1,12,8,20,1,5
2023-11-24,1051dfb8-42ba-4ef3-8b06-a1a2bebf51a3,0,1,1,2,0,2,2,1,3,1,2
2023-11-24,106d7aba-0f8f-4cc7-a987-31e8218f9565,5,121,126,1,1,2,6,122,128,1,3
2023-11-24,107b9a3f-0738-465e-802f-a265e802c501,40,35,75,0,0,0,40,35,75,1,1
2023-11-24,10867060-9249-4ef4-aa2a-2eacfdf85d4f,10,13,23,0,1,1,10,14,24,1,1
2023-11-24,10a6c68b-2b59-48b8-9d0c-12d64a7a2399,7,16,23,2,0,2,9,16,25,1,2
2023-11-24,10c00885-3133-4374-9a9f-0332cfcec639,1,0,1,0,0,0,1,0,1,1,1
2023-11-24,10d95c06-ec7a-4085-8269-d273221ff345,4,3,7,16,0,16,20,3,23,1,3
2023-11-24,10e2dd29-85a7-4ab0-992f-3e682f7ac3c5,49,40,89,5,3,8,54,43,97,1,10
2023-11-24,10f2e8ee-56f9-4c8a-aa0c-d9bed943c8a6,42,48,90,2,1,3,44,49,93,1,3
2023-11-24,1134ef26-f728-42ff-9b44-21d4b03b29d0,6,0,6,1,0,1,7,0,7,1,7
2023-11-24,115eeab0-3fa1-4f0f-8e3b-63faec50b7f5,1,1,2,0,0,0,1,1,2,1,2
2023-11-24,1178e5fd-c5b3-401c-92c6-03cca8e3f632,16,25,41,261,11,272,277,36,313,1,5
2023-11-24,1183c068-5d7e-46c9-abcd-c73ea428033a,1,0,1,0,3,3,1,3,4,1,2
2023-11-24,1192d25e-74ef-40f4-b7b6-567088277da9,12,6,18,0,0,0,12,6,18,1,4
2023-11-24,119dc85c-408e-48e6-a402-f7697576271a,42,52,94,4,0,4,46,52,98,1,8
2023-11-24,11cdc630-dd3f-422d-a862-4f46c753fd13,24,33,57,1,3,4,25,36,61,1,9
2023-11-24,11e01541-f07b-4b38-8953-bf3498e3a867,13,7,20,8,34,42,21,41,62,1,6
2023-11-24,11e80b87-ace9-4548-9123-efaa4b7d623e,2,4,6,6,0,6,8,4,12,1,5
2023-11-24,1215166a-d594-4c34-a410-b17383049134,11,13,24,0,0,0,11,13,24,1,5
2023-11-24,1225baa1-84f0-4167-bc20-b79ae9d1db0e,6,3,9,0,0,0,6,3,9,1,1
2023-11-24,123ff76e-00ad-4e0f-9eac-e24c0e1ee8ef,1,0,1,0,0,0,1,0,1,1,1
2023-11-24,1251fd14-7e52-44a7-95c4-b1d1610cd5d6,98,113,211,26,11,37,124,124,248,1,4
2023-11-24,1260de7d-2078-4831-b623-822d97f160a7,2,2,4,0,0,0,2,2,4,1,2
2023-11-24,1270920a-69b1-4290-bfde-531c72a1bdd1,6,7,13,0,0,0,6,7,13,1,6
2023-11-24,12b3e3c2-08ce-4449-9b18-e1a5c563ffae,0,0,0,1,0,1,1,0,1,1,1
2023-11-24,12bf72c9-cd47-4fbb-8bbd-36c5455671db,4,6,10,0,0,0,4,6,10,1,2
2023-11-24,12e270ec-4f0f-40e4-b1bb-263586b5d03e,0,0,0,7,0,7,7,0,7,1,2
2023-11-24,13093245-38c8-45e4-9477-846220e57a51,29,22,51,0,1,1,29,23,52,1,6
2023-11-24,1316e02d-2073-407f-81c9-24be8e524799,6,2,8,13,7,20,19,9,28,1,4
2023-11-24,1321aacd-b4eb-4f65-bcdc-0bfbc97c1dcf,86,104,190,317,196,513,403,300,703,1,8
2023-11-24,1341229a-ed0c-4dde-9532-83cb7c037a3f,14,15,29,1,2,3,15,17,32,1,2
2023-11-24,1355eece-689c-4fb6-8db1-0dd97c5a39fe,1,0,1,0,0,0,1,0,1,1,1
2023-11-24,1383266e-ff76-4dcd-9ca8-915e82bc24f6,4,4,8,1,2,3,5,6,11,1,3
2023-11-24,139918ed-da4a-4151-9900-bd7ce0f576d1,1,0,1,1,0,1,2,0,2,1,1
2023-11-24,13a5f4ef-8f7c-402b-84c9-fe1977cf76cb,15,28,43,1,0,1,16,28,44,1,8
2023-11-24,13d0d2ca-fcc9-47b1-99f4-16e2849cf193,18,11,29,0,0,0,18,11,29,1,3
2023-11-24,13ef877f-59b8-4b30-98d5-a4a59d599cf5,0,1,1,0,0,0,0,1,1,1,1
2023-11-24,14022971-03aa-48e7-b98a-cbcc254c45f1,1,0,1,0,0,0,1,0,1,1,1
2023-11-24,141cae12-c992-429c-9f60-c19a273d8d50,8,4,12,0,0,0,8,4,12,1,2
2023-11-24,1423d317-d6f7-4d61-9d36-55fe086e834c,16,14,30,0,0,0,16,14,30,1,8
2023-11-24,144800ea-49a0-42fe-84b5-b0b59c2b5269,1,13,14,0,0,0,1,13,14,1,3
2023-11-24,1463c521-eb7a-4228-9f9d-57c1a8e1bc6a,2,8,10,19,0,19,21,8,29,1,5
2023-11-24,147264f5-c379-4c92-bea1-d3d13b744823,2,4,6,0,0,0,2,4,6,1,2
2023-11-24,14869ab4-34f4-4479-a158-3c2445010f85,3,2,5,3,2,5,6,4,10,1,2
2023-11-24,14a40953-7f71-46d0-9aab-43730998218c,1,0,1,0,0,0,1,0,1,1,1
2023-11-24,14dbe02c-232f-41ce-b163-3be1734f84ab,19,21,40,6,2,8,25,23,48,1,4
2023-11-24,14ebbb30-e7ae-44b5-b4fb-ed2d17165989,17,17,34,3,0,3,20,17,37,1,3
2023-11-24,1510f5a5-5281-4d5a-a772-d67873f70d99,2,2,4,1,0,1,3,2,5,1,3
2023-11-24,15373a54-a220-43a1-9611-ca2edbb3f308,22,17,39,5,3,8,27,20,47,1,14
2023-11-24,15550bf4-4b10-46cc-ac11-81bb07a060f6,39,43,82,14,13,27,53,56,109,1,9
2023-11-24,1560e867-b505-4b7d-a785-bd83060ff025,3,2,5,0,3,3,3,5,8,1,2
2023-11-24,1574c35d-0a0f-46ea-b088-4a9c5e68067c,6,4,10,0,0,0,6,4,10,1,1
2023-11-24,159bf03d-5c4e-4351-9fe0-1dc98bfd435d,1,0,1,0,0,0,1,0,1,1,1
2023-11-24,15ba5be3-9421-4c26-8aa1-a6e2ffa8c2fc,4,2,6,10,0,10,14,2,16,1,4
2023-11-24,15d6ffc7-ecda-42ae-9190-9b8d48a9838f,0,0,0,23,6,29,23,6,29,1,6
2023-11-24,15e06eda-ed4c-4390-afc4-e150ad274fca,0,0,0,4,0,4,4,0,4,1,1
2023-11-24,15f31566-c439-49f2-8ec6-6b7f26d1699f,2,0,2,0,0,0,2,0,2,1,1
2023-11-24,161aca67-a768-4b8b-8859-4d46e785a052,41,41,82,1,1,2,42,42,84,1,4
2023-11-24,1636bf71-630a-4470-8908-609cd833612e,20,33,53,0,4,4,20,37,57,1,6
2023-11-24,1650f527-9d69-41c3-be70-0be3d50c4ea0,96,6,102,0,0,0,96,6,102,1,3
2023-11-24,165be958-a9df-4918-9e1b-9a57a7b49cbe,20,16,36,58,0,58,78,16,94,1,11
2023-11-24,167976b7-f9ca-488e-9e6e-d7461a008d06,30,21,51,1,0,1,31,21,52,1,12
2023-11-24,1688ec80-1d00-4c34-a629-a2ecd5530ab9,129,94,223,32,19,51,161,113,274,1,11
2023-11-24,169b1e46-3db1-4a5d-b821-512874be403c,60,53,113,1,0,1,61,53,114,1,6
2023-11-24,16a8b1d8-9d32-475a-9e57-91266035e68d,8,13,21,4,16,20,12,29,41,1,2
2023-11-24,16b1c5ee-02f2-423d-9acb-ad078150253d,3,3,6,16,1,17,19,4,23,1,3
2023-11-24,16bae0b0-a780-45d2-8d72-688f3cca4dcf,1,1,2,0,0,0,1,1,2,1,1
2023-11-24,16c4d32e-1078-455b-a528-3574bb44d139,6,4,10,0,0,0,6,4,10,1,3
2023-11-24,16d112cb-a9a7-4a49-9b25-98482d55830c,32,41,73,2,1,3,34,42,76,1,6
2023-11-24,16fd4fbd-7cea-4d2d-bcc3-9414e1f0f13e,100,79,179,15,8,23,115,87,202,1,5
2023-11-24,1719bef7-6b60-4a1e-bff9-68dff5f28969,2,0,2,0,8,8,2,8,10,1,1
2023-11-24,173d91c0-f491-4867-8426-a0102eb3cddc,0,3,3,0,0,0,0,3,3,1,1
2023-11-24,174f7cf8-70df-4a42-80e1-e873217cdf50,18,31,49,0,0,0,18,31,49,1,6
2023-11-24,177c3dba-7864-409d-b17b-53588173be5e,70,80,150,7,5,12,77,85,162,1,5
2023-11-24,1797bd25-33de-412b-909e-34e2936ac286,169,170,339,11,0,11,180,170,350,1,12
2023-11-24,17bd845a-bfca-4f40-996f-0f15d54123df,4,5,9,7,0,7,11,5,16,1,2
2023-11-24,17c4d6b9-e07a-45ec-830a-9802126242e4,15,21,36,11,15,26,26,36,62,1,8
2023-11-24,17d3c553-9a3e-479c-ab26-5d6b59a5e684,15,5,20,0,4,4,15,9,24,1,5
2023-11-24,17e28e5b-681f-49b3-b94c-b36b626b1dd0,48,27,75,16,0,16,64,27,91,1,4
2023-11-24,17f7e368-0218-4a3c-bcff-031fb22bda40,1,2,3,1,0,1,2,2,4,1,3
2023-11-24,18004220-a7b5-42f5-a75b-7e88783f2e9f,17,17,34,11,8,19,28,25,53,1,4
2023-11-24,181c0965-a2e1-4852-8a98-729fc2eb58f1,73,80,153,7,10,17,80,90,170,1,6
2023-11-24,182b364f-d1ed-4d16-a3f2-f0aba13c87a8,7,4,11,11,0,11,18,4,22,1,4
2023-11-24,1837f365-2f7c-4b1f-ace2-f8fe7261ceec,56,44,100,10,2,12,66,46,112,1,4
2023-11-24,183e0225-7781-4344-b407-cfadd7d715ad,2,5,7,0,1,1,2,6,8,1,2
2023-11-24,1863afdc-e9bf-4dbe-b157-c4ee9b3e8364,15,15,30,0,0,0,15,15,30,1,3
2023-11-24,187e7d9b-65e4-484d-af52-ea6b27da3cbf,9,11,20,39,13,52,48,24,72,1,4
2023-11-24,18896ad3-a12b-49af-80eb-88b8a6a2c555,4,7,11,17,2,19,21,9,30,1,4
2023-11-24,18add1d4-91cc-49ee-8fd6-b0302d0a7c92,14,22,36,0,0,0,14,22,36,1,3
2023-11-24,18d38fe7-5ea8-4de6-ab83-dc59b480bf41,25,17,42,5,0,5,30,17,47,1,3
2023-11-24,18e09c3d-9d76-4ee8-92c8-02ab2a66fe1c,26,22,48,9,3,12,35,25,60,1,5
2023-11-24,19032ccf-75f2-4924-b8d1-c64da4b30bda,10,5,15,3,0,3,13,5,18,1,6
2023-11-24,192fc016-e0dd-4491-944a-90446fbf2806,2,1,3,1,0,1,3,1,4,1,3
2023-11-24,194f74fd-3723-42b3-8c38-70e6579e2cad,1,0,1,46,0,46,47,0,47,1,4
2023-11-24,19753b35-2e22-49a5-b2b3-af133f1d9065,4,3,7,0,0,0,4,3,7,1,1
2023-11-24,19889c91-120c-417d-92cf-f88e75831466,0,0,0,2,2,4,2,2,4,1,1
2023-11-24,19937e05-6095-4521-a7ef-e93d6dcd0fa6,0,0,0,1,0,1,1,0,1,1,1
2023-11-24,199f2ed8-2cbc-45fd-9798-00801c20936e,39,57,96,1,0,1,40,57,97,1,7
2023-11-24,19a4591f-60d5-4ab4-afb7-b9b93f831907,5,5,10,0,1,1,5,6,11,1,4
2023-11-24,19c59af3-393a-45bf-89de-0eb3b3f6f5f0,37,34,71,0,0,0,37,34,71,1,8
2023-11-24,19dbecef-e1de-47bc-a6fd-48dcfcd550e3,7,8,15,0,0,0,7,8,15,1,2
2023-11-24,1a02384d-5fb6-45bd-8ab4-64ffc0ee082b,16,15,31,2,0,2,18,15,33,1,4
2023-11-24,1a121814-c821-42c5-a5f2-0d949df1fa2c,60,81,141,7,16,23,67,97,164,1,4
2023-11-24,1a1e7a75-14e2-45dc-94ef-4c197015cc0f,17,17,34,70,11,81,87,28,115,1,5
2023-11-24,1a31ba2b-dc60-4160-96bf-37bacc7124da,32,63,95,1,8,9,33,71,104,1,6
2023-11-24,1a578ac6-e810-4e2e-9092-f8b043ec4354,8,0,8,0,0,0,8,0,8,1,2
2023-11-24,1a82582b-07f9-4588-9964-449b1923f603,2,0,2,1,0,1,3,0,3,1,3
2023-11-24,1a923b0d-8ecc-4c1f-bbed-ca0c73d10164,21,20,41,0,0,0,21,20,41,1,3
2023-11-24,1aae3682-48a3-4ac2-a2e6-46378beb3094,5,15,20,9,0,9,14,15,29,1,4
2023-11-24,1ad8726c-2c4d-407e-acb6-9a6d0f17edd7,10,16,26,6,0,6,16,16,32,1,2
2023-11-24,1ae93e33-22d8-44d8-97d6-285621de37e1,27,26,53,3,2,5,30,28,58,1,6
2023-11-24,1b268f12-9602-4465-8c58-a42fcf19f961,6,4,10,0,0,0,6,4,10,1,3
2023-11-24,1b31d5a6-be6a-44e9-9044-804b0eaaede7,7,7,14,4,4,8,11,11,22,1,4
2023-11-24,1b4bf6c9-6d54-4b4b-a56e-8ddd83c7742a,54,110,164,8,5,13,62,115,177,1,4
2023-11-24,09d43c26-b5e0-478e-806f-f49c87a318b8,3,3,6,21,17,38,24,20,44,1,3
2023-11-24,09f02103-338e-46e8-8de5-9422852c7e9d,4,4,8,0,0,0,4,4,8,1,3
2023-11-24,0a27c31c-185c-446a-bd4b-8304f1cfb1ca,83,50,133,0,0,0,83,50,133,1,1
2023-11-24,0a3c0cda-7d99-456c-b98e-2b42a98181eb,25,9,34,138,12,150,163,21,184,1,5
2023-11-24,0a7520d7-e2cc-4c38-a3e7-c097d4127c15,82,84,166,2,8,10,84,92,176,1,10
2023-11-24,0a8dc3cd-2cdb-4e50-9ebe-bb4b962d9c8c,73,70,143,0,0,0,73,70,143,1,2
2023-11-24,0aa85d8d-0dc7-428b-9142-823f00b884d5,10,7,17,0,0,0,10,7,17,1,1
2023-11-24,0abc4622-fb9b-4b69-a3f2-3c108d1032a6,20,82,102,113,28,141,133,110,243,1,13
2023-11-24,0acd9944-4373-463d-9a55-78c60f8c35fe,37,21,58,32,4,36,69,25,94,1,5
2023-11-24,0ae2b90d-8861-4bd1-bf13-fd849437068b,14,20,34,0,0,0,14,20,34,1,1
2023-11-24,0aeff0e0-6dd4-4dc6-81cb-37ae6569d351,0,3,3,6,0,6,6,3,9,1,4
2023-11-24,0af9d8c7-74b2-4545-9d06-942d26d2f8a0,79,51,130,8,2,10,87,53,140,1,4
2023-11-24,0b0af540-5679-455d-8a2d-51d156cdbfa4,7,5,12,1,1,2,8,6,14,1,5
2023-11-24,0b224bad-076b-48aa-822e-e8dfd9065827,0,1,1,0,0,0,0,1,1,1,1
2023-11-24,0b4831c8-e96a-438c-9105-f9e5739c5722,5,4,9,1,1,2,6,5,11,1,3
2023-11-24,0b5c1a75-1a04-4172-b52c-75b0e4c9ecbf,4,16,20,0,0,0,4,16,20,1,2
2023-11-24,0b6930e3-39f5-4884-ac7e-909522e846fe,15,10,25,16,1,17,31,11,42,1,4
2023-11-24,0b860c70-bb22-4d22-b418-4d69d0779892,13,15,28,2,4,6,15,19,34,1,5
2023-11-24,0b9dfb04-eb0a-4634-919c-170969476944,3,3,6,0,0,0,3,3,6,1,4
2023-11-24,0ba9145c-2b9b-4ea4-90ba-a13ea29186fd,0,0,0,9,6,15,9,6,15,1,2
2023-11-24,0bc13418-75a9-46e3-9bdf-876d23a3f64e,58,54,112,52,29,81,110,83,193,1,13
2023-11-24,0bdc2924-f8ad-431f-b8f0-cf9f296be393,21,17,38,125,39,164,146,56,202,1,8
2023-11-24,0bf8091e-6d42-49bb-9b60-669550dfc6e3,1,0,1,0,0,0,1,0,1,1,1
2023-11-24,0c04f74b-9c0c-49cb-847c-16a8c293070d,0,4,4,3,0,3,3,4,7,1,2
2023-11-24,0c1e92df-c538-4ff1-9b43-af01b48ba76a,14,27,41,0,0,0,14,27,41,1,11
2023-11-24,0c2c681d-045b-42b2-805a-c37f3c2340ba,113,116,229,12,4,16,125,120,245,1,10
2023-11-24,0c3f2bdd-5834-4411-ac47-49967c2269b3,2,1,3,0,0,0,2,1,3,1,1
2023-11-24,0c537786-aea3-41a9-9d26-ed93d733690a,1,3,4,25,0,25,26,3,29,1,2
2023-11-24,0c5d4431-0925-4337-ae06-8d75310f7b41,12,19,31,0,0,0,12,19,31,1,5
2023-11-24,0c6ca73b-3ad7-4a58-ab9b-77197a14a468,54,74,128,131,59,190,185,133,318,1,20
2023-11-24,0c98a071-69d0-4900-a0bc-a42193211433,2,3,5,0,0,0,2,3,5,1,2
2023-11-24,0cb7cc22-64ff-484e-a83a-728a4fc2d9cf,4,12,16,10,8,18,14,20,34,1,3
2023-11-24,0cc5496c-ee60-4e02-86ef-c57d70095e1a,35,26,61,2,0,2,37,26,63,1,12
2023-11-24,0ce1c951-f5c7-43de-846c-f33fe482db7c,13,13,26,1,0,1,14,13,27,1,7
2023-11-24,0d066d31-6076-4419-ab93-47b00e6c45b0,31,38,69,46,26,72,77,64,141,1,13
2023-11-24,0d18b12e-8038-4b13-86ff-b8f8fbd54fc8,5,16,21,5,5,10,10,21,31,1,12
2023-11-24,0d2a7d74-41d7-4d6b-94d4-5baa0e2849a1,53,59,112,3,6,9,56,65,121,1,10
2023-11-24,0d4355ad-f4a4-4b34-8a68-850ee3f440ff,14,20,34,0,0,0,14,20,34,1,2
2023-11-24,0d55ec55-3204-45c7-96e3-f96664fa83b4,2,3,5,28,6,34,30,9,39,1,5
2023-11-24,0d654d7b-6545-4022-9418-bfc76226ac67,136,186,322,20,9,29,156,195,351,1,11
2023-11-24,0d8e6bb3-8ac7-4528-a641-43a072ec4a30,0,0,0,129,14,143,129,14,143,1,1
2023-11-24,0db1faad-de85-4673-b1de-b441fd3d907e,58,59,117,21,36,57,79,95,174,1,11
2023-11-24,0dbcb875-3368-4d2e-ad93-72e133c1749f,2,3,5,0,0,0,2,3,5,1,1
2023-11-24,0dd36880-961a-4af3-a924-73e605d862f0,11,13,24,0,0,0,11,13,24,1,5
2023-11-24,0df7d60a-e9da-4a3f-9aeb-eaa920d838d5,3,2,5,49,0,49,52,2,54,1,3
2023-11-24,0e1664d9-cb06-4823-b1fc-4347a3145c77,20,22,42,1,0,1,21,22,43,1,2
2023-11-24,0e249a1d-1e1f-4082-9237-0ec1989b4708,2,1,3,2,1,3,4,2,6,1,3
2023-11-24,0e33b3db-9a46-4cb8-95c1-905e8a827aec,71,68,139,0,0,0,71,68,139,1,6
2023-11-24,0e55d578-2b60-45b6-bd5f-5d6836db1f25,116,107,223,1,0,1,117,107,224,1,7
2023-11-24,0e5bfb2e-c271-44df-8876-4947b839f4c7,80,83,163,127,53,180,207,136,343,1,14
2023-11-24,0e744baf-bfaf-4744-b6ac-efc99449fde4,33,40,73,1,8,9,34,48,82,1,6
2023-11-24,0e7c5881-ed92-4a4d-9582-8f861caa2d12,2,1,3,0,0,0,2,1,3,1,1
2023-11-24,0e91bf45-617b-43e5-a4a9-b36d0e269e45,91,81,172,29,8,37,120,89,209,1,3
2023-11-24,0e9dfb61-9001-473c-ab1b-ca5f9b2fa04a,5,15,20,0,13,13,5,28,33,1,3
2023-11-24,0eb8b701-17df-4e43-9833-7fef4702c536,2,0,2,0,0,0,2,0,2,1,1
2023-11-24,0ec9e9a0-7ae9-4f03-a1bf-555f801e057e,2,1,3,0,0,0,2,1,3,1,3
2023-11-24,0ed82c58-244f-4d61-a64a-3582abdda5a5,12,7,19,0,2,2,12,9,21,1,2
2023-11-24,0ef14c4a-105e-4819-89c2-5cf541f2cdf2,25,39,64,0,1,1,25,40,65,1,14
2023-11-24,0f0b46d6-3416-4c66-b4e3-0562956ba2df,49,49,98,1,1,2,50,50,100,1,1
2023-11-24,0f2733fc-05bb-41d7-9051-b06860f20d67,14,15,29,0,0,0,14,15,29,1,6
2023-11-24,0f4dde5e-c93d-4e31-9664-e14e6784cebe,5,5,10,0,0,0,5,5,10,1,4
2023-11-24,0f690279-c265-42bb-ac76-f7f4f6b0da82,9,21,30,1,1,2,10,22,32,1,2
2023-11-24,0f8d6b10-a322-4c82-bf99-874e6a850b58,2,5,7,0,2,2,2,7,9,1,2
2023-11-24,0f9bdf16-12f1-448f-b238-6cec20712935,0,0,0,5,0,5,5,0,5,1,1
2023-11-24,0fb45412-303a-4c99-8aaf-ef437c4b9442,7,5,12,1,1,2,8,6,14,1,1
2023-11-24,0fc36e2d-b566-45d5-95db-a42db9f94cc3,5,0,5,0,0,0,5,0,5,1,3
2023-11-24,0fd5a643-c03b-468c-87d8-42796bf5a639,240,243,483,61,34,95,301,277,578,1,9
2023-11-24,0ffba19a-1eda-4065-9226-6600a9e81a50,1,6,7,0,0,0,1,6,7,1,1
2023-11-24,1001393b-7c14-4792-89e4-309f854a3a77,13,3,16,1,0,1,14,3,17,1,9
2023-11-24,102a803a-6d09-42aa-81d3-8ddbbf8f5a4d,66,156,222,0,7,7,66,163,229,1,12
2023-11-24,103bf291-e03b-42d5-a6ff-ba38af2a02e5,13,11,24,0,0,0,13,11,24,1,2
2023-11-24,106c1f61-166b-4694-a011-a799e2c977fa,2,0,2,6,4,10,8,4,12,1,4
2023-11-24,1075a52d-ad3a-476e-809c-d197682dc386,2,0,2,0,0,0,2,0,2,1,2
2023-11-24,1083aedc-45f8-428e-a99c-66dc0db16c8c,3,2,5,16,0,16,19,2,21,1,4
2023-11-24,10a233c4-7b3c-4fb8-906c-d1a4d5934f80,13,17,30,0,2,2,13,19,32,1,3
2023-11-24,10ba1918-726f-45bc-975b-0dbf9b9ba432,10,12,22,17,15,32,27,27,54,1,5
2023-11-24,10d4772f-8fd0-4405-b0f4-45d28e2c6e4b,93,61,154,24,1,25,117,62,179,1,5
2023-11-24,10e07228-0930-44c2-9a66-ce01b0b2cfb3,1,0,1,0,0,0,1,0,1,1,1
2023-11-24,10ed3b64-fbbf-497d-b7ac-e6f8bea52a31,3,4,7,3,4,7,6,8,14,1,2
2023-11-24,11134818-68a2-4f2e-8d4c-3cefd1b9a645,17,21,38,1,0,1,18,21,39,1,6
2023-11-24,11570188-7fbf-4754-a1e2-fcadf17852a2,2,2,4,1,0,1,3,2,5,1,2
2023-11-24,1177b852-812b-42ae-9bca-c700d4fea2e0,1,3,4,5,4,9,6,7,13,1,3
2023-11-24,11824eaa-9c0f-44b7-845e-bcd05dfa5f6b,0,0,0,34,1,35,34,1,35,1,1
2023-11-24,118b0517-6c9a-4e7c-9210-b32ff53160bf,19,26,45,1,2,3,20,28,48,1,1
2023-11-24,119accaf-955f-4464-b487-04ab66cee088,1,0,1,0,0,0,1,0,1,1,1
2023-11-24,11c5fc0d-6879-4050-a77b-4eaab7d93213,1,1,2,0,0,0,1,1,2,1,1
2023-11-24,11db1a02-bbc1-48a2-ab47-b6f46c3903b2,4,4,8,37,21,58,41,25,66,1,5
2023-11-24,11e79b0e-fe1a-4f7e-a09b-ac6c9b352e95,4,3,7,2,1,3,6,4,10,1,2
2023-11-24,120f8c28-2606-4a42-9e05-76f981ee74cd,4,2,6,0,1,1,4,3,7,1,2
2023-11-24,12239985-8da4-44b9-86c8-77aa4e7dd1e0,44,42,86,2,0,2,46,42,88,1,5
2023-11-24,123fa67e-831c-4a26-9b83-efd0fb58f0d5,1,2,3,1,0,1,2,2,4,1,2
2023-11-24,1250e690-ccac-48a5-9d78-63c24ee0ad0c,16,17,33,0,0,0,16,17,33,1,3
2023-11-24,125f217e-3e3e-4cf0-afdb-714bda6d09f2,20,28,48,1,2,3,21,30,51,1,6
2023-11-24,1268483a-b03e-425e-95eb-a186193cc0ac,40,45,85,0,0,0,40,45,85,1,7
2023-11-24,12813ed3-6a3c-4872-95be-782d17f7acdf,0,0,0,20,19,39,20,19,39,1,1
2023-11-24,12be87fa-cdff-4c67-98c2-cd71ed2246ae,49,46,95,45,19,64,94,65,159,1,8
2023-11-24,12da2529-b244-4bef-92d8-f2380a6c32d5,13,19,32,1,0,1,14,19,33,1,4
2023-11-24,13035ba2-47c8-424e-a833-5730a5b53b79,3,9,12,0,0,0,3,9,12,1,2
2023-11-24,1313a80c-98b7-4585-ac87-8278b1d27e95,5,10,15,0,0,0,5,10,15,1,4
2023-11-24,1320a18a-d928-4910-9a1c-9f42d3093139,2,6,8,15,9,24,17,15,32,1,4
2023-11-24,133c670f-7a5e-4333-9377-fefebf465676,38,81,119,0,1,1,38,82,120,1,3
2023-11-24,134f0053-3936-4f20-b8c1-22c2fbd36055,261,313,574,20,11,31,281,324,605,1,17
2023-11-24,137d34e7-015a-4099-b0bc-4321aaee8e86,27,19,46,3,0,3,30,19,49,1,6
2023-11-24,13968ced-4dd3-47b7-9dba-64e0ba308031,0,0,0,4,0,4,4,0,4,1,1
2023-11-24,13a1ce3a-0120-492a-a212-b1ae3203b2d2,101,112,213,21,5,26,122,117,239,1,10
2023-11-24,13bddb1d-48e9-4826-93c6-46589fe8aebe,64,73,137,3,5,8,67,78,145,1,10
2023-11-24,13ef8439-9795-4348-8e20-c6cdd82e6c6b,45,56,101,0,8,8,45,64,109,1,6
2023-11-24,13fe500c-ab4c-467f-a959-4d7a1e970f9d,3,0,3,0,0,0,3,0,3,1,2
2023-11-24,14197391-ce2a-40c3-92a2-bb5314b24908,9,8,17,0,0,0,9,8,17,1,2
2023-11-24,14230668-cde1-4b42-9d66-d6d55f0bf455,1,3,4,0,3,3,1,6,7,1,2
2023-11-24,143e368b-9498-485b-a7ae-587877475c4b,15,13,28,3,0,3,18,13,31,1,4
2023-11-24,145337e4-acbe-4b7d-9244-229c3fdf6ded,10,14,24,1,0,1,11,14,25,1,3
2023-11-24,146a5218-252a-4e59-b1d8-a55949d4d34a,31,55,86,73,64,137,104,119,223,1,6
2023-11-24,14854fef-caa1-4ba7-ade5-a5f3515686ed,0,0,0,2,0,2,2,0,2,1,1
2023-11-24,14a12978-4c87-4f77-9fff-9f91bce40a75,1,2,3,0,0,0,1,2,3,1,2
2023-11-24,14c969de-c710-4c8b-a7be-3bdaae64b2a0,21,26,47,1,1,2,22,27,49,1,9
2023-11-24,14e9e7cb-1bbf-4ffb-a6f0-6afa7b0f27cf,0,7,7,1,5,6,1,12,13,1,4
2023-11-24,150cee2d-6f97-45a4-b26c-df906d7b3c19,10,10,20,6,5,11,16,15,31,1,5
2023-11-24,1532a9e9-30f2-4432-988f-acd67a8c2cc2,35,31,66,31,25,56,66,56,122,1,2
2023-11-24,1546d11b-72fe-4b15-bbff-a94e33f2ed2b,5,0,5,1,1,2,6,1,7,1,6
2023-11-24,1560a6ea-46b5-4e26-9428-18313b07aea2,67,83,150,46,16,62,113,99,212,1,24
2023-11-24,1569fec3-1ab2-4357-a6ca-3bb50b0b3515,2,2,4,0,0,0,2,2,4,1,2
2023-11-24,1596f191-a47b-42da-8686-b4357e0416de,220,224,444,6,0,6,226,224,450,1,10
2023-11-24,15af8708-e2d2-4dab-9d35-feafe759e73c,15,9,24,3,0,3,18,9,27,1,5
2023-11-24,15d4f5c3-0563-4bc1-9722-9b31797839a2,3,2,5,23,1,24,26,3,29,1,5
2023-11-24,15de7806-cb3b-419e-846f-2546baa69a87,3,2,5,1,0,1,4,2,6,1,2
2023-11-24,15e8643b-7125-4340-b9b8-49d77e0befed,9,11,20,5,0,5,14,11,25,1,2
2023-11-24,16173933-c651-43ac-8369-a0d9dfd2d44f,2,9,11,8,0,8,10,9,19,1,3
2023-11-24,16365601-1a05-427a-8abb-8ae2ae9906e1,4,19,23,9,1,10,13,20,33,1,8
2023-11-24,16415e9c-b2a9-4b94-8c3b-386ae7c151e0,57,68,125,3,3,6,60,71,131,1,11
2023-11-24,165872ae-216e-4e8a-bb97-8b2267aa5409,39,28,67,2,1,3,41,29,70,1,4
2023-11-24,166f4779-952a-43e0-855c-e95ad449a275,9,7,16,0,0,0,9,7,16,1,3
2023-11-24,1683ed98-5bfc-4ea1-9492-7fe72db1a464,7,0,7,0,0,0,7,0,7,1,2
2023-11-24,169a2bbd-80fa-43d9-b2ec-e86a46d63bca,1,0,1,1,0,1,2,0,2,1,2
2023-11-24,16a38c41-9fec-4d7c-b93e-77db147659ab,12,22,34,0,1,1,12,23,35,1,2
2023-11-24,16b12c20-2164-48c4-95f5-aca459d52d16,15,25,40,0,3,3,15,28,43,1,3
2023-11-24,16b8fe58-3027-483d-8f7f-c51be37c0fd1,7,5,12,10,3,13,17,8,25,1,5
2023-11-24,16c17c32-854b-43aa-8e2e-e673b480f732,10,14,24,21,1,22,31,15,46,1,4
2023-11-24,16cadca3-3e04-4404-8830-31107bbd3254,0,0,0,5,0,5,5,0,5,1,1
2023-11-24,16f640ed-9e91-4922-b71d-91c99976243a,3,2,5,1,5,6,4,7,11,1,3
2023-11-24,1719aa3d-903f-4679-b3c5-ee35a67d767d,3,1,4,0,0,0,3,1,4,1,1
2023-11-24,173d5907-bf29-4408-a8d1-645184a60ddc,7,5,12,15,10,25,22,15,37,1,2
2023-11-24,174c7a7a-12d3-4f12-8e58-f671a978d143,0,0,0,8,0,8,8,0,8,1,2
2023-11-24,176f2d9c-2f7f-420b-98d0-2529fa954148,10,10,20,6,1,7,16,11,27,1,7
2023-11-24,1793fd45-98e3-457f-8c2f-898577c4ce29,19,24,43,1,0,1,20,24,44,1,4
2023-11-24,17b2c219-e2c9-4d82-a872-73ddd2f7b2d3,5,4,9,4,3,7,9,7,16,1,2
2023-11-24,17c47a92-b45a-4e1d-82bf-b3bda4d60e6d,4,3,7,0,0,0,4,3,7,1,2
2023-11-24,17cfb64a-b141-4fcc-a41f-6de96a5189e2,0,0,0,5,0,5,5,0,5,1,2
2023-11-24,17e19320-3f8c-4118-a039-409e3015ef67,4,7,11,0,0,0,4,7,11,1,4
2023-11-24,17f142f5-7659-4ea2-9cc3-9322a2991368,13,8,21,3,2,5,16,10,26,1,3
2023-11-24,17fecacf-b7f6-47d7-a863-d67628141d43,1,0,1,0,0,0,1,0,1,1,1
2023-11-24,181a68f2-5b9b-4922-a04d-68919f4aff0a,37,63,100,13,2,15,50,65,115,1,9
2023-11-24,1826cfef-4c00-4cd8-8d93-c706c62e9789,11,0,11,11,0,11,22,0,22,1,6
2023-11-24,1837e2a2-b1c3-45b8-90b3-2236af53fd55,42,44,86,3,2,5,45,46,91,1,5
2023-11-24,183ddd42-2cb7-4de8-9f4b-b26aacefb342,40,36,76,0,0,0,40,36,76,1,9
2023-11-24,18557330-8582-4806-bb54-835325a69fec,0,0,0,11,2,13,11,2,13,1,1
2023-11-24,18793e61-a6c5-4e77-be93-337e02567b36,1,0,1,0,0,0,1,0,1,1,1
2023-11-24,1886f7da-b530-4a0d-86b4-46a03930e108,67,66,133,3,0,3,70,66,136,1,13
2023-11-24,18a65667-9025-4d39-97f7-d53fe17d23b4,21,17,38,0,0,0,21,17,38,1,4
2023-11-24,18b7f879-3f3f-47e9-8f4d-be2984cc07d8,2,2,4,0,0,0,2,2,4,1,1
2023-11-24,18ddb6da-1ad7-4f96-ab02-5cf6bf3e5f0b,6,5,11,0,0,0,6,5,11,1,2
2023-11-24,18fafe33-4a8d-46d2-9beb-60f614612b5c,29,38,67,6,0,6,35,38,73,1,17
2023-11-24,19266148-68be-4a9b-9769-4b33257cdc32,25,22,47,5,8,13,30,30,60,1,6
2023-11-24,194e3860-c606-455e-890c-e932c4da2f95,0,0,0,0,5,5,0,5,5,1,1
2023-11-24,1964ed17-8d42-4646-9853-809cd1c6c0e6,19,16,35,1,1,2,20,17,37,1,4
2023-11-24,1983d06f-9a39-44fc-8055-9d1127c6d346,5,2,7,135,11,146,140,13,153,1,5
2023-11-24,1990ca80-0c98-4898-91bf-14463cf4594c,0,1,1,0,0,0,0,1,1,1,1
2023-11-24,199e1003-c5ad-45f5-a2ff-bf7e0a4db1b4,32,27,59,25,15,40,57,42,99,1,5
2023-11-24,19a451b6-8d1d-45f2-85f7-878c7221f885,3,3,6,0,0,0,3,3,6,1,2
2023-11-24,19bc5d93-5143-437e-bbaa-b392bc67ac78,1,0,1,0,0,0,1,0,1,1,1
2023-11-24,19db5301-7b0a-4d25-a5b3-a74d7d863d9f,79,70,149,5,8,13,84,78,162,1,9
2023-11-24,19f8cc66-252e-4867-b7e9-d0fa7261266b,23,29,52,6,0,6,29,29,58,1,5
2023-11-24,1a09f7cb-9b9a-46a0-ac24-536042773348,3,3,6,21,12,33,24,15,39,1,5
2023-11-24,1a1c9510-c5af-463a-8129-917df526fc60,15,19,34,0,0,0,15,19,34,1,3
2023-11-24,1a2ede3a-3155-45b1-94b0-d869946631b1,2,2,4,0,0,0,2,2,4,1,1
2023-11-24,1a572b4f-a6fe-4a1d-af45-5b0cc98f67c1,40,54,94,1,0,1,41,54,95,1,5
2023-11-24,1a78c592-0e07-4d29-8e51-db23f7716d48,1,1,2,0,0,0,1,1,2,1,2
2023-11-24,1a91b771-e5bf-4315-bc9d-75970a424532,61,66,127,2,5,7,63,71,134,1,8
2023-11-24,1aad4aaf-8e45-42ef-b3c6-8a12f938b22e,95,114,209,3,1,4,98,115,213,1,2
2023-11-24,1ad2eb63-4f25-4c28-b838-3f2f92d1a53a,197,152,349,317,41,358,514,193,707,1,9
2023-11-24,1ae2ee38-aaf9-4ab7-9d43-f312d12082ec,81,93,174,5,1,6,86,94,180,1,3
2023-11-24,1b0b0468-6edf-4375-96ce-11baa0af75b1,2,3,5,121,17,138,123,20,143,1,5
2023-11-24,1b2cf8dc-5e88-4285-8ea2-5f9b443cb916,149,169,318,0,0,0,149,169,318,1,3
2023-11-24,1b49719d-a2e4-4123-8992-403ddd9c0eb1,0,1,1,0,0,0,0,1,1,1,1
2023-11-24,1b5b5944-7ebe-402b-b17f-41ab116c9bc4,34,53,87,0,2,2,34,55,89,1,3
2023-11-24,1b65e53a-8f4d-4821-9138-7ac2bb186e74,91,63,154,6,9,15,97,72,169,1,3
2023-11-24,1b7acb58-33ad-4080-8b31-7e6c0600b0d9,24,26,50,1,0,1,25,26,51,1,3
2023-11-24,1b9b4a50-cb5a-468f-9296-5288170d2b2c,407,296,703,33,3,36,440,299,739,1,14
2023-11-24,1bb94580-9628-4ba6-b039-36ae84ca2971,0,2,2,0,0,0,0,2,2,1,1
2023-11-24,1bc45909-28bf-4675-96f1-3cf7c45a6884,8,12,20,1,0,1,9,12,21,1,2
2023-11-24,1bd2ba5d-1cd2-459b-a9d5-69f1d61a1042,63,63,126,2,4,6,65,67,132,1,8
2023-11-24,1bd9499f-42af-4a34-8914-cc28e8780bed,5,5,10,0,0,0,5,5,10,1,1
2023-11-24,1be5e0c6-6896-456b-b782-1701612de7e7,0,0,0,1,0,1,1,0,1,1,1
2023-11-24,1bfadef9-6817-49ef-a3a0-49d55f47c962,0,0,0,1,0,1,1,0,1,1,1
2023-11-24,1c0dde9d-9556-4140-830b-5e1a5181c7b9,90,97,187,0,0,0,90,97,187,1,5
2023-11-24,1c317107-081d-48f0-bc52-ca9d6539a000,6,5,11,9,6,15,15,11,26,1,5
2023-11-24,1c5aac9c-097d-4c72-9015-7530f6706792,12,9,21,7,4,11,19,13,32,1,3
2023-11-24,1c6763ff-da6c-40b8-9335-08f2bfc1b154,4,8,12,29,0,29,33,8,41,1,11
2023-11-24,1c7e4986-e068-46a3-b8a6-42ed476ac80f,3,3,6,0,0,0,3,3,6,1,2
2023-11-24,1c9e7654-22d2-40d8-a02a-225740cda604,3,4,7,0,0,0,3,4,7,1,3
2023-11-24,1cbce65e-5c4c-4722-9b30-a8f2b7a3f0c8,52,58,110,0,1,1,52,59,111,1,6
2023-11-24,1cdb34b8-42f6-40e2-9c07-07a91926a079,60,64,124,0,2,2,60,66,126,1,15
2023-11-24,1d082a25-0a6c-4c9b-88c4-c7287f735aaf,2,3,5,0,0,0,2,3,5,1,1
2023-11-24,1d18219b-49ed-40a1-9ebe-98977cab423f,1,0,1,0,0,0,1,0,1,1,1
2023-11-24,1d50282d-d6be-4f7a-a881-2059233f8726,2,5,7,1,0,1,3,5,8,1,3
2023-11-24,1d63e24d-9bb7-44c5-ba06-c03c2559c83a,28,35,63,0,0,0,28,35,63,1,8
2023-11-24,1d8a9046-8af4-4f90-b950-8b593f235b6c,7,6,13,0,1,1,7,7,14,1,3
2023-11-24,1d980453-1bf3-4842-b188-3e1b10820595,10,7,17,1,1,2,11,8,19,1,4
2023-11-24,1db2ff86-c9a2-4b75-86fb-8e72afae469c,42,40,82,0,0,0,42,40,82,1,8
2023-11-24,1dbdb2a5-2dd6-4e7b-a8e6-fb562ae5db67,7,7,14,1,0,1,8,7,15,1,2
2023-11-24,1dc7fb5f-e529-44b0-a4b7-fab0ac834196,21,17,38,143,69,212,164,86,250,1,5
2023-11-24,1de736f4-8281-4c79-a91c-56be8e682c54,13,16,29,4,1,5,17,17,34,1,4
2023-11-24,1df36aeb-13e7-4ce9-8136-8eb7db4f6f06,6,2,8,0,0,0,6,2,8,1,3
2023-11-24,1e118bc5-296f-4a13-9c98-ea06e21792a2,4,5,9,0,3,3,4,8,12,1,2
2023-11-24,1e39bad1-950d-4be1-a87c-d2ea303fd0c9,0,0,0,17,5,22,17,5,22,1,4
2023-11-24,1e53789e-8e21-438d-87cd-d198728c7d56,8,10,18,3,0,3,11,10,21,1,1
2023-11-24,1e734710-f714-4045-84fd-6475d8016e35,19,20,39,14,2,16,33,22,55,1,4
2023-11-24,1e8c58b5-2234-4ae2-8f38-ce282da43de5,1,0,1,6,2,8,7,2,9,1,3
2023-11-24,1e97a1f5-0216-4a26-ab05-f63e8eda8823,71,188,259,9,41,50,80,229,309,1,7
2023-11-24,1ead21ed-9657-42e9-bb51-9763345c7001,5,17,22,2,3,5,7,20,27,1,4
2023-11-24,1ec6fdb7-55a7-462f-b731-3ad0a9887043,1,2,3,0,0,0,1,2,3,1,3
2023-11-24,1eed7ac4-8a32-4e5f-84f8-faf686d55520,5,10,15,9,1,10,14,11,25,1,5
2023-11-24,1efafee6-3a3e-4e15-8316-b19bb9461805,12,6,18,0,0,0,12,6,18,1,7
2023-11-24,1f06fa57-ce90-4f6a-a48c-d31e08a2bd69,7,5,12,0,0,0,7,5,12,1,3
2023-11-24,1f169fab-4715-425d-81a1-2b6ac2c9cea2,1,0,1,0,0,0,1,0,1,1,1
2023-11-24,1f2031a0-8f69-4bcc-bd74-4a4d668b820b,30,33,63,73,14,87,103,47,150,1,3
2023-11-24,1f2e7bd3-1bb2-4f6a-bb3b-e9b3147f2456,10,4,14,0,6,6,10,10,20,1,5
2023-11-24,1f39443b-f1b8-4bde-ad53-4b031e2607d0,4,12,16,1,1,2,5,13,18,1,4
2023-11-24,1f52c383-2392-4139-8f75-a76b2288f115,193,135,328,4,9,13,197,144,341,1,7
2023-11-24,1f652b08-b2a4-4885-9268-4df4d43623e2,25,30,55,81,70,151,106,100,206,1,7
2023-11-24,1f864ec7-c04d-4295-a221-4fd25a524112,10,2,12,0,0,0,10,2,12,1,1
2023-11-24,1f927342-2fe4-471a-b2e0-8368e25ee00e,15,10,25,0,0,0,15,10,25,1,2
2023-11-24,1fbf2a41-ad77-4e9f-b2ab-6f8de8465a98,1,0,1,0,0,0,1,0,1,1,1
2023-11-24,1ff0236f-35b8-4abb-a402-e8a736d17a02,1,3,4,0,0,0,1,3,4,1,2
2023-11-24,20159322-fe47-4c79-8983-5fce478b28ed,39,34,73,384,232,616,423,266,689,1,9
2023-11-24,205e6a3c-47a2-456c-a6cc-858f24044bc3,2,5,7,0,1,1,2,6,8,1,1
2023-11-24,206d2bf8-7ff9-4c06-8351-2d71dfcf1374,0,1,1,13,4,17,13,5,18,1,2
2023-11-24,20861905-2863-415a-bace-0692878ef429,6,10,16,34,16,50,40,26,66,1,3
2023-11-24,209c3f62-6820-4d03-8a44-f7e7016427ca,8,5,13,2,0,2,10,5,15,1,5
2023-11-24,20c22f93-912f-4360-807f-46b81dbddf6f,49,60,109,3,0,3,52,60,112,1,10
2023-11-24,20d27583-011c-40eb-9985-5ea685fb6c0c,0,0,0,2,1,3,2,1,3,1,1
2023-11-24,20f53145-4966-441a-bab9-b52de749d5e2,26,15,41,2,0,2,28,15,43,1,4
2023-11-24,210ab5fb-0f21-4c60-9137-ff12df6cf4a6,24,30,54,40,1,41,64,31,95,1,10
2023-11-24,211dba9e-5b55-4b06-ba90-82aa202b0b5f,4,6,10,0,1,1,4,7,11,1,2
2023-11-24,212adba8-a8ce-4fe6-8c00-d203bcf94b47,10,11,21,25,16,41,35,27,62,1,6
2023-11-24,21372c04-71dc-44d0-bea2-ccf5c84715ce,14,30,44,19,32,51,33,62,95,1,8
2023-11-24,21528342-d60e-4699-a0f5-0798249fec6f,0,6,6,0,0,0,0,6,6,1,2
2023-11-24,216e844e-f937-4487-b9da-326a6230939a,3,4,7,2,1,3,5,5,10,1,2
2023-11-24,2191b38f-378e-4401-91f1-7c4f20fd525a,27,20,47,0,0,0,27,20,47,1,2
2023-11-24,219b43cb-bcb6-4465-9ec3-67c862910f64,0,0,0,2,0,2,2,0,2,1,2
2023-11-24,21c599aa-8652-4539-ba00-96b11d5eb8aa,5,2,7,74,10,84,79,12,91,1,6
2023-11-24,21e7faca-96e2-44fb-9711-cabe5ac3ea70,32,27,59,9,1,10,41,28,69,1,5
2023-11-24,22083f61-5661-47c1-b62c-c38797459a5a,23,24,47,7,0,7,30,24,54,1,6
2023-11-24,222341f1-4df7-4fc7-b4db-45f435ea8609,92,135,227,4,4,8,96,139,235,1,7
2023-11-24,223ac350-bed1-4f42-8a99-1d0046865391,4,2,6,0,1,1,4,3,7,1,1
2023-11-24,225d1834-95ad-4286-8c60-85c004237eb2,14,18,32,0,0,0,14,18,32,1,3
2023-11-24,227c1889-d384-43c2-b100-ba42b3302c56,0,0,0,2,0,2,2,0,2,1,2
2023-11-24,2289958a-506b-47f9-b369-e97be3881dc0,1,0,1,1,0,1,2,0,2,1,1
2023-11-24,22905615-6806-41b5-a813-de4639ae5743,10,12,22,2,0,2,12,12,24,1,6
2023-11-24,22a730ef-8e1f-4bf7-949e-d3d4f810d4ba,77,85,162,8,8,16,85,93,178,1,10
2023-11-24,22e2ae74-b65f-4407-b509-f2535f9296fa,0,1,1,0,0,0,0,1,1,1,1
2023-11-24,22f848b6-c498-46f5-8e59-c67c7b7378b8,3,18,21,19,4,23,22,22,44,1,16
2023-11-24,232ddb83-94cd-493d-8879-ca2db5e68dcd,0,2,2,0,1,1,0,3,3,1,2
2023-11-24,2344f9b2-c591-44fe-90a9-2db1906571b3,52,35,87,29,6,35,81,41,122,1,6
2023-11-24,23555965-34c5-45ee-b56b-96295187cef5,43,46,89,0,2,2,43,48,91,1,5
2023-11-24,23697029-cc6c-4340-9e16-9fa88ec86f39,11,16,27,2,0,2,13,16,29,1,1
2023-11-24,23764908-2683-4f5f-90eb-f289c7e551e9,1,4,5,0,3,3,1,7,8,1,2
2023-11-24,238ba8e2-e9d6-42cb-b07b-74677def0466,2,0,2,4,0,4,6,0,6,1,4
2023-11-24,23a2677c-4052-4d23-b592-719e08b3ddfc,14,7,21,0,0,0,14,7,21,1,7
2023-11-24,23b68305-cfdd-41c7-a08b-c2e475170903,1,2,3,3,1,4,4,3,7,1,3
2023-11-24,23d05575-1fe4-4240-a29f-50d62ac9ca0e,21,25,46,1,2,3,22,27,49,1,13
2023-11-24,23e76089-ce2a-4edd-8bf8-05bb120f6b5f,7,10,17,0,0,0,7,10,17,1,3
2023-11-24,2402efef-119b-401f-8ab4-ebc2b97ececc,8,42,50,19,6,25,27,48,75,1,5
2023-11-24,241452c8-8c3c-4d1b-8915-54ffb5f719be,5,6,11,0,0,0,5,6,11,1,1
2023-11-24,24268557-cdcc-4deb-b9d8-73e035c0aafa,0,1,1,0,0,0,0,1,1,1,1
2023-11-24,244a99c7-acb7-481d-b84a-60a323cec3fd,42,65,107,5,6,11,47,71,118,1,7
2023-11-24,1b57ef25-450c-473f-b480-e8042c9b022a,9,12,21,2,0,2,11,12,23,1,3
2023-11-24,1b63b02c-d9d6-4204-8ecd-e9ee64791000,14,14,28,1,1,2,15,15,30,1,7
2023-11-24,1b784b49-5781-4829-9eda-8bda16d57b33,1,0,1,0,0,0,1,0,1,1,1
2023-11-24,1b99ee89-2430-4fac-9a00-9d091609e0ec,29,39,68,2,4,6,31,43,74,1,4
2023-11-24,1bb843d1-b41d-4dfc-86a9-77956ef21567,0,0,0,3,4,7,3,4,7,1,2
2023-11-24,1bc3d77f-1e37-484e-aa80-175d4ee7d272,10,9,19,21,11,32,31,20,51,1,6
2023-11-24,1bd177eb-dc47-4077-9a34-1443eeae5b94,5,3,8,15,0,15,20,3,23,1,5
2023-11-24,1bd916dd-5496-4b0b-8c4f-8dcd8d7ec080,68,123,191,4,5,9,72,128,200,1,5
2023-11-24,1be4165e-5243-41b9-992d-9f4b99ca1a60,22,24,46,5,5,10,27,29,56,1,8
2023-11-24,1bf8c4fe-8817-4b2e-9289-9b6eb926f006,5,2,7,0,3,3,5,5,10,1,1
2023-11-24,1c0d26d1-4aa9-43c5-9d5c-1e44d3e52a05,3,2,5,44,36,80,47,38,85,1,3
2023-11-24,1c2e0f63-0bb9-4401-a3c0-7fa4d6a48c27,15,10,25,1,25,26,16,35,51,1,6
2023-11-24,1c3be812-858a-4a16-ad06-c4a375e22c99,46,61,107,3,1,4,49,62,111,1,3
2023-11-24,1c6608ee-221f-4efd-8668-d1b1ca2e20e2,1,1,2,89,8,97,90,9,99,1,2
2023-11-24,1c7c0ec3-1c44-4c38-986f-30bb8ca836f3,1,1,2,3,0,3,4,1,5,1,2
2023-11-24,1c96dd7c-9e58-48c7-a518-4251b6a347c7,18,27,45,1,0,1,19,27,46,1,3
2023-11-24,1cb6dcba-4c7c-4611-9dc2-027f246e365c,70,43,113,5,1,6,75,44,119,1,8
2023-11-24,1cc9f6a4-baf6-49bd-9b61-325e1487a96a,2,7,9,2,0,2,4,7,11,1,2
2023-11-24,1cec5ae6-6c26-432d-b010-d582edf6c8c5,1,1,2,8,0,8,9,1,10,1,2
2023-11-24,1d1772bf-b3d7-4b80-b1af-06bb3ccf5e68,197,250,447,5,8,13,202,258,460,1,8
2023-11-24,1d4b69be-6f05-460d-8d59-b89ba62ef564,84,112,196,0,1,1,84,113,197,1,11
2023-11-24,1d6377a4-f513-4f2f-aee2-3f39e6330a98,0,3,3,9,4,13,9,7,16,1,2
2023-11-24,1d878150-c024-40cd-bf09-126a36bedd63,1,3,4,0,0,0,1,3,4,1,2
2023-11-24,1d96e0eb-8e4b-457a-b5d7-fe755ab4a125,886,853,1739,9,10,19,895,863,1758,1,10
2023-11-24,1db0458e-60b0-4e4e-ba94-943d8fec83e5,102,126,228,5,11,16,107,137,244,1,2
2023-11-24,1dbd016e-1fd3-46bf-95f9-64b081cc007c,11,32,43,0,3,3,11,35,46,1,6
2023-11-24,1dc6e9b2-c23f-4261-a4be-06022724e8c4,11,6,17,1,0,1,12,6,18,1,4
2023-11-24,1de1a71a-05b7-4b0f-9863-e62ce1863f76,58,88,146,0,3,3,58,91,149,1,11
2023-11-24,1def368b-0892-427d-9742-6d4456f8519a,54,71,125,4,1,5,58,72,130,1,6
2023-11-24,1e02b6f3-1609-4e8d-b5bf-39d6c5029682,2,6,8,10,2,12,12,8,20,1,8
2023-11-24,1e2fa0be-9cca-4f5f-8305-5001725e1dae,45,33,78,2,5,7,47,38,85,1,4
2023-11-24,1e5277c2-fd0e-4ec7-802b-7887575912d3,9,5,14,1,0,1,10,5,15,1,7
2023-11-24,1e6fb8e4-d9a0-47a5-b6e5-57ad15b7207f,3,3,6,0,0,0,3,3,6,1,2
2023-11-24,1e864983-c125-46f5-a0e6-cc4cd1fd6527,21,13,34,0,0,0,21,13,34,1,3
2023-11-24,1e96e2d2-dcca-4439-ad4b-a0ca00646743,138,186,324,6,7,13,144,193,337,1,7
2023-11-24,1eaa7a01-2353-4f06-854b-8b005f57beb9,203,198,401,1,2,3,204,200,404,1,5
2023-11-24,1ec609cc-d3c1-494c-ada5-6ff1e48526b4,11,16,27,44,15,59,55,31,86,1,3
2023-11-24,1ee96ab9-2d95-4500-af89-fc29a59aa986,0,0,0,147,2,149,147,2,149,1,1
2023-11-24,1ef5bd92-49cb-458b-91e1-f0ac2f7736ee,9,10,19,2,0,2,11,10,21,1,2
2023-11-24,1f025411-4199-4ea5-bd2d-4808f9bcd92d,36,40,76,0,0,0,36,40,76,1,2
2023-11-24,1f1013de-cb77-45d8-98fd-e21b2aeed7a4,4,12,16,3,1,4,7,13,20,1,3
2023-11-24,1f1d87a4-24ed-4338-b0de-223c92352d74,2,2,4,39,4,43,41,6,47,1,3
2023-11-24,1f2d43c2-c442-4c62-91a7-6604e92fbc97,7,4,11,1,0,1,8,4,12,1,5
2023-11-24,1f3553b3-9e86-4177-aa28-3bdf7c0384dc,0,0,0,1,0,1,1,0,1,1,1
2023-11-24,1f4ecfbf-fafe-4077-9120-a2ad60dde802,26,25,51,1,1,2,27,26,53,1,6
2023-11-24,1f62ceee-af4d-4dfd-b918-0f61cac56202,3,2,5,1,0,1,4,2,6,1,3
2023-11-24,1f843427-85a8-40b9-848d-8d2bb7792db9,2,3,5,0,0,0,2,3,5,1,1
2023-11-24,1f90a30c-9f8c-483e-96d6-a8713019d4c5,3,4,7,1,0,1,4,4,8,1,3
2023-11-24,1fbe5363-96f3-4628-8a9d-7acd3941f5df,6,8,14,0,0,0,6,8,14,1,2
2023-11-24,1fe31e79-3fe1-4038-afc9-481206698849,114,131,245,2,3,5,116,134,250,1,19
2023-11-24,20101846-50bb-4801-b031-f63b4dcba4e8,4,7,11,0,0,0,4,7,11,1,2
2023-11-24,205ced74-de1b-47d6-85ab-f7dbe60b48c8,12,13,25,0,3,3,12,16,28,1,4
2023-11-24,2067b8d8-1bf2-47a0-a182-db330110ef7d,3,0,3,0,0,0,3,0,3,1,3
2023-11-24,20828bd1-907c-4f72-a225-04421cdade7f,176,155,331,73,13,86,249,168,417,1,13
2023-11-24,209ba245-46e1-4756-ad2a-80d3ac8ef3b9,12,0,12,2,0,2,14,0,14,1,6
2023-11-24,20bb7485-8cc4-46a0-a25d-31d3c7c94c8b,1,2,3,0,0,0,1,2,3,1,1
2023-11-24,20c98c72-8fa3-4d54-b466-c580c57f825a,6,2,8,0,0,0,6,2,8,1,4
2023-11-24,20f3a689-00d6-411b-94ad-017ed136c4cc,23,28,51,2,0,2,25,28,53,1,4
2023-11-24,21070a8b-c652-480e-8331-709cd9c50a3d,12,16,28,4,0,4,16,16,32,1,4
2023-11-24,211db9ec-7b6a-4642-971b-ac1e5d8e22c0,33,28,61,14,9,23,47,37,84,1,7
2023-11-24,21274fab-7b55-4773-a705-40fb38db279e,3,1,4,21,25,46,24,26,50,1,3
2023-11-24,21347595-56d9-4ed9-aa1d-d388c5b117b2,31,34,65,0,0,0,31,34,65,1,5
2023-11-24,214a5b6b-bd46-49a5-8ed6-430c3808c427,6,3,9,1,0,1,7,3,10,1,2
2023-11-24,21617a51-a3c0-4603-ae7a-3048ceb0281c,18,19,37,1,0,1,19,19,38,1,4
2023-11-24,218bab91-42b8-4aba-9ebd-fa564a50ae0d,0,0,0,13,13,26,13,13,26,1,2
2023-11-24,2198936e-9b81-4a44-a55a-daf12a71ca87,24,21,45,7,7,14,31,28,59,1,6
2023-11-24,21c2dde0-ae2c-4a2f-9679-a636e7eec6ac,23,14,37,6,0,6,29,14,43,1,14
2023-11-24,21e4400e-b623-4ef1-8f8e-f16458fa301b,6,5,11,7,6,13,13,11,24,1,2
2023-11-24,22057106-eb79-4a3d-99b3-d6b13a77488d,5,0,5,1,0,1,6,0,6,1,5
2023-11-24,22218507-25ba-42ee-82e4-d182fa281574,0,0,0,1,0,1,1,0,1,1,1
2023-11-24,22372aed-a47f-43ac-9d88-f24bbe3659b2,5,4,9,77,48,125,82,52,134,1,9
2023-11-24,224ec0ef-ca9b-49e9-8ec1-66e5af2d9857,56,42,98,14,5,19,70,47,117,1,11
2023-11-24,2274a3d0-4f2f-49ca-afce-fbd455f62d03,8,0,8,5,0,5,13,0,13,1,6
2023-11-24,228904db-8fa4-4c43-8066-48e080d84eff,1,0,1,180,68,248,181,68,249,1,2
2023-11-24,228f5424-4ad7-4711-a743-b2fdc387a8e9,1,10,11,10,10,20,11,20,31,1,5
2023-11-24,229f6e51-071c-4ed5-92c3-cacb8c39d27f,4,19,23,0,2,2,4,21,25,1,2
2023-11-24,22dbfaaf-9782-41f3-b977-99df18cb666d,29,36,65,0,0,0,29,36,65,1,4
2023-11-24,22f80ec5-aa3e-4e5f-8da3-6ff4f2a47ba7,1,0,1,7,0,7,8,0,8,1,4
2023-11-24,230f0dc8-e3f5-479f-8b56-2c2e6d15b96c,1,10,11,0,0,0,1,10,11,1,2
2023-11-24,2344b7ba-b1ae-4e78-8f72-7e2fefdab3cb,1,0,1,0,0,0,1,0,1,1,1
2023-11-24,234fb3a1-ff13-4e54-afd6-7d0f07a3cdee,7,1,8,0,1,1,7,2,9,1,1
2023-11-24,236800cb-07c3-4fd9-879f-10e9b21c7beb,2,4,6,3,1,4,5,5,10,1,2
2023-11-24,236ea718-9b68-4a68-afa6-0155a5d6ac6f,3,1,4,27,1,28,30,2,32,1,6
2023-11-24,238100ed-8152-4e83-9adf-9a89dc9b0744,1,5,6,1,0,1,2,5,7,1,2
2023-11-24,23a1100f-22b0-427e-9ead-fda04d3bd738,87,108,195,4,2,6,91,110,201,1,6
2023-11-24,23b4da8e-f269-4b57-92fc-c1d9fcb741ae,16,0,16,0,0,0,16,0,16,1,1
2023-11-24,23cd4545-242d-4e6d-be69-bc2281f04561,6,2,8,3,2,5,9,4,13,1,3
2023-11-24,23e3712a-85bb-4489-b30c-4acb6a369dcc,1,12,13,1,7,8,2,19,21,1,3
2023-11-24,240264d4-357b-47da-b553-7384079374fb,6,13,19,10,18,28,16,31,47,1,4
2023-11-24,2410963d-c560-4772-b999-cdad1da8ca46,2,2,4,0,0,0,2,2,4,1,2
2023-11-24,24224a7c-966f-42ce-b604-2ed73a31556f,1,0,1,0,0,0,1,0,1,1,1
2023-11-24,2444cc31-de97-4e23-a52b-3279261b1425,5,3,8,0,1,1,5,4,9,1,1
2023-11-24,245ef2d5-d0b6-43f9-a551-a38448403f5f,64,99,163,15,26,41,79,125,204,1,3
2023-11-24,247671e3-361d-42a3-a36f-8cea2e1206e4,1,2,3,0,0,0,1,2,3,1,1
2023-11-24,249c5e2b-bf61-4cfd-971a-40590b4524da,1,0,1,0,0,0,1,0,1,1,1
2023-11-24,24c5a237-d4df-477f-abca-943c79764486,2,4,6,0,1,1,2,5,7,1,3
2023-11-24,24d2e59a-1200-465d-86e9-d5fbdb8e4870,4,5,9,0,0,0,4,5,9,1,1
2023-11-24,24f52ea5-0d3a-47a8-90fc-90b199d82f0a,22,21,43,6,1,7,28,22,50,1,6
2023-11-24,25182938-85ba-4d6f-abab-258881ad19f1,200,216,416,746,59,805,946,275,1221,1,8
2023-11-24,25324544-3829-4ebb-819b-9fe001baac2d,2,0,2,2,0,2,4,0,4,1,4
2023-11-24,25548cbb-8443-4b06-8b6e-18697646a5fe,15,13,28,1,5,6,16,18,34,1,5
2023-11-24,257b22d5-477c-4611-b6eb-8b9f87a9ce4b,5,9,14,3,0,3,8,9,17,1,4
2023-11-24,25944327-fbc9-412a-92b8-5a72ee9a1379,29,26,55,2,4,6,31,30,61,1,6
2023-11-24,25abb7c6-9eef-4624-952b-8fc422945cdb,31,25,56,12,0,12,43,25,68,1,2
2023-11-24,25c5ca96-4b58-49cc-b7f0-006198c379ee,6,6,12,0,0,0,6,6,12,1,3
2023-11-24,25cfe075-4ca8-45d7-99a5-1648af19e416,24,25,49,28,19,47,52,44,96,1,5
2023-11-24,25edfbe4-9013-4168-a669-14ebcd3bf993,23,19,42,1,0,1,24,19,43,1,2
2023-11-24,25fa1e0a-083d-4f8a-8f5d-41bcd280f03d,0,0,0,1,1,2,1,1,2,1,1
2023-11-24,26225345-b664-4a07-b31d-20dd15bd8378,1,0,1,0,0,0,1,0,1,1,1
2023-11-24,262ccf46-8fb9-48ba-aefb-81cdb1d085ce,7,11,18,1,0,1,8,11,19,1,4
2023-11-24,264c341f-726d-4739-85c1-ce12928422a3,4,3,7,19,12,31,23,15,38,1,4
2023-11-24,26647699-cc58-47dd-aa4a-3484bde0dbaf,34,35,69,1,0,1,35,35,70,1,1
2023-11-24,268627d7-ea57-4bf2-8dc4-cafef0096387,5,0,5,0,0,0,5,0,5,1,1
2023-11-24,26a5151f-0cea-40ca-9512-4db8b17c38b3,16,15,31,10,2,12,26,17,43,1,3
2023-11-24,26c5fb5c-da13-4e2b-8d3d-a4261f8fe62e,14,18,32,0,2,2,14,20,34,1,6
2023-11-24,26dc6370-2695-4ec4-8040-655ff534b532,12,8,20,0,0,0,12,8,20,1,2
2023-11-24,26f54a1a-3802-4d4d-8707-a9e9dcde10ea,9,18,27,3,2,5,12,20,32,1,4
2023-11-24,26fcd666-660c-48f9-9f3f-834e398522a3,22,19,41,0,2,2,22,21,43,1,5
2023-11-24,270aa4db-f4d7-42a2-80a1-ba1d8d6074a5,38,103,141,26,2,28,64,105,169,1,11
2023-11-24,27156064-31d6-403f-b24b-3960b7e7932e,2,1,3,0,0,0,2,1,3,1,1
2023-11-24,272a6a40-122c-4157-82ee-80b5c10b5924,16,23,39,1,9,10,17,32,49,1,3
2023-11-24,273ad61e-798b-49a0-b637-30957d8c6401,9,12,21,136,8,144,145,20,165,1,5
2023-11-24,2760c78c-5966-4880-a9a4-6ff379f4decc,25,24,49,0,0,0,25,24,49,1,5
2023-11-24,2767c27d-976b-4332-9a81-e78397338d89,4,8,12,1,0,1,5,8,13,1,3
2023-11-24,277ff1cf-b9f7-4540-a094-5d886b08be70,2,0,2,0,0,0,2,0,2,1,2
2023-11-24,27929927-e550-4727-b964-c13ea727a4cb,26,40,66,15,12,27,41,52,93,1,8
2023-11-24,27b251d3-8dbc-4aa8-a58d-07b022e99e0a,89,65,154,50,8,58,139,73,212,1,10
2023-11-24,27d723f6-09bc-4b39-91d7-bb9d8dc310e7,1,4,5,0,0,0,1,4,5,1,2
2023-11-24,27ef2ea2-e1cf-46bb-9bf7-8346e470c5b1,3,5,8,23,2,25,26,7,33,1,6
2023-11-24,27fa3c57-838c-4229-a3e8-4cbbaa59183b,1,0,1,0,0,0,1,0,1,1,1
2023-11-24,28100d66-536f-4147-b398-22f896849d94,18,19,37,1,3,4,19,22,41,1,8
2023-11-24,282e4d29-669f-4e31-a798-9ec6f0f85441,0,0,0,0,1,1,0,1,1,1,1
2023-11-24,283eeea5-c022-4f6f-8b18-8ac93daa45c7,6,0,6,50,2,52,56,2,58,1,6
2023-11-24,284bc8a8-39fc-4000-b90a-3d4c52c6090f,4,3,7,19,1,20,23,4,27,1,4
2023-11-24,2877ab44-7bea-4092-ac0f-c97fcfcc6af6,4,3,7,0,0,0,4,3,7,1,1
2023-11-24,2880fd15-fa7b-4a80-8d26-23cb4b96b054,15,22,37,3,2,5,18,24,42,1,5
2023-11-24,28a73e38-e9b4-4a72-9cb2-1fcfb331762e,2,0,2,0,0,0,2,0,2,1,1
2023-11-24,28bd9e3e-f8a2-4922-9ce6-de587819f481,1,0,1,0,0,0,1,0,1,1,1
2023-11-24,28f4cb17-6ad0-49da-9a01-7543a927ca69,4,0,4,0,0,0,4,0,4,1,4
2023-11-24,2926f4f0-0d15-47fc-8f6a-eb5d30ed2f41,218,299,517,5,38,43,223,337,560,1,9
2023-11-24,292fe392-3132-4f48-bdc2-f2da07c940e1,91,103,194,3,6,9,94,109,203,1,9
2023-11-24,294930a0-261d-4a42-bde9-48c55c6488db,1,6,7,0,0,0,1,6,7,1,3
2023-11-24,29643167-8a87-400a-a520-f52e00c5922a,8,6,14,2,1,3,10,7,17,1,3
2023-11-24,2977c75f-dc82-4dce-bc2a-edbb5619d19f,1,0,1,9,3,12,10,3,13,1,4
2023-11-24,29941757-b0c5-42ee-bc65-e93a921e4420,3,3,6,24,0,24,27,3,30,1,5
2023-11-24,299b48af-4d78-4b32-b164-e7087680177b,57,103,160,0,0,0,57,103,160,1,12
2023-11-24,29ba1deb-846e-45cc-939d-bb6944a2b6f7,9,13,22,0,1,1,9,14,23,1,3
2023-11-24,29e23dcf-ec83-4d18-9f6d-b7e456711bbb,39,28,67,2,1,3,41,29,70,1,3
2023-11-24,29f990d6-e9b2-4e73-8dae-9e47cddcf84e,0,0,0,25,1,26,25,1,26,1,3
2023-11-24,2a0cea03-be59-482b-b479-ee2dcb1d5b7a,29,40,69,0,1,1,29,41,70,1,8
2023-11-24,2a4589fa-fcae-40d5-a955-fd01e13481da,66,68,134,93,14,107,159,82,241,1,6
2023-11-24,2a51b7e3-50d9-4474-b551-d5358f72f571,60,52,112,1,1,2,61,53,114,1,9
2023-11-24,2a57a1bc-2210-4579-8cdd-8028a52ec4f4,8,6,14,1,4,5,9,10,19,1,6
2023-11-24,2a741155-c9a1-4205-bcc3-c5c3fb6b66af,5,7,12,34,2,36,39,9,48,1,6
2023-11-24,2a963165-fa22-4185-827c-ba6930945838,106,114,220,19,9,28,125,123,248,1,8
2023-11-24,2ab08655-f849-4078-9df9-9aecf452ad49,16,12,28,5,5,10,21,17,38,1,5
2023-11-24,2ad45833-51df-4074-b98a-22d72b8b75c7,8,11,19,23,7,30,31,18,49,1,5
2023-11-24,2af66de8-b790-466e-b24f-d14e8fa46388,36,52,88,9,0,9,45,52,97,1,12
2023-11-24,2b1437ab-b9b9-4600-ab72-5be7f5d4659c,4,6,10,0,0,0,4,6,10,1,1
2023-11-24,2b2f2692-ddbb-462e-9c85-bf2d0346ff68,135,170,305,2,6,8,137,176,313,1,5
2023-11-24,2b4db9b0-c69a-4f68-b160-37bc32e670ef,66,44,110,1,0,1,67,44,111,1,5
2023-11-24,2b682581-4b8d-42c5-92ab-16683f56683c,32,89,121,79,36,115,111,125,236,1,15
2023-11-24,2b7fc546-465f-4c2d-8f26-034bf09fa480,14,11,25,5,3,8,19,14,33,1,5
2023-11-24,2b909864-0ebc-4696-8ff7-803af7e79fcf,35,31,66,188,29,217,223,60,283,1,9
2023-11-24,2bc98eaf-ef38-479b-adae-45ed251761f9,34,22,56,3,0,3,37,22,59,1,9
2023-11-24,2bee0f6c-be62-40a3-877d-865348f4842f,2,3,5,24,0,24,26,3,29,1,2
2023-11-24,2c0b6838-4bd9-4bce-b0c6-cd7d4f4cfdfb,12,1,13,6,0,6,18,1,19,1,4
2023-11-24,2c120d42-2a26-4193-9667-7e77050d84aa,0,0,0,1,0,1,1,0,1,1,1
2023-11-24,2c503995-db5a-49c4-8e5d-2ed8659d7cf6,0,0,0,15,0,15,15,0,15,1,2
2023-11-24,2c56dd76-f687-4d73-9d40-5a1682029a5b,9,8,17,2,0,2,11,8,19,1,3
2023-11-24,2c6a0112-6d58-46a4-82d6-98a54e420b9e,52,59,111,1,1,2,53,60,113,1,8
2023-11-24,2c9d8c88-6d1d-4bc1-82e7-0fb91f7eb95c,40,15,55,2,0,2,42,15,57,1,4
2023-11-24,2ca79d27-4b2c-4064-922d-2f1c96a92b40,12,12,24,34,42,76,46,54,100,1,4
2023-11-24,2cb75b27-d5e1-4aa5-aee7-70f034edd555,85,76,161,6,7,13,91,83,174,1,9
2023-11-24,2cbf83d0-be20-4c91-a50a-33ab727cf83d,1,0,1,1,1,2,2,1,3,1,2
2023-11-24,2cdb8734-7930-4451-b53d-a0c354090e3d,0,5,5,0,0,0,0,5,5,1,1
2023-11-24,2cf38d8d-881d-4920-8de2-9c4937781628,70,80,150,21,1,22,91,81,172,1,9
2023-11-24,2d0da3c9-ed28-4826-8d31-91672c028655,0,0,0,1,0,1,1,0,1,1,1
2023-11-24,2d1c5bfb-6464-42f3-848f-bba297e3a5c3,0,0,0,2,0,2,2,0,2,1,2
2023-11-24,2d2b50c0-d579-4f6a-8588-5e5d9b9ccf20,5,9,14,0,0,0,5,9,14,1,1
2023-11-24,2d33f299-4e76-4830-a8a0-bc16a89c5052,1,13,14,0,0,0,1,13,14,1,2
2023-11-24,2d5d757a-8fbc-41fd-a078-b1d70fef890b,4,5,9,87,35,122,91,40,131,1,2
2023-11-24,2d7aafbc-0d14-47d7-b13c-2a4f4283c81e,5,3,8,0,0,0,5,3,8,1,2
2023-11-24,2d8db6d9-e36c-4f4b-b402-625bc3c3b2f7,3,3,6,0,0,0,3,3,6,1,1
2023-11-24,2d9fbbd0-c92f-476e-8b14-a04af8371378,23,40,63,1,1,2,24,41,65,1,3
2023-11-24,2dae6acd-cc96-44d8-b377-4535f2952360,33,16,49,0,0,0,33,16,49,1,5
2023-11-24,2dbeeb47-07ea-4544-b3d1-a7b4eb70fc40,12,6,18,7,4,11,19,10,29,1,7
2023-11-24,2dfc2bc9-8ac1-4368-89a8-e3cdab8c47e5,7,5,12,0,0,0,7,5,12,1,2
2023-11-24,2e1f50e9-d6af-41bc-ba5e-a873f52394d2,118,128,246,3,6,9,121,134,255,1,9
2023-11-24,2e48f364-8266-4e6f-9e52-1719e8a1fd86,1,0,1,0,0,0,1,0,1,1,1
2023-11-24,2e5c2056-9601-449a-8344-21711fca3c0e,2,0,2,19,0,19,21,0,21,1,3
2023-11-24,2e803729-0de7-4184-bda5-e369f07caf91,19,16,35,3,4,7,22,20,42,1,5
2023-11-24,2ea5c5a8-0326-4109-831e-be4b939bbbbf,2,0,2,0,0,0,2,0,2,1,2
2023-11-24,2ec1b66f-a85c-497f-ae1a-9ad902fc6684,11,2,13,9,2,11,20,4,24,1,13
2023-11-24,2edfc695-963d-4b19-a105-e2895ce7f9a6,4,12,16,31,0,31,35,12,47,1,4
2023-11-24,2ef8ea25-fd05-437e-a963-797cab7074a8,48,54,102,2,3,5,50,57,107,1,8
2023-11-24,2f0b5bc0-435c-4aaa-91b4-76323e17e43e,66,78,144,11,7,18,77,85,162,1,4
2023-11-24,2f1ea9a2-c62e-4381-a1bf-16f24bd31807,29,27,56,0,5,5,29,32,61,1,3
2023-11-24,2f293bbb-120a-4715-9acb-2a949b23fa38,3,3,6,11,0,11,14,3,17,1,3
2023-11-24,2f4593d3-dd26-43e2-9e50-df3acce0e6fb,27,17,44,3,5,8,30,22,52,1,4
2023-11-24,2f56e1a5-ef6b-45c1-9a99-e1fb29b01770,6,6,12,0,0,0,6,6,12,1,2
2023-11-24,2f6f0234-ccc6-4b1a-b1c9-2dddb66fd94c,6,4,10,0,0,0,6,4,10,1,1
2023-11-24,2f907cb5-9ac1-4390-9a92-253646184394,23,22,45,3,2,5,26,24,50,1,11
2023-11-24,2f9faef6-8853-400d-a857-a1e90c868859,3,0,3,3,0,3,6,0,6,1,6
2023-11-24,2fbe735c-2355-4b24-95eb-df0f6e95f106,4,6,10,0,0,0,4,6,10,1,4
2023-11-24,2fcf9080-ce62-4f54-8bca-bc1d0878d1a8,1,0,1,0,0,0,1,0,1,1,1
2023-11-24,2ff9867d-6666-4b61-8190-be450376ac41,4,5,9,0,1,1,4,6,10,1,4
2023-11-24,30050e90-02fb-48d7-b734-39363afd80a4,55,78,133,15,7,22,70,85,155,1,8
2023-11-24,30152216-ccdf-465f-a330-7db9a7bb356c,80,109,189,4,2,6,84,111,195,1,5
2023-11-24,301f44f3-75cd-48a9-b611-7e0dfcd34884,12,9,21,0,0,0,12,9,21,1,6
2023-11-24,3044cb34-1708-43e2-a0c6-44cf862ef0df,4,8,12,6,2,8,10,10,20,1,3
2023-11-24,30587424-3990-4301-ab8e-41f4d350a738,13,11,24,132,100,232,145,111,256,1,2
2023-11-24,306ecb87-52d8-49f3-9a00-d155b6717187,1,0,1,0,0,0,1,0,1,1,1
2023-11-24,30ace1a2-b9b3-4839-ade7-7fb276565316,0,2,2,0,0,0,0,2,2,1,1
2023-11-24,30ccdc53-f993-45cd-b93f-cfe154b7813c,3,1,4,0,0,0,3,1,4,1,2
2023-11-24,30e28aba-ce7a-4758-a281-b282071c1f10,0,0,0,6,0,6,6,0,6,1,2
2023-11-24,310c2fa3-79d9-474d-9302-436914c2d6b8,1,0,1,1,1,2,2,1,3,1,3
2023-11-24,311a17b8-0e53-41bf-9b67-b86af01eb053,3,5,8,0,0,0,3,5,8,1,3
2023-11-24,3126adbf-71f0-44aa-a057-b4a26c286f37,282,395,677,2,6,8,284,401,685,1,1
2023-11-24,3134c1c3-823b-4802-b049-31c17b1d04a4,40,34,74,0,0,0,40,34,74,1,1
2023-11-24,314f23b9-437b-4142-b3ef-e08201ff64d1,13,18,31,6,0,6,19,18,37,1,4
2023-11-24,317f836e-8389-4cc3-a6a4-986af3983597,48,41,89,23,5,28,71,46,117,1,10
2023-11-24,318ed0a7-92ee-435e-aa16-ee6526aff0bf,10,8,18,0,0,0,10,8,18,1,2
2023-11-24,31aab5bc-759b-491f-b00c-1e92fa1aa303,2,0,2,0,0,0,2,0,2,1,2
2023-11-24,31b1d3aa-cab4-42f7-9564-d62698e4800d,127,103,230,4,1,5,131,104,235,1,7
2023-11-24,31c27cd4-e196-4b43-a27a-86bea4eab50f,0,1,1,0,0,0,0,1,1,1,1
2023-11-24,31d5b174-b37e-4a28-9a8d-45d1a5d0b95f,54,41,95,3,7,10,57,48,105,1,6
2023-11-24,31eccf3b-f9e1-4e9c-915a-5e5a2dfaddca,255,330,585,41,22,63,296,352,648,1,24
2023-11-24,32244927-500e-4596-a47c-a1db4f394e81,782,737,1519,55,21,76,837,758,1595,1,7
2023-11-24,323a517d-8797-4133-81c7-51722ee51e48,0,4,4,0,0,0,0,4,4,1,2
2023-11-24,324c0e14-5043-46ee-af2a-548be54c669b,37,53,90,19,5,24,56,58,114,1,6
2023-11-24,326a2e37-411a-4ce9-ba2f-c3d3332595ee,0,0,0,3,0,3,3,0,3,1,1
2023-11-24,32895c02-3d64-4d73-94bf-031d4e20007c,20,37,57,1,1,2,21,38,59,1,3
2023-11-24,32bca8eb-278a-4c6b-a4c1-940356bf3ea3,1,2,3,13,18,31,14,20,34,1,4
2023-11-24,32d4fdce-ee46-4850-89a1-7bc4a908e507,2,0,2,1,1,2,3,1,4,1,4
2023-11-24,32ee35fe-3fe2-4d76-b7ee-d38198899442,33,58,91,1,2,3,34,60,94,1,4
2023-11-24,331560b9-95fa-4cf3-869b-04a1eb15c10c,18,11,29,1,0,1,19,11,30,1,3
2023-11-24,3332b40e-87ae-47b8-89d9-51282927e6ed,0,0,0,1,1,2,1,1,2,1,1
2023-11-24,3345eda8-d856-4792-9e00-8c66f58b43af,45,40,85,52,12,64,97,52,149,1,7
2023-11-24,3363ffdb-0d7d-4e71-8bef-a13c0fc99cdb,77,85,162,4,2,6,81,87,168,1,6
2023-11-24,3389936b-a590-46a5-b2a0-060bec273fe3,2,1,3,2,1,3,4,2,6,1,2
2023-11-24,33926858-d16a-4949-83c5-da377865e84c,9,3,12,0,0,0,9,3,12,1,5
2023-11-24,33a3b821-4b7d-419f-8799-52f2cbf4d8c6,0,0,0,1,0,1,1,0,1,1,1
2023-11-24,33b06048-75ea-4a89-bc48-b3e5d79693ed,0,0,0,0,1,1,0,1,1,1,1
2023-11-24,33cc2082-957f-4aa3-bd78-92642c9a2708,0,2,2,0,1,1,0,3,3,1,1
2023-11-24,33df5dfd-5e36-4921-81f3-9674e5a5a256,3,8,11,19,3,22,22,11,33,1,4
2023-11-24,33fd4738-565c-48c9-ae40-a6e7b67cd3bd,0,0,0,0,3,3,0,3,3,1,1
2023-11-24,342333d5-a4f9-468a-bf43-af48b91f7eb1,1,1,2,0,1,1,1,2,3,1,2
2023-11-24,344428e9-6c1a-4c9f-b993-e9dce5393863,3,6,9,6,1,7,9,7,16,1,5
2023-11-24,345d05c1-148f-4be2-81fb-79846b2c2c6a,168,207,375,8,24,32,176,231,407,1,3
2023-11-24,3473de28-68ce-44d5-9941-3d575149c54b,10,8,18,1,0,1,11,8,19,1,4
2023-11-24,349375f9-4673-4710-ac1d-a840d8910b7b,134,72,206,5,1,6,139,73,212,1,6
2023-11-24,34c56d03-6f63-4d29-a08b-359b9310b36e,39,60,99,51,59,110,90,119,209,1,14
2023-11-24,34df4030-9b3d-4cb0-9c8a-cec32a557728,60,61,121,2,1,3,62,62,124,1,4
2023-11-24,34e4082e-a529-44af-a4d1-0b8b9fdc2de8,4,0,4,8,3,11,12,3,15,1,3
2023-11-24,34f4f38e-940e-458b-aef2-468a9d6637e9,18,28,46,5,4,9,23,32,55,1,4
2023-11-24,35108388-2c43-47dd-856e-b3b0f5d4ff20,17,5,22,1,0,1,18,5,23,1,6
2023-11-24,3522408e-d1e2-4d7b-a85b-b8a3702b18b4,2,9,11,2,0,2,4,9,13,1,8
2023-11-24,35287fe7-581b-490a-96e2-bbd7f7d93321,18,23,41,66,0,66,84,23,107,1,7
2023-11-24,35331569-589c-476f-a1b9-95c176bf4b0c,42,48,90,1,2,3,43,50,93,1,6
2023-11-24,35688df7-9e52-4887-a7da-0781a5a5f40a,1,0,1,0,0,0,1,0,1,1,1
2023-11-24,35783e03-cead-4b53-adac-72b050b39141,0,1,1,0,0,0,0,1,1,1,1
2023-11-24,3593782c-0739-4836-adc1-79b0c7ae6343,16,16,32,0,5,5,16,21,37,1,2
2023-11-24,35a6630d-46db-4bc7-a4e6-eec16f0a7caa,11,14,25,0,0,0,11,14,25,1,3
2023-11-24,35b4bc07-1524-41f5-9f3d-e9dbc1c06cce,39,26,65,18,9,27,57,35,92,1,11
2023-11-24,35c5cf4c-b595-4e36-883c-7951fc1abc11,12,26,38,1,0,1,13,26,39,1,1
2023-11-24,35d89c61-4e7f-40ab-9a63-c024b73302bf,1,6,7,0,4,4,1,10,11,1,2
2023-11-24,35e4a530-4779-454d-9e7f-9307a725e459,1,1,2,0,1,1,1,2,3,1,2
2023-11-24,35fe5ecd-3308-46f3-be43-71eb482a7912,1,1,2,0,0,0,1,1,2,1,1
2023-11-24,3607141f-5105-4689-bafa-f3b63eda6abb,2,1,3,0,0,0,2,1,3,1,2
2023-11-24,3620fc43-8c67-4b1d-ae1e-24b036036225,29,37,66,0,0,0,29,37,66,1,4
2023-11-24,36396ef7-c12d-457f-aae4-223eaaffbb2d,14,7,21,3,2,5,17,9,26,1,6
2023-11-24,36571605-2c8c-4ea9-b0d1-a9417b0717c2,0,0,0,34,12,46,34,12,46,1,2
2023-11-24,366ddc51-c68f-4bac-a311-297a1e11e7a6,0,1,1,2,0,2,2,1,3,1,1
2023-11-24,3680afca-bd2a-41bc-b3f3-06a542ae64d5,6,15,21,1,0,1,7,15,22,1,5
2023-11-24,3689fe09-1e18-4144-b512-ad0b3c0b8496,0,0,0,2,0,2,2,0,2,1,1
2023-11-24,3699e5e1-5a27-46df-8229-313ad040e580,71,82,153,2,6,8,73,88,161,1,3
2023-11-24,36ae90c8-603d-4b86-a008-e5403bb888ea,16,10,26,0,0,0,16,10,26,1,7
2023-11-24,36bb9d00-65f2-452a-9f76-82c150b286b9,4,1,5,0,0,0,4,1,5,1,3
2023-11-24,36d63b1e-2dd3-4d22-b169-f2e95928680d,17,12,29,4,12,16,21,24,45,1,2
2023-11-24,36f02a04-bc2c-46eb-a47a-d670c617797e,0,2,2,0,0,0,0,2,2,1,1
2023-11-24,37366663-5db7-42dc-8b08-be1887be4902,2,4,6,22,0,22,24,4,28,1,3
2023-11-24,374cb46c-da4e-4f80-bd21-bdffc9c0034e,11,9,20,1,0,1,12,9,21,1,1
2023-11-24,376100d2-4bac-4321-aa92-bf061c1c8bc1,39,53,92,36,11,47,75,64,139,1,12
2023-11-24,378580c6-41b7-4e1e-bd2a-c4d6c406f2e7,15,0,15,0,0,0,15,0,15,1,9
2023-11-24,37aed62b-2da6-4904-8d8f-7d93a13c7a93,7,8,15,8,3,11,15,11,26,1,5
2023-11-24,37dc8a5b-d1c6-4399-a36b-c453759eea53,4,5,9,0,0,0,4,5,9,1,2
2023-11-24,37ef1d74-774a-462f-9687-aac042fe348d,10,12,22,1,1,2,11,13,24,1,2
2023-11-24,37fe9d66-deae-473a-917c-2baa076b56a1,15,11,26,0,1,1,15,12,27,1,6
2023-11-24,3809679b-b3cb-4c1d-8e38-cefee05abf97,8,7,15,5,0,5,13,7,20,1,4
2023-11-24,38206143-2cd7-4ffe-8a55-e82a02fc8981,32,37,69,23,0,23,55,37,92,1,4
2023-11-24,38279759-7626-414d-b670-94a8fafefa15,0,1,1,0,0,0,0,1,1,1,1
2023-11-24,38419147-3260-4b54-9496-ac126e241062,5,4,9,8,3,11,13,7,20,1,3
2023-11-24,3866c0a8-0a39-47ab-87ba-473afa5b255c,6,21,27,0,0,0,6,21,27,1,3
2023-11-24,38755e30-b99b-454f-9737-10321c1d7c44,2,2,4,0,0,0,2,2,4,1,1
2023-11-24,388c59c6-15ec-4f08-9f00-0f9532634885,2,6,8,1,1,2,3,7,10,1,2
2023-11-24,38b3e571-9f83-498d-8d06-d4d2689bc11b,243,298,541,3,1,4,246,299,545,1,12
2023-11-24,38ded9ac-923b-479c-b803-125e21e5eced,1,0,1,0,0,0,1,0,1,1,1
2023-11-24,38ef4fc0-dd5a-4958-a778-1ce2ffa53c51,18,33,51,4,0,4,22,33,55,1,6
2023-11-24,3906aae1-beb2-4491-b45a-e3de8a19b323,2,5,7,0,0,0,2,5,7,1,2
2023-11-24,39139919-f54c-4458-b9d4-b9dfcf5fa901,11,14,25,1,0,1,12,14,26,1,3
2023-11-24,392c451d-d86c-421a-87f7-857a70fa0ac4,3,2,5,0,0,0,3,2,5,1,4
2023-11-24,393feea3-b7f6-42f2-80ec-0f34c6acbd81,82,118,200,53,2,55,135,120,255,1,13
2023-11-24,39551047-b621-45ea-a92a-3dc583b712dc,33,24,57,3,0,3,36,24,60,1,4
2023-11-24,396a1b2d-baee-4891-97e9-206fb30b6d80,0,0,0,14,0,14,14,0,14,1,1
2023-11-24,3987300a-47a9-4728-a04f-ec692ea8a1cc,1,0,1,0,0,0,1,0,1,1,1
2023-11-24,39b9dbf8-e7f5-4693-bcd6-091ac54da25e,0,0,0,9,0,9,9,0,9,1,1
2023-11-24,39cb1967-faa8-44bb-8bad-47c893a7ddcc,18,27,45,0,0,0,18,27,45,1,4
2023-11-24,39e2f178-d0ec-4ec0-b9d5-2b5181b2f5c1,11,14,25,37,0,37,48,14,62,1,7
2023-11-24,39f4e650-a76d-482a-8186-a667ef4766ce,5,3,8,59,10,69,64,13,77,1,3
2023-11-24,3a0e5fe7-f071-41dc-92c4-46ec7588ba23,25,19,44,18,10,28,43,29,72,1,6
2023-11-24,3a395d2a-49f9-4127-8c3a-9504249821da,1,0,1,11,0,11,12,0,12,1,2
2023-11-24,3a5c8b97-3e10-4e1b-8023-518650021df6,59,69,128,5,0,5,64,69,133,1,3
2023-11-24,3a824e3c-5a28-4e74-ada6-68082664e082,6,5,11,67,22,89,73,27,100,1,2
2023-11-24,3aaf5736-0e75-4030-92fd-1efa0e57bef7,5,3,8,0,0,0,5,3,8,1,2
2023-11-24,3ad2772b-72d6-4a5d-ac68-afcb15e47547,10,12,22,3,0,3,13,12,25,1,7
2023-11-24,3afd4cb2-d144-4fc4-b773-299073b96b39,213,258,471,56,32,88,269,290,559,1,7
2023-11-24,3b1d0fa4-378d-4e41-8568-87f31ee62bc9,1,0,1,0,0,0,1,0,1,1,1
2023-11-24,3b32f3ff-377c-4f6d-b223-268096a07a19,1,1,2,11,0,11,12,1,13,1,2
2023-11-24,3b492a28-e0e5-424f-88bb-ca7d464242ef,34,29,63,15,37,52,49,66,115,1,6
2023-11-24,3b6b3bfd-0631-4d11-9192-eb53fa0df182,51,80,131,7,5,12,58,85,143,1,10
2023-11-24,3b861e97-f2e4-4f70-8387-6eaefc2b7ab9,1,1,2,0,0,0,1,1,2,1,1
2023-11-24,3b984fd3-9204-4be2-b1a8-edc98523d97a,44,47,91,2,0,2,46,47,93,1,5
2023-11-24,3bcac777-35bb-4e54-9703-9e49d845ed9b,260,224,484,42,4,46,302,228,530,1,9
2023-11-24,3bd521f2-234f-424b-9aa8-6f0bd58c0e41,2,0,2,8,1,9,10,1,11,1,4
2023-11-24,3bef2e07-17de-4b67-be4f-815e680e675a,2,1,3,0,0,0,2,1,3,1,2
2023-11-24,3c0941eb-bc3c-4bcd-b583-1e35928169f9,0,5,5,0,0,0,0,5,5,1,1
2023-11-24,3c196daa-0fe9-435b-9225-000507843bf1,5,3,8,3,0,3,8,3,11,1,3
2023-11-24,3c30d735-706a-40f0-a990-5d461ff5a811,71,89,160,51,1,52,122,90,212,1,13
2023-11-24,3c535931-0507-4c10-84bb-3a62de25f10b,2,0,2,5,0,5,7,0,7,1,3
2023-11-24,3c7a75dc-0a47-43d0-a654-eaf55cce0134,0,0,0,64,8,72,64,8,72,1,2
2023-11-24,3c89f325-59a6-4748-adbf-7d91af8f7bab,112,158,270,69,26,95,181,184,365,1,7
2023-11-24,3ca2935e-3851-4509-920a-b5295b47db70,2,3,5,0,0,0,2,3,5,1,1
2023-11-24,3cac6f04-b657-4ae6-a3d4-7d13b0d28a5a,133,181,314,7,6,13,140,187,327,1,12
2023-11-24,3cd058e6-12e5-473a-9688-89104bfad18a,2,3,5,0,0,0,2,3,5,1,2
2023-11-24,3cdbaf64-d0e9-41fd-a5f4-b5f636454156,4,1,5,3,0,3,7,1,8,1,7
2023-11-24,3cf95bc9-a2cf-49de-8132-80cb4bdc6b79,41,50,91,1,0,1,42,50,92,1,1
2023-11-24,3d21d288-f578-458e-8e75-d801c00f1d9c,1,3,4,0,0,0,1,3,4,1,2
2023-11-24,3d348e5f-c9be-4d93-8398-8ff80a294d26,2,0,2,0,0,0,2,0,2,1,1
2023-11-24,3d56422e-9630-4bc3-ba31-99822cb17014,11,13,24,4,0,4,15,13,28,1,4
2023-11-24,3d74c536-385e-4dc6-82df-fe944aac6d32,11,13,24,17,18,35,28,31,59,1,2
2023-11-24,3d8b4051-947a-4d6b-a1e4-b0f95284ed1e,26,11,37,0,0,0,26,11,37,1,4
2023-11-24,3db2815b-6c12-41ca-b229-ccd67a62ccd0,2,5,7,7,3,10,9,8,17,1,6
2023-11-24,3def4e39-2eb5-4d7f-8f87-fbdc7e07be13,12,16,28,20,5,25,32,21,53,1,7
2023-11-24,3e1a4c80-1a9a-4fd9-b756-071d9fc4bbf1,1,1,2,0,1,1,1,2,3,1,2
2023-11-24,3e2904c0-25a1-42e5-a311-720b796c9dff,5,6,11,2,1,3,7,7,14,1,4
2023-11-24,3e4347a2-8188-4573-9223-8a9236784b1b,3,1,4,9,0,9,12,1,13,1,4
2023-11-24,3e714c3b-8cba-4e6e-98e6-cae704c2be4a,3,0,3,0,0,0,3,0,3,1,3
2023-11-24,3e9cb000-7a9b-4134-945f-a8ae3ff65f2b,50,48,98,2,0,2,52,48,100,1,4
2023-11-24,3eb35d69-b0f1-4057-8c9b-c916bb2f1212,15,13,28,284,4,288,299,17,316,1,7
2023-11-24,3ec9ed4d-0441-48c2-944e-b68a85cac8bd,4,2,6,12,9,21,16,11,27,1,5
2023-11-24,3ed5698d-c4c1-4dc8-99de-36f4b94c4d25,262,245,507,110,73,183,372,318,690,1,14
2023-11-24,3ee3abde-47cf-4eb5-8991-b8a78ae3cd86,0,0,0,1,0,1,1,0,1,1,1
2023-11-24,3ef6a461-5dc9-439b-be91-66686072afaa,67,98,165,1,7,8,68,105,173,1,4
2023-11-24,3f127434-05e9-4f55-a4aa-fa53a5631980,1,0,1,0,0,0,1,0,1,1,1
2023-11-24,3f31397f-3252-4b6f-8da8-e62b5aba0cb5,30,42,72,1,0,1,31,42,73,1,7
2023-11-24,3f516891-f7d9-4679-9ce2-eae7d36165cc,6,4,10,0,1,1,6,5,11,1,3
2023-11-24,3f9fe6a0-8127-46b5-a50e-b414e90161be,13,24,37,0,1,1,13,25,38,1,4
2023-11-24,3fb6bc8a-1d2d-456a-8f4c-cc7e4813b9c5,21,25,46,10,1,11,31,26,57,1,7
2023-11-24,3fe8438f-4bd9-4490-9ed8-d8e1e677fdb5,54,89,143,32,45,77,86,134,220,1,6
2023-11-24,3ff7571a-d51e-460c-b419-6676e0999f6b,16,34,50,1,2,3,17,36,53,1,6
2023-11-24,40044cf3-ce5b-494d-8d20-a4c8131ddf75,37,37,74,58,6,64,95,43,138,1,15
2023-11-24,4026112d-2fbd-4fff-8467-d22e8457769d,7,15,22,0,0,0,7,15,22,1,5
2023-11-24,403f9ef6-f88a-4d46-8e4d-02b8aff2d840,9,13,22,71,1,72,80,14,94,1,5
2023-11-24,4053337b-0eb7-4600-8947-80949511b57c,9,9,18,4,0,4,13,9,22,1,3
2023-11-24,409630a3-6027-481a-bc71-90b00d304dfc,8,2,10,7,0,7,15,2,17,1,7
2023-11-24,40ca3be9-7056-4ab2-a733-19c7c316f2be,15,26,41,10,0,10,25,26,51,1,5
2023-11-24,40e14f4c-ac11-4e77-b898-96afd8bac8cf,59,59,118,10,7,17,69,66,135,1,9
2023-11-24,40fa78a5-257f-4e91-ae77-b5ec91c87d1d,68,70,138,20,34,54,88,104,192,1,9
2023-11-24,41092a4d-b20b-41a3-ad8a-5b577174be5a,2,2,4,0,6,6,2,8,10,1,4
2023-11-24,41202dc3-5268-4073-9346-bae562633fe8,5,6,11,102,1,103,107,7,114,1,5
2023-11-24,41276255-81d3-4fe8-90dd-43da337b3af7,5,8,13,0,0,0,5,8,13,1,4
2023-11-24,4132b08a-880c-4c2b-8a5b-6653b84ffe93,90,72,162,2,2,4,92,74,166,1,5
2023-11-24,41492367-bc4e-4e00-9245-7695a0abff57,12,9,21,1,0,1,13,9,22,1,4
2023-11-24,415d7194-a871-4e32-b974-bc7760aeba97,25,32,57,26,11,37,51,43,94,1,8
2023-11-24,41931cf3-aacb-43cc-8da1-fc0d001d0a7f,2,2,4,1,0,1,3,2,5,1,1
2023-11-24,41a50c7e-6885-4a64-b8c1-9a00d733122a,10,8,18,0,0,0,10,8,18,1,1
2023-11-24,41b6b0e6-2431-481d-8c43-3e358b849a86,9,5,14,4,0,4,13,5,18,1,4
2023-11-24,41c4433b-da78-4b8f-b67b-9321a9c561ae,3,6,9,1,0,1,4,6,10,1,4
2023-11-24,41d7647a-b17e-47df-84e5-58e739821520,5,1,6,2,1,3,7,2,9,1,3
2023-11-24,41e367f4-d250-4f87-a2ff-751f5f539a4b,3,6,9,0,0,0,3,6,9,1,2
2023-11-24,42134c61-f34c-4e23-a76b-f17a27ee3fc4,22,14,36,0,0,0,22,14,36,1,5
2023-11-24,42242489-d4ab-48d7-8804-c0e4ef01ecc5,2,5,7,0,1,1,2,6,8,1,4
2023-11-24,4239d56a-fd55-468b-b7fe-3be471e9bd53,43,29,72,6,2,8,49,31,80,1,5
2023-11-24,4257d3ef-e855-414a-8961-90d7e8f4e697,34,42,76,10,3,13,44,45,89,1,4
2023-11-24,426cb5fc-75d1-4ee6-a0d2-06194b74a54e,3,4,7,0,10,10,3,14,17,1,3
2023-11-24,4275dbe7-58a1-4672-a2dd-3c32a54ee1ee,64,94,158,3,20,23,67,114,181,1,12
2023-11-24,428a592a-1bf7-4484-abdb-27f85f820b23,6,4,10,0,0,0,6,4,10,1,2
2023-11-24,42a13476-0b83-474c-bb21-a849562e3e83,8,9,17,5,0,5,13,9,22,1,5
2023-11-24,42c8f7a6-9b17-4c84-bc71-5649f5303249,84,123,207,183,143,326,267,266,533,1,11
2023-11-24,42e1f630-95b7-4cc4-be6c-643f39c5fa27,66,73,139,20,16,36,86,89,175,1,12
2023-11-24,42f22206-6ab6-406f-b5b4-c2e105cbe67b,11,5,16,1,0,1,12,5,17,1,4
2023-11-24,430de643-1717-4e81-9ebd-2edae07ae2ab,2,2,4,0,0,0,2,2,4,1,2
2023-11-24,43341141-58b8-47be-8eab-34d4998d32da,3,7,10,0,1,1,3,8,11,1,4
2023-11-24,433d8103-1c5c-4630-907a-3881d264e009,152,142,294,49,27,76,201,169,370,1,15
2023-11-24,4357c122-e714-48f1-ae0b-c417d0d21089,1,0,1,3,0,3,4,0,4,1,2
2023-11-24,436d549f-862f-46f4-a485-3e73e8c24a94,4,2,6,7,2,9,11,4,15,1,5
2023-11-24,437e20f8-90ee-4e89-8b18-97e103f6d541,8,9,17,1,3,4,9,12,21,1,1
2023-11-24,43956655-e99c-4b46-94d9-97adcfd9d7b3,6,2,8,10,2,12,16,4,20,1,6
2023-11-24,43a53e85-a526-4eb4-9beb-8997d5914224,0,0,0,4,0,4,4,0,4,1,1
2023-11-24,43cfd1b4-7769-43dc-a571-de96d5317c28,187,385,572,9,4,13,196,389,585,1,33
2023-11-24,43fbc1ff-aa50-4ca3-be77-0352f9271142,56,58,114,7,7,14,63,65,128,1,6
2023-11-24,44134bcb-ca41-43d3-8f50-d8ab577499bc,31,45,76,0,0,0,31,45,76,1,9
2023-11-24,44351f33-db5b-4a28-8890-d5be2a3848df,5,10,15,0,0,0,5,10,15,1,2
2023-11-24,446355b6-b6e1-49de-afaa-15961708e0aa,1,2,3,2,1,3,3,3,6,1,3
2023-11-24,44854f3b-88f9-46aa-a8c9-6dfcf8e3cd56,6,11,17,0,1,1,6,12,18,1,6
2023-11-24,4494fa8d-09ed-40ec-b28d-f7df77de7775,1,0,1,0,0,0,1,0,1,1,1
2023-11-24,449cd93b-1eb2-4006-86bb-fadbd46f140b,21,23,44,1,0,1,22,23,45,1,1
2023-11-24,44a77ad2-3d8a-4038-8a95-1cd66449aed2,14,14,28,1,0,1,15,14,29,1,3
2023-11-24,44c184f7-937d-49e9-b9ff-2ce8d864f570,0,1,1,0,0,0,0,1,1,1,1
2023-11-24,44dbcb57-6683-410d-88d1-d4d9ec1b3c6a,21,19,40,52,0,52,73,19,92,1,4
2023-11-24,44f0d7f1-e001-4e57-a025-a1eec50c19c3,19,22,41,0,8,8,19,30,49,1,3
2023-11-24,45006958-43bf-47cd-bde7-71f57a921ccd,0,0,0,1,0,1,1,0,1,1,1
2023-11-24,452fd94b-fdc0-4392-9d90-a860a979ab0a,1,2,3,1,0,1,2,2,4,1,2
2023-11-24,4569a60b-4182-43ac-99b7-5de2a65d3425,118,177,295,3,2,5,121,179,300,1,4
2023-11-24,45780dd1-6eb8-436b-a51f-472ad81f7cf2,6,7,13,0,4,4,6,11,17,1,2
2023-11-24,458a0736-9905-4274-abf5-9f87aa61d362,9,3,12,58,33,91,67,36,103,1,7
2023-11-24,45a2936d-d15c-4392-b766-67e1a81be22e,37,43,80,1,2,3,38,45,83,1,6
2023-11-24,45c029a4-3274-4650-a04a-f38821d26ba9,5,4,9,0,0,0,5,4,9,1,2
2023-11-24,45d154b4-3359-435c-b50b-d1449b954361,15,31,46,1,0,1,16,31,47,1,4
2023-11-24,45e8e35f-d004-49ce-aa83-aba492c1efb7,33,33,66,31,2,33,64,35,99,1,5
2023-11-24,45f44ff1-0d59-4a32-9c63-c6223694f002,39,44,83,10,1,11,49,45,94,1,7
2023-11-24,460bac5a-d1ac-4d73-ad76-8365f6dc7b45,245,281,526,14,2,16,259,283,542,1,16
2023-11-24,464bfcd1-b9c0-4a70-a51e-abb2bdfb6071,0,0,0,1,0,1,1,0,1,1,1
2023-11-24,466fc0b3-dd6b-4269-ad28-0896c2bee5dd,29,36,65,16,1,17,45,37,82,1,5
2023-11-24,4692c28d-adc1-4c88-8648-cf270e9767db,3,0,3,1,0,1,4,0,4,1,3
2023-11-24,46b35cd2-e877-4996-9029-fa27ea4f733c,8,13,21,16,0,16,24,13,37,1,6
2023-11-24,46c231d0-e84b-45a8-b8ad-f626e4263304,0,4,4,0,0,0,0,4,4,1,1
2023-11-24,46d97f66-76a4-4452-bd33-1e01bf37c79c,3,1,4,1,0,1,4,1,5,1,3
2023-11-24,46f04d20-9afb-451c-835b-6e89af88d671,1,2,3,2,0,2,3,2,5,1,3
2023-11-24,470a0655-f88d-4a57-9770-89b77b1f623f,99,80,179,145,9,154,244,89,333,1,7
2023-11-24,471b50e0-ea9b-4bcb-a2e5-bac934a12583,5,8,13,0,0,0,5,8,13,1,1
2023-11-24,473274c4-f3e7-4b85-93de-84115018a28c,34,30,64,25,3,28,59,33,92,1,8
2023-11-24,4758f1b7-1dbe-4aef-92e8-f4cea901c06f,4,6,10,3,0,3,7,6,13,1,3
2023-11-24,4777176f-32c7-48ca-89f9-51598d29e167,93,83,176,1,0,1,94,83,177,1,2
2023-11-24,479c77ab-cf48-441c-8933-63368290eeaf,390,409,799,17,12,29,407,421,828,1,21
2023-11-24,47b0af08-f8ae-4341-8c5f-fdedb3726fae,5,2,7,1,0,1,6,2,8,1,3
2023-11-24,47c16075-ef33-48c7-b09a-cbe6d0acaf69,4,5,9,0,0,0,4,5,9,1,2
2023-11-24,47d8649d-1ccc-417d-8b71-0ba396acd3b8,0,1,1,0,0,0,0,1,1,1,1
2023-11-24,4804f578-6abe-4a94-901f-157762d3ef89,0,0,0,2,1,3,2,1,3,1,1
2023-11-24,48143c42-9e15-463e-b22e-105627f89c59,16,18,34,1,1,2,17,19,36,1,6
2023-11-24,482ba866-cadf-43a0-8d36-0a1d4cca3f62,170,241,411,69,32,101,239,273,512,1,17
2023-11-24,483a7c10-8db1-4014-8e4f-35a861c000f9,4,0,4,0,0,0,4,0,4,1,1
2023-11-24,4857614a-95b4-4b54-b30b-5d1157fb3b01,63,108,171,0,6,6,63,114,177,1,5
2023-11-24,48978e0e-f182-4285-b0a1-65c177f249ab,48,33,81,226,87,313,274,120,394,1,7
2023-11-24,48a38b64-16fc-433f-9386-660adf4271e2,57,100,157,1,0,1,58,100,158,1,6
2023-11-24,48b23d16-5769-42ff-af4e-7c34fe9b7b95,27,26,53,0,2,2,27,28,55,1,6
2023-11-24,48cc74fc-4daa-444f-bb64-ed24033a1dc6,7,7,14,0,0,0,7,7,14,1,3
2023-11-24,48e6778b-db81-4557-a9fa-55a44681638b,1,1,2,47,18,65,48,19,67,1,6
2023-11-24,490159dd-ac9f-42bc-9f48-fb396fa4e479,1,0,1,0,0,0,1,0,1,1,1
2023-11-24,490eade8-c594-4df2-9ec4-779fba93e12a,2,2,4,18,21,39,20,23,43,1,2
2023-11-24,4928fccd-6c67-40d3-ad94-03d4b9fbfdeb,2,1,3,5,0,5,7,1,8,1,2
2023-11-24,4931c97b-a19d-4342-a032-761330b07018,1,1,2,2,0,2,3,1,4,1,3
2023-11-24,4946a5e0-e6c0-41d2-b406-109d961f9a69,4,0,4,0,1,1,4,1,5,1,3
2023-11-24,494b5efe-2d2c-44fd-81c3-a2a156e8be9d,37,42,79,19,1,20,56,43,99,1,6
2023-11-24,49587826-3aa0-4e5f-85eb-4390563581f7,7,10,17,0,0,0,7,10,17,1,5
2023-11-24,49603fb5-244d-44a5-bc59-4095c16b8bf2,4,2,6,25,4,29,29,6,35,1,6
2023-11-24,4983efd4-820c-4e3a-8d24-850718093103,33,52,85,9,10,19,42,62,104,1,7
2023-11-24,49973a0a-9612-4f54-9916-3fab45eabed9,0,2,2,0,0,0,0,2,2,1,2
2023-11-24,49bc925d-6198-457d-a3f3-d5e3470bd76b,6,6,12,0,0,0,6,6,12,1,5
2023-11-24,49d9f081-5052-47ba-9b77-7f90231bcb08,90,97,187,30,7,37,120,104,224,1,7
2023-11-24,49fae176-7d61-4536-918d-5d22c85dcd36,4,10,14,2,0,2,6,10,16,1,5
2023-11-24,4a04eec1-8780-4474-ba53-abbd8ff64a4b,0,0,0,3,0,3,3,0,3,1,1
2023-11-24,4a150f12-2ea7-4c2d-8cd7-fc0ca216d2e1,5,6,11,0,0,0,5,6,11,1,1
2023-11-24,4a358d58-1f7e-4e15-ad48-8a1249179e80,171,287,458,25,41,66,196,328,524,1,9
2023-11-24,4a4542ec-97d2-40d4-8a2e-0b7e5f0d3d79,9,7,16,3,0,3,12,7,19,1,4
2023-11-24,4a7e3d19-2bd3-43fd-84af-73f6b97258d5,0,0,0,1,0,1,1,0,1,1,1
2023-11-24,4a951a2a-3784-454c-8255-5b2f10f254eb,26,12,38,4,1,5,30,13,43,1,2
2023-11-24,4aaff5e8-b6d7-4ab8-8423-97bc083d23fb,48,51,99,98,17,115,146,68,214,1,3
2023-11-24,4ac262f6-39f6-4e89-9961-1d668c3d3d0e,82,85,167,19,4,23,101,89,190,1,10
2023-11-24,4acfec31-935b-4ce4-8e27-7cb657bdbfaa,9,11,20,0,0,0,9,11,20,1,5
2023-11-24,4ad9bf34-774b-4556-85d4-b93becbb9be1,8,12,20,2,0,2,10,12,22,1,4
2023-11-24,4af8ed87-2cfe-4059-8d03-852e35c39ce3,8,7,15,4,3,7,12,10,22,1,3
2023-11-24,4b1f9c82-4c9a-4b1d-ad58-bf3e537eef79,3,0,3,1,0,1,4,0,4,1,3
2023-11-24,4b34effb-b399-49ee-af52-50156e3ef2d4,0,1,1,0,0,0,0,1,1,1,1
2023-11-24,4b4d1245-06fa-4604-b838-1fc489ff6d98,11,5,16,81,0,81,92,5,97,1,4
2023-11-24,4b6cf655-7da0-4b0f-922c-b0a05afaaa86,1,4,5,0,17,17,1,21,22,1,6
2023-11-24,4b89ecca-d5a4-4dfd-9c05-72c8cd328340,114,153,267,5,3,8,119,156,275,1,7
2023-11-24,4bafab99-fbb3-48e0-8d21-b4596dba4ad2,299,301,600,22,1,23,321,302,623,1,10
2023-11-24,4bc045a2-dbf6-46f8-810e-f166b5786de7,10,6,16,0,0,0,10,6,16,1,2
2023-11-24,4c04626e-ad48-461e-8ebf-466d45bc9840,1,1,2,1,1,2,2,2,4,1,2
2023-11-24,4c1f6e81-ee73-4eeb-a7c9-d469ff046496,0,1,1,0,0,0,0,1,1,1,1
2023-11-24,4c33d4df-c4a1-4832-8374-613af69fd65f,48,26,74,1,1,2,49,27,76,1,4
2023-11-24,4c421757-6128-4daa-83ce-adb33af85bc3,1,0,1,0,0,0,1,0,1,1,1
2023-11-24,4c4c0849-68ed-46bd-a085-2edde79ea9f1,75,83,158,3,1,4,78,84,162,1,4
2023-11-24,4c5cd07c-9a04-4ff7-8965-abf188585e51,17,19,36,3,0,3,20,19,39,1,4
2023-11-24,4c707bd0-8eff-48d6-946a-c229a8bf6c2e,0,0,0,13,0,13,13,0,13,1,1
2023-11-24,4c8e4649-4c6a-4342-99cb-1a561b998313,10,5,15,0,0,0,10,5,15,1,2
2023-11-24,4ca63705-2926-45c0-8b43-5ea4bf782266,9,3,12,4,2,6,13,5,18,1,8
2023-11-24,4caf7d3b-be91-4d3f-b8ab-0eeb132a094f,4,3,7,0,1,1,4,4,8,1,6
2023-11-24,4cc9e64f-6022-4355-9a9f-1f9d8e2b3ae6,13,17,30,3,9,12,16,26,42,1,5
2023-11-24,4ce8bcfb-1d06-49f2-bc66-7aeda06cfe3b,16,14,30,1,0,1,17,14,31,1,5
2023-11-24,4cfd5f4f-322b-4d21-a339-48cd9d6c7a73,10,15,25,0,0,0,10,15,25,1,2
2023-11-24,4d0dd249-f1c6-4736-b914-0d3755e07548,2,0,2,0,0,0,2,0,2,1,2
2023-11-24,4d3a780a-bb01-48eb-9c3a-63af6a4699fa,12,45,57,8,4,12,20,49,69,1,5
2023-11-24,4d590d9d-6271-480c-b520-5a4d0bd41878,5,4,9,1,0,1,6,4,10,1,3
2023-11-24,4d910b1b-f559-4b0a-8582-8b1b4d3e2828,4,9,13,0,0,0,4,9,13,1,2
2023-11-24,4da3dcf1-7e6f-44db-beb6-6be4f3263173,12,17,29,5,3,8,17,20,37,1,4
2023-11-24,4ddca509-2b1c-4b66-b33b-5c7a7d8f64ba,1,0,1,0,0,0,1,0,1,1,1
2023-11-24,4e05302d-3211-4387-b828-d0226d932c18,6,6,12,2,0,2,8,6,14,1,4
2023-11-24,4e26d59b-3bda-4100-8abd-8f90af9b5d80,11,13,24,3,1,4,14,14,28,1,6
2023-11-24,4e41db1f-5efd-48c0-a8f0-5f2028838bfa,21,33,54,71,47,118,92,80,172,1,8
2023-11-24,4e4d8acc-0f44-4dd6-b4cc-c17e3b01ace8,11,10,21,20,5,25,31,15,46,1,3
2023-11-24,4e5e7e5b-2819-416e-ba3f-977264fd4683,17,33,50,2,0,2,19,33,52,1,4
2023-11-24,4e7bb8ff-effb-491e-a9dd-19c9d337ebfc,23,43,66,1,0,1,24,43,67,1,6
2023-11-24,4ea2d50c-5216-44c4-aea5-dcd7c74f5b18,19,34,53,2,5,7,21,39,60,1,3
2023-11-24,4ec187a6-5321-421c-8f82-99350d33d8f1,4,5,9,0,0,0,4,5,9,1,1
2023-11-24,4ee16495-8515-4aed-95de-ce232f286391,1,0,1,0,0,0,1,0,1,1,1
2023-11-24,4ef188bd-db7c-4df4-a6f0-8e7157732558,196,158,354,18,9,27,214,167,381,1,14
2023-11-24,4f34826d-7710-47f3-ab81-5595c02844dc,7,5,12,2,0,2,9,5,14,1,2
2023-11-24,4f47dfc7-0bae-478b-bbaa-0d48eb362345,0,0,0,1,0,1,1,0,1,1,1
2023-11-24,4f675bfe-1056-4535-be06-6b47bd791a36,19,14,33,0,0,0,19,14,33,1,2
2023-11-24,4f92bca9-89cd-410b-95b0-80264f074c18,33,41,74,50,9,59,83,50,133,1,9
2023-11-24,4f9f6643-524d-4d43-9b79-17d222e29c34,0,0,0,2,0,2,2,0,2,1,1
2023-11-24,4fb8cff0-6a2d-4738-909e-001bfacaf386,24,15,39,1,0,1,25,15,40,1,3
2023-11-24,4fd29f05-e0c2-4c1a-b01e-4e46a0414f5e,1,1,2,0,0,0,1,1,2,1,1
2023-11-24,4fe26b18-c8ff-4a31-a0db-c85f18a702be,16,7,23,0,0,0,16,7,23,1,2
2023-11-24,500092a3-e933-43b1-ae33-7f07e6d15331,4,5,9,0,0,0,4,5,9,1,2
2023-11-24,500d0a7d-5ffc-446c-b29e-ce0f4028b41d,1,0,1,107,6,113,108,6,114,1,4
2023-11-24,50331249-95fd-4bdc-9ffc-812167fcb2f8,3,3,6,0,0,0,3,3,6,1,2
2023-11-24,50488b31-af28-4707-ac6e-8b60264de707,27,28,55,35,1,36,62,29,91,1,2
2023-11-24,50616c47-6fd9-441a-8129-8a9f24cbd776,23,31,54,23,3,26,46,34,80,1,4
2023-11-24,5073c2a4-6a45-412e-864d-76c57d1fbc66,58,30,88,51,32,83,109,62,171,1,6
2023-11-24,5090947c-128a-42cc-94e9-00b1bf57a017,6,6,12,1,0,1,7,6,13,1,1
2023-11-24,50a7db9b-4816-44c5-954b-5271ac3c7adc,30,37,67,0,0,0,30,37,67,1,2
2023-11-24,50ba15e4-7353-4bf8-8eba-d75461e834b0,47,36,83,3,1,4,50,37,87,1,4
2023-11-24,50ce8228-315d-4454-8fc6-1986be41dbcd,27,25,52,22,13,35,49,38,87,1,4
2023-11-24,50ec3574-d64d-49e5-b08d-93f3db7968f8,9,8,17,3,0,3,12,8,20,1,3
2023-11-24,50fdf89d-e195-4fdc-995e-4a9890814987,12,12,24,0,0,0,12,12,24,1,4
2023-11-24,510d26b1-4773-4501-8fc6-d7aa8cf97637,9,9,18,1,0,1,10,9,19,1,1
2023-11-24,511e0d03-5ba7-446b-845b-23b34d4bcaed,31,26,57,0,1,1,31,27,58,1,6
2023-11-24,5123bf5f-908d-4396-971c-94625081f64a,13,19,32,2,4,6,15,23,38,1,2
2023-11-24,51414bbf-c571-4052-a339-7f6e2f32be70,3,4,7,0,1,1,3,5,8,1,3
2023-11-24,515c0d7b-7b32-440a-b387-aafc119c16a2,36,49,85,13,3,16,49,52,101,1,5
2023-11-24,5183f840-8ea4-4e11-96f7-2888c9c401f4,3,2,5,0,0,0,3,2,5,1,2
2023-11-24,518ff79a-6ec1-4477-993c-5b0c61523051,10,8,18,2,0,2,12,8,20,1,6
2023-11-24,51a9d59a-4381-4da6-b7cf-784f89d91c34,4,3,7,0,0,0,4,3,7,1,1
2023-11-24,51d0e924-facf-4117-8d06-9731a0aaea64,1,3,4,0,2,2,1,5,6,1,3
2023-11-24,51ecce31-6aca-4736-bff2-e41bd202bb10,4,4,8,40,0,40,44,4,48,1,7
2023-11-24,51f6adda-de50-4b97-805c-7c36f4ab8304,6,9,15,0,0,0,6,9,15,1,1
2023-11-24,51febf04-c2f1-4a99-ba08-81034b0142bc,17,19,36,4,0,4,21,19,40,1,5
2023-11-24,521b116f-e138-4f1d-b77c-f201ca816214,15,14,29,0,0,0,15,14,29,1,3
2023-11-24,5222c1af-6933-43d9-9a35-366320bf4be4,8,4,12,0,0,0,8,4,12,1,3
2023-11-24,523a1cd1-197a-4e33-ae2f-39ce54d9f3f5,130,122,252,4,1,5,134,123,257,1,7
2023-11-24,525ead42-200f-4a14-9f3a-26670104571d,9,8,17,1,0,1,10,8,18,1,3
2023-11-24,52670f0b-6665-475b-88f2-bd3cdd114815,2,9,11,4,0,4,6,9,15,1,2
2023-11-24,527a1793-affa-4d97-a2d2-629601f0e9fa,10,10,20,0,0,0,10,10,20,1,3
2023-11-24,52930bb0-34b4-455b-85ec-65369df600c4,4,6,10,0,1,1,4,7,11,1,3
2023-11-24,529c3cd5-aff3-40c0-8675-a8f91d4d837f,6,13,19,0,0,0,6,13,19,1,2
2023-11-24,52afecf3-d23b-4437-a0fc-c58aedc6755b,1,0,1,1,0,1,2,0,2,1,1
2023-11-24,52d167b1-3b24-4e79-827b-3eca1923a738,3,5,8,0,0,0,3,5,8,1,1
2023-11-24,52f2aeb1-1216-41bd-8062-95770dc1160e,16,24,40,2,2,4,18,26,44,1,5
2023-11-24,52ffe146-bd06-4622-9a07-72afa861b9ee,35,39,74,3,1,4,38,40,78,1,3
2023-11-24,533c3ab6-396f-4a63-bdac-56081f56f1f7,9,8,17,32,0,32,41,8,49,1,4
2023-11-24,53462c02-8a4e-460f-95b9-cd7f9a0d2933,3,3,6,0,1,1,3,4,7,1,1
2023-11-24,5354771b-d21f-433d-8312-cfd4766331d7,22,21,43,4,2,6,26,23,49,1,9
2023-11-24,53645441-32ea-42b4-ada1-66e31e427b8c,6,7,13,0,0,0,6,7,13,1,1
2023-11-24,53782231-5ef0-4f9f-967f-167ee196710c,14,25,39,2,5,7,16,30,46,1,2
2023-11-24,5390dc87-9b14-4c20-9ab6-1d20fc882763,36,25,61,8,0,8,44,25,69,1,6
2023-11-24,53a12001-7f27-40f3-874c-21c5e182f4b7,0,2,2,0,0,0,0,2,2,1,1
2023-11-24,53bba679-d969-4b68-bbae-4bfc61adce8b,10,7,17,2,2,4,12,9,21,1,4
2023-11-24,53cbd5a5-7761-46b5-bc66-adcac071129e,1,0,1,0,0,0,1,0,1,1,1
2023-11-24,53e94206-6692-40e1-9318-12118cea57f5,21,10,31,3,1,4,24,11,35,1,14
2023-11-24,53f95578-4a28-436f-8a2a-5e4771105987,20,24,44,6,11,17,26,35,61,1,8
2023-11-24,54247312-6ab3-458a-8aad-9de3f21d8fb0,9,13,22,6,0,6,15,13,28,1,5
2023-11-24,544ad16e-736e-4dec-bc1c-992e41959b46,3,3,6,0,0,0,3,3,6,1,2
2023-11-24,546c2425-0fbe-4937-8ee9-3dfdff63f7e8,18,13,31,0,0,0,18,13,31,1,4
2023-11-24,5481740f-cb53-4145-b1dd-db4b57cc67d4,2,6,8,0,0,0,2,6,8,1,4
2023-11-24,5494b6d8-9f2a-4f10-bba7-912dd573512d,10,11,21,0,0,0,10,11,21,1,2
2023-11-24,54b030fb-e532-4797-9733-3e2d01f19139,0,0,0,1,0,1,1,0,1,1,1
2023-11-24,54df5cfc-6be5-463c-b289-e3ddccd60b31,1,0,1,1,0,1,2,0,2,1,2
2023-11-24,550150ed-37fb-4fc3-b4c1-34cb7e582e8b,7,14,21,2,0,2,9,14,23,1,4
2023-11-24,553e8d61-8735-4df1-9ee0-77ea80dec2e3,3,0,3,1,0,1,4,0,4,1,4
2023-11-24,5557b96f-4fb1-4f09-bef2-0d71ee452663,9,2,11,4,0,4,13,2,15,1,4
2023-11-24,556a8996-e1ba-477e-acc6-6d9c973238a4,1,3,4,58,63,121,59,66,125,1,3
2023-11-24,557d55fe-0d7a-41a7-b8ad-c12d42e8c28c,1,0,1,0,0,0,1,0,1,1,1
2023-11-24,559362ab-a8a8-405d-8661-856414785ef4,193,269,462,3,9,12,196,278,474,1,6
2023-11-24,55a73741-0aab-48b9-b156-42eb7810a2ac,1,1,2,7,4,11,8,5,13,1,3
2023-11-24,55c433be-c937-41b6-8548-f189e9270781,2,2,4,0,0,0,2,2,4,1,3
2023-11-24,55ccb42f-de1f-4a28-898f-b94dadfbf69c,50,619,669,3,3,6,53,622,675,1,4
2023-11-24,55f7e140-c881-4184-9657-5b2157649715,9,9,18,31,5,36,40,14,54,1,5
2023-11-24,5603bf3e-9f79-4f74-96da-1858a0cf4329,77,71,148,18,1,19,95,72,167,1,6
2023-11-24,56302710-a1e8-45f5-9eb7-168d56ddafda,3,2,5,0,1,1,3,3,6,1,2
2023-11-24,56604b1e-0f15-4c5e-a7f9-f52c20720ab0,22,28,50,0,1,1,22,29,51,1,7
2023-11-24,569063fc-9347-4264-8c62-bf31987bf642,497,607,1104,30,18,48,527,625,1152,1,3
2023-11-24,56b77043-d221-4076-8a7a-e514fe4b588e,58,129,187,3,3,6,61,132,193,1,6
2023-11-24,56c49ec5-ad15-47a8-a961-84817a5084ca,1,0,1,0,0,0,1,0,1,1,1
2023-11-24,56e85169-f9c9-40f3-b417-f25600e39d77,0,0,0,1,0,1,1,0,1,1,1
2023-11-24,56ffbcd0-e47b-4e9d-bbda-bb47a3357431,65,65,130,7,6,13,72,71,143,1,11
2023-11-24,5718156c-d7c3-4996-8e18-3d11c279a21e,15,32,47,0,2,2,15,34,49,1,3
2023-11-24,57402925-618a-441e-8fcd-a271b0f3d1ae,21,18,39,0,1,1,21,19,40,1,6
2023-11-24,574a4b1a-dc30-46c7-9506-c52caea1747c,3,0,3,6,0,6,9,0,9,1,4
2023-11-24,57705ca9-d323-4eda-9be3-a45d332be258,8,12,20,0,0,0,8,12,20,1,3
2023-11-24,57790a14-7505-49ff-84ca-d650e46efe00,1,0,1,2,1,3,3,1,4,1,2
2023-11-24,57a1921b-d442-4461-b452-24c3f926e155,0,0,0,5,0,5,5,0,5,1,1
2023-11-24,57b6414d-98ba-45b5-a954-7b243dc002b8,3,5,8,2,5,7,5,10,15,1,4
2023-11-24,57c6b1f0-86bc-4731-b8b4-f2f20b06cbe0,1,5,6,2,0,2,3,5,8,1,2
2023-11-24,57d9139e-f32f-40f5-9814-9c431128b9d5,31,38,69,0,1,1,31,39,70,1,1
2023-11-24,5809eeb2-bcc2-4266-aefe-974beebb244a,36,51,87,63,44,107,99,95,194,1,9
2023-11-24,581b7bef-c5b2-4f5d-8295-7860d71a957a,24,9,33,127,9,136,151,18,169,1,8
2023-11-24,582788a9-0129-4473-80fd-b5e82441dd76,93,68,161,12,2,14,105,70,175,1,6
2023-11-24,583719fd-c73f-4e80-9b75-e825fcc11f4a,13,20,33,1,2,3,14,22,36,1,5
2023-11-24,5849c2e1-0254-41df-b7e8-6302ed34e247,9,14,23,0,0,0,9,14,23,1,2
2023-11-24,586eb158-6bc7-4759-a702-d94a2e0e6540,2,3,5,0,0,0,2,3,5,1,1
2023-11-24,58a590af-773c-4136-8c8e-6c531fe066e7,29,16,45,1,0,1,30,16,46,1,6
2023-11-24,58b1727e-fb56-4501-874a-a01b272c73d0,34,56,90,72,74,146,106,130,236,1,14
2023-11-24,58c2607f-2b91-4a70-a9ba-c621b198c2b5,1,1,2,0,0,0,1,1,2,1,2
2023-11-24,58d5ae77-8c97-48ed-bd57-3a0f9583ab79,0,1,1,13,12,25,13,13,26,1,2
2023-11-24,59078773-f587-4849-b987-2b33fc6524fa,1,0,1,4,0,4,5,0,5,1,2
2023-11-24,59195b21-e893-4b71-858d-c608e0633757,18,23,41,0,0,0,18,23,41,1,4
2023-11-24,59205180-d653-406e-b8b4-7076b3b3c76a,43,63,106,11,4,15,54,67,121,1,4
2023-11-24,593d4b42-fdab-4b0e-90df-ace5c3b2984f,3,0,3,0,0,0,3,0,3,1,2
2023-11-24,595e746e-5773-4cce-9ba0-ddc6ec05917b,3,12,15,0,0,0,3,12,15,1,4
2023-11-24,597501ba-3576-4da8-8bb3-a4499931e998,6,9,15,2,0,2,8,9,17,1,3
2023-11-24,599701b4-2719-4071-832b-c1f357006cc2,1,2,3,2,1,3,3,3,6,1,3
2023-11-24,59b286ca-6bfb-43a0-b752-9997afd26b7f,13,8,21,0,0,0,13,8,21,1,7
2023-11-24,59dbb843-bce0-4a8c-b5bb-1b351a3f7e23,3,2,5,0,0,0,3,2,5,1,1
2023-11-24,59f4b48c-c411-4ab0-bd9a-1c5ce7b94561,189,177,366,12,5,17,201,182,383,1,3
2023-11-24,5a133bd5-74f6-41d0-b06e-226f8ede3fa0,2,2,4,1,0,1,3,2,5,1,3
2023-11-24,5a1bea83-7b73-4acf-84a2-5f3b5f65b8dc,35,30,65,1,0,1,36,30,66,1,6
2023-11-24,5a242740-c38f-4db7-b0bd-edad6701e46f,11,28,39,0,0,0,11,28,39,1,3
2023-11-24,5a2b2020-eec2-47f3-b72d-a1032edb559d,9,20,29,0,1,1,9,21,30,1,7
2023-11-24,5a51dee7-4d76-469a-9757-47a156a17bfb,1,0,1,1,0,1,2,0,2,1,1
2023-11-24,5a66b961-b644-4360-b521-ee9c0e64505b,6,1,7,7,0,7,13,1,14,1,7
2023-11-24,5a7ae43b-62ed-434d-9033-0c471157a3a5,2,0,2,0,0,0,2,0,2,1,2
2023-11-24,5a910a44-24b7-4ff6-9846-6a4f0102c64c,3,2,5,6,0,6,9,2,11,1,5
2023-11-24,5ab8d1f6-70ac-470b-9584-f5e627fa19da,191,280,471,31,8,39,222,288,510,1,20
2023-11-24,5ada4758-bba1-4e40-9664-cc092bc9a4a3,41,10,51,0,0,0,41,10,51,1,3
2023-11-24,5ae70cec-603d-4b74-99e2-1924220db291,356,440,796,3,2,5,359,442,801,1,6
2023-11-24,5afa23a5-4f66-4118-b783-4465c51b1a01,45,72,117,0,1,1,45,73,118,1,8
2023-11-24,5b1cbb27-62ba-4332-9c7d-54835c997c12,15,32,47,3,9,12,18,41,59,1,11
2023-11-24,5b27bb90-abcc-49e3-a72c-77752f20616a,0,2,2,0,0,0,0,2,2,1,1
2023-11-24,5b362e62-dda2-42f7-a9c3-e99fe3436c6b,14,14,28,0,0,0,14,14,28,1,1
2023-11-24,5b51cd13-57af-40d6-adf9-4ee8db4607c4,14,22,36,0,3,3,14,25,39,1,2
2023-11-24,5b6a4ac1-3ffa-43d1-86f2-eff8b928bff8,47,48,95,21,8,29,68,56,124,1,6
2023-11-24,5b7cf1a2-45c8-4db6-9be4-81ea19a02100,39,37,76,7,6,13,46,43,89,1,4
2023-11-24,5b84b440-9192-46fa-82c9-ebf698bab4a1,102,96,198,4,1,5,106,97,203,1,4
2023-11-24,5bac6e6e-b5d5-435c-9a37-1e8fc416323d,31,63,94,15,8,23,46,71,117,1,2
2023-11-24,5bbfb9e6-78be-45e3-a7a6-8cd02d7f4b8d,0,10,10,0,0,0,0,10,10,1,2
2023-11-24,5bd5a29e-b4d0-4afe-a52e-699600f52d1d,8,16,24,0,3,3,8,19,27,1,1
2023-11-24,5bf57b4f-b6e8-4993-abf8-ba2ab1f6c9c3,2,1,3,0,1,1,2,2,4,1,1
2023-11-24,5c07827d-6e77-413c-9914-09a22615ea88,25,31,56,1,7,8,26,38,64,1,5
2023-11-24,5c244b58-67c5-43e7-9aa7-233cafe657f2,14,13,27,2,1,3,16,14,30,1,3
2023-11-24,5c3d86a8-691e-48bf-86cc-6be8043d2a16,236,229,465,26,11,37,262,240,502,1,7
2023-11-24,5c4d770c-41c9-4d4a-bc85-0d5b56a06838,2,3,5,2,0,2,4,3,7,1,2
2023-11-24,5c95a46b-fc73-4f8d-9e6d-b2c61bde31f1,5,3,8,5,3,8,10,6,16,1,2
2023-11-24,5ca83b8b-678e-48ff-8aa6-c5e2ba1473e4,38,46,84,8,0,8,46,46,92,1,4
2023-11-24,5cd7474a-897b-4936-8825-25890e5cbad0,1,0,1,25,0,25,26,0,26,1,3
2023-11-24,5ce4adcd-e445-4c7d-b42e-43df92764215,54,74,128,8,2,10,62,76,138,1,27
2023-11-24,5cfe9723-0606-4a0a-9137-7db466dac2bf,15,49,64,4,3,7,19,52,71,1,5
2023-11-24,5d0b1932-12a0-4b1a-86e8-c0ea3ac056e9,1,0,1,26,0,26,27,0,27,1,2
2023-11-24,5d13c6fe-fc4c-4c48-bb29-8e02206a283e,12,13,25,38,0,38,50,13,63,1,4
2023-11-24,5d357161-4ea5-4c57-89db-9041efadb153,2,2,4,0,0,0,2,2,4,1,2
2023-11-24,5d4d3b7c-a947-4151-b918-09da0f4cd11f,0,0,0,35,6,41,35,6,41,1,1
2023-11-24,5d6da103-564b-40ee-bdad-450ed1dfef05,5,2,7,173,0,173,178,2,180,1,5
2023-11-24,5d7d9c74-a89e-4482-b104-74c8ae6e1945,642,615,1257,6,14,20,648,629,1277,1,1
2023-11-24,5d98b3a8-d97a-4b4d-a3ea-1e43c009bd10,4,6,10,0,1,1,4,7,11,1,3
2023-11-24,5dce150a-7452-400f-8173-f383d8a45b9b,1,0,1,0,0,0,1,0,1,1,1
2023-11-24,5dd6a4d3-bd5f-46d5-be60-df355315239d,2,0,2,0,0,0,2,0,2,1,2
2023-11-24,5ded6968-f886-43b2-9097-3d8555f08144,1,0,1,0,0,0,1,0,1,1,1
2023-11-24,5e0a6286-e170-4d13-97dc-cc931aecbcf0,11,6,17,9,7,16,20,13,33,1,5
2023-11-24,5e25b000-973c-4e06-9a30-da0e9bb3d1b2,29,41,70,0,1,1,29,42,71,1,8
2023-11-24,5e3a8ea9-a138-4f75-a025-b92410571a10,2,6,8,12,10,22,14,16,30,1,5
2023-11-24,5e496458-c523-4a8b-a395-13792c8222b6,2,8,10,0,0,0,2,8,10,1,3
2023-11-24,5e5fa03e-c3b5-48df-8766-67d40edd378a,3,0,3,0,0,0,3,0,3,1,2
2023-11-24,5e6905e4-cd1e-454c-84a3-5ec408aa4f45,51,40,91,2,9,11,53,49,102,1,9
2023-11-24,5e813093-4411-4ed3-970e-5fc68c995e89,49,59,108,3,5,8,52,64,116,1,7
2023-11-24,5e8eed76-6848-42a5-bcd3-f19a776f132f,26,38,64,44,0,44,70,38,108,1,4
2023-11-24,5ecf03c2-fff9-4292-a93f-7230d06efb68,0,0,0,4,1,5,4,1,5,1,1
2023-11-24,5ee609c5-decb-49e8-aac2-8511b33f4c5a,3,1,4,0,0,0,3,1,4,1,1
2023-11-24,5eeb33d3-f392-4daa-8f71-1e1fdf6d1947,12,16,28,0,0,0,12,16,28,1,7
2023-11-24,5f0d1e04-390e-4c41-a4e2-a64745be236d,7,0,7,5,3,8,12,3,15,1,5
2023-11-24,5f317afb-34f8-4167-8ef0-3db42d4a9154,11,16,27,1,2,3,12,18,30,1,3
2023-11-24,5f63b6a1-23b9-4652-9b6c-8878dbdd62aa,7,4,11,2,1,3,9,5,14,1,3
2023-11-24,5f722f38-a01d-4853-995c-3b0b1586d184,48,38,86,4,2,6,52,40,92,1,5
2023-11-24,5f82c4e9-472f-4c20-887a-069350bd9158,13,15,28,4,1,5,17,16,33,1,3
2023-11-24,5fa707f2-6a85-4558-bedb-a1e0ab219191,9,8,17,0,0,0,9,8,17,1,2
2023-11-24,5fc90a76-d10d-4194-bf84-0d31e3c371ce,0,0,0,1,1,2,1,1,2,1,2
2023-11-24,5ff3acde-e5ca-43a4-aea7-77e855a0fd87,1,0,1,0,0,0,1,0,1,1,1
2023-11-24,6000467c-2be5-43fe-bc1a-6336168db9fc,5,1,6,3,6,9,8,7,15,1,3
2023-11-24,6015f14f-cbfa-4ad7-bee1-d64d2c4e8d2a,3,0,3,1,0,1,4,0,4,1,2
2023-11-24,60295d9a-852d-4b1f-bb18-1e890a3e9fa9,0,0,0,8,7,15,8,7,15,1,1
2023-11-24,60476dc3-fb0b-4bb2-8348-f3303ed82622,21,41,62,4,3,7,25,44,69,1,2
2023-11-24,6075b5be-875c-4dee-b2c7-f46a1899ae35,45,44,89,13,2,15,58,46,104,1,9
2023-11-24,608bf71c-60b9-4e68-b0ac-083849c4855d,20,28,48,28,12,40,48,40,88,1,8
2023-11-24,609d2951-97fd-416f-abfd-8699df2de5bf,0,0,0,4,0,4,4,0,4,1,3
2023-11-24,60ac062d-761c-419c-bb8a-03d62d79960d,154,120,274,11,5,16,165,125,290,1,5
2023-11-24,60b888ff-a445-4735-bea8-b5b8724bcbcb,17,20,37,0,0,0,17,20,37,1,4
2023-11-24,60caccc5-2fd4-4797-b780-d3ec32d55c58,1,0,1,0,0,0,1,0,1,1,1
2023-11-24,60e767d7-7009-458d-8f38-6fa324094e37,22,48,70,4,0,4,26,48,74,1,8
2023-11-24,60f5d620-7967-4153-8832-71b94efae6ae,3,1,4,3,0,3,6,1,7,1,2
2023-11-24,610dd6d4-8c26-4b36-b2fd-ae7ff8da5f93,5,0,5,1,0,1,6,0,6,1,5
2023-11-24,61293fd1-9ea6-43a9-9509-effa700cb63c,192,178,370,5,0,5,197,178,375,1,7
2023-11-24,6142d7e1-0d74-4d1a-85a4-dd70c9240ceb,4,6,10,0,0,0,4,6,10,1,2
2023-11-24,615f0634-5f98-49cf-a248-b917c52b09a6,104,132,236,0,0,0,104,132,236,1,8
2023-11-24,617cb63a-f2e2-478f-b9d7-76150f814a59,1,2,3,2,0,2,3,2,5,1,3
2023-11-24,61bf70b2-6703-4a67-bde7-eb65f38d3155,1,1,2,1,0,1,2,1,3,1,2
2023-11-24,61d4da71-0149-4e27-ae89-e0afa62100ca,38,36,74,2,0,2,40,36,76,1,9
2023-11-24,61dd45d6-dda1-4608-bc13-2d39f69519c9,6,1,7,0,0,0,6,1,7,1,3
2023-11-24,61ece961-7195-4e59-82f3-8983bc65626e,8,10,18,36,8,44,44,18,62,1,5
2023-11-24,620e71c1-9c9f-468b-9e8d-421b574803cd,14,11,25,1,3,4,15,14,29,1,6
2023-11-24,6237c2b7-2ae3-4b78-ba4f-6520e391c1d8,12,16,28,1,2,3,13,18,31,1,6
2023-11-24,6252cab0-f18e-470e-8ea0-a9a89dd257d2,6,9,15,0,0,0,6,9,15,1,2
2023-11-24,6266324d-ed90-4ec7-9f6c-149d963c153d,12,26,38,2,0,2,14,26,40,1,13
2023-11-24,626a6aff-4e09-4e64-a21e-65edc9866c97,16,4,20,52,16,68,68,20,88,1,5
2023-11-24,628b9cb9-166f-46ff-9d86-7956b2af2ce7,2,2,4,0,0,0,2,2,4,1,1
2023-11-24,62bdcf97-dece-4464-8742-c16612911772,1,0,1,19,0,19,20,0,20,1,5
2023-11-24,62d44e74-d026-420f-8b8c-60d20c8608a9,0,0,0,3,0,3,3,0,3,1,1
2023-11-24,62db61c5-565d-4c11-9d4e-923993c87275,79,100,179,43,41,84,122,141,263,1,5
2023-11-24,62edb628-1d9a-4408-aa88-a8a29a2165b2,77,71,148,0,0,0,77,71,148,1,13
2023-11-24,630adbb2-ac8c-4347-bc14-699bd66368b6,3,11,14,0,0,0,3,11,14,1,4
2023-11-24,6312494c-42d9-476b-846d-0e1c802541ed,289,63,352,5,0,5,294,63,357,1,6
2023-11-24,63321472-31a3-4ae7-998e-37b87510088a,1,0,1,0,0,0,1,0,1,1,1
2023-11-24,6346f04f-7ccf-472d-aaa6-24ce7658b0b3,4,9,13,17,1,18,21,10,31,1,6
2023-11-24,6357825e-a7e0-4633-99c3-71861ead5831,1,0,1,0,0,0,1,0,1,1,1
2023-11-24,6374c478-c194-4c5a-bfa6-7beb75c9c6dc,2,4,6,0,0,0,2,4,6,1,2
2023-11-24,63855744-4856-4ac5-8e64-13fba4d3d8ca,2,3,5,5,0,5,7,3,10,1,1
2023-11-24,63aa3743-e8ce-4f5f-94af-356cb2f57f9c,1,0,1,3,0,3,4,0,4,1,3
2023-11-24,63b6ffd8-9b25-4a11-aaf8-ee26f8852047,1,0,1,225,17,242,226,17,243,1,6
2023-11-24,63e6a623-5579-49da-b13d-70a9c75fee90,8,5,13,2,0,2,10,5,15,1,3
2023-11-24,63f88066-957a-4b37-a0e4-86f6b6f7ca85,20,4,24,1,1,2,21,5,26,1,2
2023-11-24,640a77a8-cdfa-4bce-a633-1c4535cc8f72,18,32,50,0,0,0,18,32,50,1,10
2023-11-24,642b4344-d059-400b-bfe1-d290dd2d6cf7,7,11,18,1,0,1,8,11,19,1,6
2023-11-24,64408fe4-382e-4a34-9a20-bf2bbff43bfc,0,6,6,0,0,0,0,6,6,1,2
2023-11-24,6463a630-0033-46c2-9b81-654ee29919f7,19,35,54,118,108,226,137,143,280,1,11
2023-11-24,64919142-2797-471e-93bc-c3616749db81,84,127,211,3,1,4,87,128,215,1,10
2023-11-24,64a38314-a440-46d1-8012-375f240d0138,18,25,43,1,0,1,19,25,44,1,3
2023-11-24,64c05198-09bb-45bf-b94b-285ce9a57bda,0,0,0,1,0,1,1,0,1,1,1
2023-11-24,64e2debd-0438-4157-889e-631612514dcd,1,0,1,0,0,0,1,0,1,1,1
2023-11-24,64f4ad0f-3110-4305-b4a3-86e14f515116,9,4,13,84,65,149,93,69,162,1,4
2023-11-24,651605f2-103d-4cdd-8dfd-ddadffc89a19,5,6,11,0,1,1,5,7,12,1,5
2023-11-24,65313dc8-fe92-4046-9426-20c2ee11b852,94,74,168,6,2,8,100,76,176,1,4
2023-11-24,65483860-9807-4639-9447-e5b611edf624,21,32,53,82,29,111,103,61,164,1,3
2023-11-24,6557fa97-b36b-4aa6-bcab-211aa3e7d5de,223,138,361,1,0,1,224,138,362,1,10
2023-11-24,6569f5b7-26c8-45af-8098-873b7fc9da75,0,3,3,2,0,2,2,3,5,1,1
2023-11-24,6573d4cb-f802-4593-a5e2-482aec2111c6,4,2,6,1,0,1,5,2,7,1,4
2023-11-24,245f73fe-a281-4207-a6de-ca5df78d1609,0,0,0,0,2,2,0,2,2,1,1
2023-11-24,2484e0f9-0775-4cd0-9e1e-5ed704f7d01a,19,8,27,1,0,1,20,8,28,1,8
2023-11-24,24a0beb1-8e0a-43d2-a1cb-dd83bb880b60,8,13,21,0,0,0,8,13,21,1,4
2023-11-24,24cacbc4-e475-4c29-b499-7b60ab966c20,9,12,21,0,0,0,9,12,21,1,8
2023-11-24,24e1cd40-0488-4c6a-81c6-ad93a8b5b22d,1,1,2,0,1,1,1,2,3,1,2
2023-11-24,24f88ad3-b9a7-4b5d-a7d2-3297ab750f24,5,4,9,0,0,0,5,4,9,1,3
2023-11-24,251d985d-a75f-4364-bd79-7803222f813d,11,12,23,0,0,0,11,12,23,1,4
2023-11-24,253d2e30-999b-4658-8cfe-d9707fc07d82,31,30,61,8,0,8,39,30,69,1,6
2023-11-24,2554a029-2e2e-4ecd-8fdd-f8cb40bc53b5,0,3,3,1,2,3,1,5,6,1,3
2023-11-24,2581f988-3de4-47be-aa0c-2c4dddffdded,107,121,228,15,17,32,122,138,260,1,6
2023-11-24,25949c7d-2403-4449-a907-bdf9873551e0,374,252,626,13,14,27,387,266,653,1,4
2023-11-24,25accad5-2e9c-4073-9cc7-87e599fa7b97,2,3,5,5,5,10,7,8,15,1,3
2023-11-24,25c945c3-3dd2-4768-9b69-6979d5c7d9d2,17,20,37,0,0,0,17,20,37,1,6
2023-11-24,25d18d1f-0d81-49ba-8332-7d386744fef6,14,12,26,3,2,5,17,14,31,1,4
2023-11-24,25efc66a-a7db-47cd-9694-d3a17efcd23c,9,18,27,4,2,6,13,20,33,1,3
2023-11-24,25fb2cc8-573b-4c42-9136-a731ba399dd6,1,0,1,1,3,4,2,3,5,1,2
2023-11-24,262553c5-2a0a-4ddd-98ec-cef6a043bca4,0,1,1,0,1,1,0,2,2,1,1
2023-11-24,26309bbc-3f66-4cd3-97e2-39a4836167e6,5,1,6,2,6,8,7,7,14,1,4
2023-11-24,26525d1e-188d-4d2a-9b7f-2facec069940,9,2,11,4,0,4,13,2,15,1,9
2023-11-24,2666906f-0097-4d11-8ec3-b7192678401c,0,6,6,0,1,1,0,7,7,1,3
2023-11-24,26914812-b689-412c-badc-42f6e391a738,85,77,162,57,28,85,142,105,247,1,12
2023-11-24,26a57da0-b041-4673-9f86-864783e797da,2,6,8,13,10,23,15,16,31,1,5
2023-11-24,26c66330-5a7a-41a7-8fb6-568702725b51,10,14,24,0,1,1,10,15,25,1,3
2023-11-24,26e8a7c4-6e23-4953-8ed1-8bb863b4a23b,64,82,146,10,13,23,74,95,169,1,6
2023-11-24,26f8dc9f-f05a-441b-9a15-d0d2bc3a5b87,2,2,4,0,0,0,2,2,4,1,1
2023-11-24,26fe3935-4920-4eea-8996-5e067e56d1d0,13,10,23,0,0,0,13,10,23,1,4
2023-11-24,270b199f-e4f9-4400-89c1-809bbb07aa00,5,3,8,1,0,1,6,3,9,1,1
2023-11-24,27159d63-5738-4b41-b223-16fc8bb5e63a,2,3,5,0,2,2,2,5,7,1,1
2023-11-24,272e73ca-4b73-4da6-88a6-86b35d36feab,248,219,467,20,11,31,268,230,498,1,4
2023-11-24,27446582-9e1d-4f74-b5fb-efd5b3c35318,387,522,909,26,26,52,413,548,961,1,10
2023-11-24,276486df-4477-4c04-bea9-2e6bafee9169,0,1,1,0,0,0,0,1,1,1,1
2023-11-24,276f9e11-4f28-419e-b584-27fa3e13bcf7,129,184,313,2,1,3,131,185,316,1,9
2023-11-24,2781edfb-f694-479e-b42b-0c1d15e35142,11,7,18,0,0,0,11,7,18,1,3
2023-11-24,279b132e-f16f-4ac1-8266-ecabe8ed8467,23,33,56,0,1,1,23,34,57,1,6
2023-11-24,27b3455d-c8ae-4d1c-bd4b-d9afe71f8114,7,5,12,12,4,16,19,9,28,1,4
2023-11-24,27e801b2-7a5a-45f7-87ef-28be0acbb4fe,1,0,1,10,7,17,11,7,18,1,3
2023-11-24,27ef76a6-9141-4a8b-b551-ff8b8bd8383f,1,3,4,23,4,27,24,7,31,1,3
2023-11-24,27fd0a96-ff43-43e1-9647-ac92ca0babd9,95,177,272,1,0,1,96,177,273,1,15
2023-11-24,28138b7d-506e-4688-8c52-ec3ae7dfa209,63,49,112,2,3,5,65,52,117,1,5
2023-11-24,2830188f-033c-424f-8999-fba973f1ea2d,5,4,9,0,1,1,5,5,10,1,4
2023-11-24,28445525-08cc-4414-81e6-2c00eb06d857,9,12,21,3,0,3,12,12,24,1,3
2023-11-24,285a87fe-3d44-44f4-b25f-6b419050be66,65,67,132,2,6,8,67,73,140,1,1
2023-11-24,287877f1-11c0-480c-b734-4e2099c4dd92,4,7,11,8,0,8,12,7,19,1,5
2023-11-24,2886d91d-0f60-4484-aac9-5c28badf2d53,1,0,1,0,0,0,1,0,1,1,1
2023-11-24,28a95600-4d11-4c02-b4de-33ed62445448,1,1,2,0,0,0,1,1,2,1,1
2023-11-24,28c92416-b454-4276-be42-8be0a9e34d9e,343,362,705,59,54,113,402,416,818,1,10
2023-11-24,29001d9f-7c90-466c-ba82-42c28e38aa2a,7,9,16,119,26,145,126,35,161,1,6
2023-11-24,292b247a-7c77-4db8-ab82-f31b5218cd05,3,0,3,3,0,3,6,0,6,1,2
2023-11-24,2930c9bd-096f-4a9f-97ca-2e0285ce1ea3,5,10,15,7,3,10,12,13,25,1,3
2023-11-24,294c043e-475f-46b6-ba69-6a75d4b85e8e,0,1,1,0,0,0,0,1,1,1,1
2023-11-24,2966bad0-2984-44eb-9af9-f2e432742617,1,0,1,0,0,0,1,0,1,1,1
2023-11-24,297b429a-84cd-475e-ac03-8a99a65be34a,0,0,0,127,0,127,127,0,127,1,1
2023-11-24,29946ea4-a842-4b37-b911-2f70e220818b,202,158,360,2,0,2,204,158,362,1,5
2023-11-24,299e96de-f8c6-4a5e-8a7b-f90dde44096a,2,3,5,1,0,1,3,3,6,1,3
2023-11-24,29c76f7d-6c2f-457e-ab3a-a291dcbac519,244,269,513,281,86,367,525,355,880,1,7
2023-11-24,29e56ae0-7851-4f13-a1e7-fa8fe4f8325c,7,4,11,2,1,3,9,5,14,1,3
2023-11-24,29fbc269-1983-40cd-a9cb-072de9c12161,60,64,124,1,7,8,61,71,132,1,9
2023-11-24,2a0dbea4-fb8c-4418-9e12-a092635b8537,1,0,1,65,0,65,66,0,66,1,4
2023-11-24,2a46cc67-5476-4b4b-85f3-59030b91e5e3,35,20,55,29,60,89,64,80,144,1,8
2023-11-24,2a53659a-7d07-4e21-ada9-9beef0942ff3,2,4,6,9,4,13,11,8,19,1,3
2023-11-24,2a59dc20-5115-4416-9866-754e8e22f410,22,37,59,0,0,0,22,37,59,1,9
2023-11-24,2a7700ed-155f-484b-981f-9b3fb41bcdf0,52,41,93,3,2,5,55,43,98,1,4
2023-11-24,2a975634-dbb6-4929-96b3-d8b6e9d4c805,3,3,6,6,2,8,9,5,14,1,3
2023-11-24,2ab2f383-6b53-4e6e-967f-1e2f45e6b71f,6,7,13,3,2,5,9,9,18,1,2
2023-11-24,2ae4daa2-ed6d-4b3b-83d5-1d409d7ac65a,37,44,81,4,6,10,41,50,91,1,9
2023-11-24,2afc943e-ee17-4a68-91f7-982078c79a59,0,3,3,3,0,3,3,3,6,1,3
2023-11-24,2b1c1db1-444e-4fb7-8961-8e0e832ae1c5,1,1,2,0,0,0,1,1,2,1,2
2023-11-24,2b30b343-ae6b-4ea3-9dc9-74302c4212b4,90,78,168,3,0,3,93,78,171,1,40
2023-11-24,2b4fdc20-411d-49ae-97c2-22fb4dd9734e,0,0,0,0,1,1,0,1,1,1,1
2023-11-24,2b6d6c50-9060-4656-b260-131bc21e41cc,15,13,28,5,1,6,20,14,34,1,3
2023-11-24,2b818755-3891-440d-83c5-73a6599eeca6,30,64,94,14,9,23,44,73,117,1,10
2023-11-24,2b9b7a49-c45d-466c-b047-6771a21424a8,9,11,20,0,1,1,9,12,21,1,1
2023-11-24,2bd663a3-ba77-4f8e-b5ad-1ca9bec6a097,0,1,1,0,0,0,0,1,1,1,1
2023-11-24,2bf1379f-cb4a-4a77-894b-28ffefc97719,542,614,1156,2,2,4,544,616,1160,1,7
2023-11-24,2c0cc11f-bbbf-48a4-9d55-58403a00c1c3,1,1,2,0,0,0,1,1,2,1,1
2023-11-24,2c2767c6-ab8e-43ca-92b8-1b45530d0b76,99,126,225,1,0,1,100,126,226,1,14
2023-11-24,2c5040d6-8b1e-4cf8-859c-cd1c9d7af00c,2,0,2,11,8,19,13,8,21,1,3
2023-11-24,2c588195-7c8f-4bb9-b9f0-103120d5a2bd,10,11,21,2,0,2,12,11,23,1,4
2023-11-24,2c774f68-8ed5-4692-bbee-2ff730dfd473,1,1,2,3,0,3,4,1,5,1,2
2023-11-24,2c9ed379-7a3b-4de3-ac7c-bfd285597669,9,16,25,8,3,11,17,19,36,1,6
2023-11-24,2caa0770-c71e-4ef3-827f-73143610a5c7,309,253,562,2,0,2,311,253,564,1,5
2023-11-24,2cb8b4d7-765d-4a6e-af9c-b3294388ac5c,30,44,74,5,12,17,35,56,91,1,10
2023-11-24,2ccfa5e3-6673-4071-8ca4-3ede8fb577bb,2,5,7,0,0,0,2,5,7,1,2
2023-11-24,2ce95c53-552b-4d7c-8a58-0b523a0e92c9,49,69,118,3,3,6,52,72,124,1,5
2023-11-24,2cf3da37-0efb-475f-ae6b-ab179a0942c3,0,0,0,1,5,6,1,5,6,1,2
2023-11-24,2d151ac2-b309-424a-91e9-cb14ba28f5f0,1,0,1,0,0,0,1,0,1,1,1
2023-11-24,2d1d8619-a81f-4401-ab13-35cdc4e7a03a,25,23,48,4,0,4,29,23,52,1,7
2023-11-24,2d2fb8e9-fd42-4b90-b75d-5c704ca468e7,18,37,55,3,0,3,21,37,58,1,10
2023-11-24,2d3b92c9-ae57-460b-962e-727ff4d07323,0,2,2,7,2,9,7,4,11,1,4
2023-11-24,2d66e39d-600f-4c9d-b44d-202f0671faaa,8,14,22,13,3,16,21,17,38,1,4
2023-11-24,2d807b91-8675-425e-872f-014f31bb9fe7,21,25,46,17,6,23,38,31,69,1,11
2023-11-24,2d986404-2924-486d-9038-91f53a6301a9,5,0,5,0,0,0,5,0,5,1,4
2023-11-24,6597535c-3a68-4683-a70e-1bab8306ac20,54,87,141,13,3,16,67,90,157,1,8
2023-11-24,65b345f0-5c57-4014-b2f0-e58b58b8375a,1,0,1,0,0,0,1,0,1,1,1
2023-11-24,65b9a130-80c4-4ce6-8b5e-8f3fae9a7169,14,4,18,12,0,12,26,4,30,1,5
2023-11-24,65d35def-5c3b-4445-a93c-8f80f85b715f,0,0,0,0,2,2,0,2,2,1,1
2023-11-24,65ecc75c-a4cf-47d0-a651-2c5dff4033fc,4,1,5,4,0,4,8,1,9,1,4
2023-11-24,6604da3d-bb48-4185-a14c-40bceb2b10d1,7,0,7,0,0,0,7,0,7,1,3
2023-11-24,661d2de1-1a7b-44a6-9eed-19c3f364acff,95,181,276,2,0,2,97,181,278,1,12
2023-11-24,6644c2ca-12ab-49f9-a661-a1675f68a097,1,0,1,0,0,0,1,0,1,1,1
2023-11-24,6666f2ed-7dc1-432c-bb7a-5ffd5fefd918,74,93,167,8,1,9,82,94,176,1,8
2023-11-24,6674e596-e12c-45c6-aa66-11afa1f21d84,26,31,57,2,0,2,28,31,59,1,6
2023-11-24,66b5e1b5-c4fb-4a6b-bca2-46c874bf84c1,206,258,464,11,12,23,217,270,487,1,10
2023-11-24,66ccc7bf-7e7d-46ac-8548-b4bc2c25d164,0,0,0,1,0,1,1,0,1,1,1
2023-11-24,66da4a9c-9763-4a7b-9780-fb3e1a7c7733,65,48,113,0,0,0,65,48,113,1,3
2023-11-24,671ee63c-81a6-4325-bf85-b111afb837e9,3,2,5,30,11,41,33,13,46,1,6
2023-11-24,673f1b72-8db9-476a-9a42-81c28222b2ef,19,33,52,11,5,16,30,38,68,1,5
2023-11-24,67573832-79a0-4947-b323-98980370fbfc,2,5,7,0,1,1,2,6,8,1,3
2023-11-24,6769e7ec-fabf-4873-a90e-ee7e61318efa,9,13,22,0,0,0,9,13,22,1,5
2023-11-24,678420b0-5bd1-41e2-a4c5-5ea55167f9f0,0,0,0,7,0,7,7,0,7,1,1
2023-11-24,67926707-37af-4167-b010-4fd6415634d6,0,0,0,10,0,10,10,0,10,1,2
2023-11-24,679931cc-a633-4a63-b91d-60f26c5be647,5,0,5,3,3,6,8,3,11,1,4
2023-11-24,67ad7043-176d-4e77-92e6-b1d88f619cbf,5,3,8,1,0,1,6,3,9,1,2
2023-11-24,67bb67b6-4250-48bd-b925-1aa7a428085e,2,4,6,62,7,69,64,11,75,1,3
2023-11-24,67d7afa3-ed27-4767-ae8b-c66ce4c75d4f,228,200,428,0,0,0,228,200,428,1,5
2023-11-24,67edb39d-f19b-4122-9400-374a21cc2138,0,0,0,2,0,2,2,0,2,1,1
2023-11-24,67fb958f-195a-4d2c-85dc-01bf91ebf8f7,1,0,1,88,6,94,89,6,95,1,2
2023-11-24,681b6838-cd2e-46e3-a714-231298cc0903,14,22,36,0,0,0,14,22,36,1,8
2023-11-24,684d3505-497e-4f33-a195-796bfa15b141,2,2,4,2,0,2,4,2,6,1,5
2023-11-24,685e149e-5dc5-4778-8f6c-dd54c2cd770c,22,31,53,42,6,48,64,37,101,1,7
2023-11-24,687f23aa-66b8-4864-b2f8-aa7269252cc1,122,75,197,2,0,2,124,75,199,1,7
2023-11-24,6891fd5f-1c3b-4819-b6b7-ef7686e75936,2,0,2,0,0,0,2,0,2,1,1
2023-11-24,6896212e-2c5c-4de4-8738-c903d9a1bacb,77,114,191,0,2,2,77,116,193,1,4
2023-11-24,68b06dcf-165d-4a02-8395-5b2654ee5b4d,12,16,28,0,0,0,12,16,28,1,1
2023-11-24,68d06f33-181c-4df3-9891-9a49a4120c94,4,8,12,0,0,0,4,8,12,1,1
2023-11-24,68dfa950-a8ca-4648-b192-40755996c769,1,1,2,4,10,14,5,11,16,1,4
2023-11-24,68ee7089-2910-4334-bc32-ebf40584f795,3,0,3,9,0,9,12,0,12,1,4
2023-11-24,690ad535-b105-420a-87c1-f75efab79156,49,26,75,0,2,2,49,28,77,1,7
2023-11-24,692100c6-9a59-40f5-953f-aac8ddb3fd87,0,4,4,0,0,0,0,4,4,1,1
2023-11-24,6933c54c-2b7d-4edd-9ffa-3f83ca6f5acc,2,9,11,12,2,14,14,11,25,1,5
2023-11-24,694dbb2f-855e-4bb1-aa15-b56d0d445441,8,11,19,23,3,26,31,14,45,1,6
2023-11-24,695bbc09-3055-4d3b-80e9-8f704aab451a,12,20,32,11,15,26,23,35,58,1,12
2023-11-24,697308eb-3123-4016-87ce-709b427605f5,3,3,6,23,12,35,26,15,41,1,6
2023-11-24,698613f3-e67d-45a4-b70d-736df0e67653,5,3,8,1,2,3,6,5,11,1,2
2023-11-24,69a3fc95-579f-4104-b097-1adbeb6bdd7c,2,4,6,0,0,0,2,4,6,1,2
2023-11-24,69bfe4b5-495d-4b6d-8edb-e1b6de564f6f,9,13,22,0,0,0,9,13,22,1,6
2023-11-24,69d261fa-713e-475a-b68d-09905544b83d,5,0,5,1,0,1,6,0,6,1,4
2023-11-24,69ec590d-4f47-4f19-95c4-6e92911b091f,5,8,13,0,0,0,5,8,13,1,2
2023-11-24,69fa4550-0cd5-47ad-8ed3-911af16bc957,7,8,15,0,0,0,7,8,15,1,1
2023-11-24,6a0674a6-b6b2-497e-9a71-e551548ea4dd,6,8,14,0,0,0,6,8,14,1,1
2023-11-24,6a25dbb5-b068-423f-b96b-2c9747798953,13,9,22,2,0,2,15,9,24,1,1
2023-11-24,6a3ee400-51bb-438e-a64d-6c25b356ebd7,3,0,3,1,0,1,4,0,4,1,2
2023-11-24,6a537af0-518e-4746-b875-dbf928e3cd47,7,9,16,118,58,176,125,67,192,1,7
2023-11-24,6a777d46-1ec2-46d9-a805-87f61de03310,0,1,1,4,3,7,4,4,8,1,1
2023-11-24,6a8ab4b1-6b39-4744-a58d-312f55e1e9dc,1,0,1,0,0,0,1,0,1,1,1
2023-11-24,6a9b8e48-0810-4804-a97b-ec764ac4933d,75,90,165,0,1,1,75,91,166,1,5
2023-11-24,6aaa2bf5-7679-4ee4-88fa-467e4b264c36,23,28,51,2,0,2,25,28,53,1,2
2023-11-24,6ad937fa-7a04-41ae-8a73-cb66e61e35c4,243,246,489,67,19,86,310,265,575,1,12
2023-11-24,6ae5c08a-d5c9-4e33-8121-c1af41266953,19,23,42,0,0,0,19,23,42,1,3
2023-11-24,6b03d51c-7100-4b7c-90d8-8157989fa015,68,95,163,11,2,13,79,97,176,1,2
2023-11-24,6b218669-199f-4160-b19f-a660a6aea6f2,2,1,3,26,24,50,28,25,53,1,3
2023-11-24,6b296322-da50-4ca5-88ce-07b866db4413,140,122,262,377,90,467,517,212,729,1,16
2023-11-24,6b4447c7-e49b-40b1-bb54-bd9184325dc5,11,13,24,3,1,4,14,14,28,1,5
2023-11-24,6b51aca1-fa90-463d-a182-55cd2e0f37cf,62,41,103,1,6,7,63,47,110,1,4
2023-11-24,6b6f8fcd-9817-43ec-9ade-18946863b97d,14,24,38,3,1,4,17,25,42,1,5
2023-11-24,6b969029-8dc5-4941-8b3a-a49490d0a4a7,0,2,2,0,0,0,0,2,2,1,1
2023-11-24,6bb29ff9-b981-4764-a788-937b97286ab7,83,40,123,31,8,39,114,48,162,1,5
2023-11-24,6bbb77b3-9ad1-421c-8173-2f423f7d6aa6,1,4,5,1,0,1,2,4,6,1,3
2023-11-24,6bcdefcc-0f0f-4798-b13d-8a3e5a15bbd5,7,8,15,0,0,0,7,8,15,1,3
2023-11-24,6be780df-d5a4-40d1-9de6-ec2610186c4c,5,8,13,0,2,2,5,10,15,1,2
2023-11-24,6bfe3c62-9e27-4a57-95d5-8d4f7d01f61c,8,9,17,8,0,8,16,9,25,1,7
2023-11-24,6c0db497-6c04-43ab-a9ab-a8612f78728f,1,0,1,0,0,0,1,0,1,1,1
2023-11-24,6c331c24-b2d2-428c-8158-a2670ab6000e,0,0,0,1,0,1,1,0,1,1,1
2023-11-24,6c5d2ba6-8d86-4abb-8cac-c3d950f09a98,0,0,0,0,2,2,0,2,2,1,2
2023-11-24,6c7bd153-1d8a-470b-b310-c5d1663bb68d,22,6,28,1,0,1,23,6,29,1,3
2023-11-24,6c83d07c-63eb-46da-b411-fa27724942ff,4,1,5,5,0,5,9,1,10,1,2
2023-11-24,6cb47f6c-a6ac-4050-90f9-dc709d1da4c6,19,11,30,0,0,0,19,11,30,1,2
2023-11-24,6cd6a721-a91c-49dc-baa3-e2fcf77e29a7,0,9,9,0,8,8,0,17,17,1,2
2023-11-24,6cf10530-74d6-4cb9-b4ad-9b5ca3015834,0,0,0,0,2,2,0,2,2,1,1
2023-11-24,6d16c870-076d-41cb-ad78-8ead88086638,5,3,8,1,1,2,6,4,10,1,3
2023-11-24,6d29da6e-7783-47ec-abf9-fee4f360ae2d,2,0,2,0,0,0,2,0,2,1,2
2023-11-24,6d5704ee-2df9-43d9-9446-ebda84f807f3,4,13,17,2,5,7,6,18,24,1,3
2023-11-24,6d6ce9a5-2a70-4262-ad1d-62f95fcb7cf1,15,11,26,19,1,20,34,12,46,1,7
2023-11-24,6d7f35c0-a9f9-4b73-8a2f-3379a027fdf9,2,3,5,0,0,0,2,3,5,1,3
2023-11-24,6da99159-a4f1-4378-a8b1-427e9d7597cb,1,0,1,0,0,0,1,0,1,1,1
2023-11-24,6db4eab6-0df9-4528-87be-32bb10e353f1,4,2,6,48,30,78,52,32,84,1,5
2023-11-24,6dd2a91c-7f3d-4fe4-9d7e-e91ecd1687f8,42,78,120,70,13,83,112,91,203,1,11
2023-11-24,6df223f6-4bcb-4007-b173-4fb2ab106325,41,42,83,1,1,2,42,43,85,1,5
2023-11-24,6e0d9c1b-035b-4d68-81c1-e9f6400042d8,0,1,1,0,0,0,0,1,1,1,1
2023-11-24,6e1c63ae-a0df-4193-8421-778eddb0efcb,241,235,476,9,4,13,250,239,489,1,6
2023-11-24,6e2b324f-2a0e-4426-96ca-c83dcc30f726,1,1,2,0,0,0,1,1,2,1,1
2023-11-24,6e3c72b0-257d-489b-939f-b6e24bae4226,5,7,12,0,0,0,5,7,12,1,2
2023-11-24,6e6162f7-7539-4f0d-823c-0b933c60c8bd,2,3,5,1,0,1,3,3,6,1,2
2023-11-24,6e74700e-b95a-4aaa-9dee-507ba2f4d684,1,0,1,11,0,11,12,0,12,1,3
2023-11-24,2da319e8-22ac-435c-81c6-4c85fd13a83f,2,5,7,0,0,0,2,5,7,1,2
2023-11-24,2daecaaa-7f53-4204-b048-df371d35ecd1,53,39,92,5,0,5,58,39,97,1,4
2023-11-24,2dc87a8e-ecc1-43bc-8149-49c8bba2d506,10,7,17,184,12,196,194,19,213,1,7
2023-11-24,2e04c170-8d38-4353-ad00-6102c2333e2a,30,62,92,0,3,3,30,65,95,1,7
2023-11-24,2e2c47ef-0421-4c4a-acd4-624c78d7cd2a,284,241,525,4,10,14,288,251,539,1,4
2023-11-24,2e4b9665-209a-4759-aad9-bf5d21d9bdd7,88,77,165,258,38,296,346,115,461,1,11
2023-11-24,2e610140-0f70-45e3-bbf0-fbe24ba0fd4b,0,5,5,0,0,0,0,5,5,1,2
2023-11-24,2e90c537-f0cd-43c1-a2d0-a8215b518754,99,96,195,0,0,0,99,96,195,1,12
2023-11-24,2ead023c-b158-4ed6-a992-f83883d79917,147,201,348,1,1,2,148,202,350,1,5
2023-11-24,2ec48bda-abb1-4492-a80c-f189ad25c760,2,3,5,0,1,1,2,4,6,1,1
2023-11-24,2ee72e2c-2125-42c8-b957-3267dd9a45bc,66,66,132,4,9,13,70,75,145,1,6
2023-11-24,2ef9263c-efda-4382-bc97-8dc681c0d668,4,1,5,6,3,9,10,4,14,1,7
2023-11-24,2f0b9df7-fb26-4b6c-b991-b0ed5e66fd45,53,70,123,1,1,2,54,71,125,1,7
2023-11-24,2f24e885-c745-40d6-bdf0-1176b94caa06,17,26,43,1,2,3,18,28,46,1,3
2023-11-24,2f3a4aaa-267d-4bfb-8b9e-9bf1799a5ea9,13,13,26,1,1,2,14,14,28,1,6
2023-11-24,2f4e2984-388e-415a-93d2-3bf79ce38370,3,14,17,2,7,9,5,21,26,1,6
2023-11-24,2f595d82-f741-4e4f-bd5f-1cb7fa462a28,16,19,35,2,2,4,18,21,39,1,5
2023-11-24,2f72912d-3c83-4cca-8f27-22044489f92c,15,17,32,17,15,32,32,32,64,1,7
2023-11-24,2f91c2ea-3671-405f-8da4-003f65f522c6,101,187,288,64,36,100,165,223,388,1,26
2023-11-24,2fad005a-ffca-457a-af7d-eada3f4f7317,139,112,251,5,0,5,144,112,256,1,3
2023-11-24,2fc74f05-cdf0-4903-988b-e5b40207c2ad,1,0,1,0,0,0,1,0,1,1,1
2023-11-24,2fe0788e-3f97-40c9-8c8a-2d37e79f20da,5,6,11,0,0,0,5,6,11,1,3
2023-11-24,2ffd87a7-950f-43f3-8f46-f32179414b88,264,351,615,11,1,12,275,352,627,1,10
2023-11-24,300574fd-3c30-45b3-9212-597e9168d7e4,1,0,1,18,6,24,19,6,25,1,2
2023-11-24,301691f8-af8d-477e-a041-23cbdde5f5ff,45,69,114,6,26,32,51,95,146,1,6
2023-11-24,303bef04-5938-44fa-8eeb-101ac6006989,17,8,25,0,0,0,17,8,25,1,6
2023-11-24,304952b0-08c5-498f-b36c-4e7590b22ee9,3,11,14,1,1,2,4,12,16,1,3
2023-11-24,30588773-b393-452d-a0ab-da6e36605b2f,3,3,6,11,0,11,14,3,17,1,2
2023-11-24,3082a9bd-b71c-4521-af31-5a8eb009bb93,6,9,15,2,0,2,8,9,17,1,3
2023-11-24,30b7c2c3-d339-46a2-87f6-d37810489428,1,2,3,0,0,0,1,2,3,1,2
2023-11-24,30d2f656-c2f5-4965-8863-5b17cf8250dd,1,1,2,0,0,0,1,1,2,1,2
2023-11-24,30ed3bb7-b3a3-485c-964e-b0e6e8220135,12,15,27,0,14,14,12,29,41,1,3
2023-11-24,310c7319-ea7c-40ab-bfe7-661ac8e64e04,1,0,1,0,0,0,1,0,1,1,1
2023-11-24,31206ca8-07dc-4367-88ce-81d69865e0e2,1,2,3,0,0,0,1,2,3,1,1
2023-11-24,312f7e55-207a-4d81-8a09-990c96587ed2,5,4,9,55,6,61,60,10,70,1,3
2023-11-24,313bea0a-54d6-49f2-8bec-890bd59106ef,37,44,81,5,0,5,42,44,86,1,2
2023-11-24,31599e2f-15b7-411b-955f-78f94e965770,0,0,0,1,0,1,1,0,1,1,1
2023-11-24,3185990d-e57b-46d6-b24a-01d95d624391,32,30,62,10,0,10,42,30,72,1,9
2023-11-24,318f94b0-42a4-401e-9ce9-14a26a5d2555,9,12,21,0,0,0,9,12,21,1,5
2023-11-24,31ab8fa4-0775-4d7e-ab75-c714da9206bb,197,208,405,6,8,14,203,216,419,1,4
2023-11-24,31baa94c-4d8e-4aa8-abc7-b1c2c7080888,2,0,2,8,0,8,10,0,10,1,4
2023-11-24,31c75729-e789-4459-a4c4-c9dba58f9f0a,37,44,81,94,4,98,131,48,179,1,10
2023-11-24,31d6ad76-56bd-4416-a02d-e792b12befef,19,16,35,2,0,2,21,16,37,1,3
2023-11-24,31ed01e7-cd9a-477c-ad3e-37b9c5f0d7cc,2,0,2,0,0,0,2,0,2,1,1
2023-11-24,32316ce3-f656-4f6e-870f-51fa53fc1491,26,22,48,115,91,206,141,113,254,1,5
2023-11-24,32400102-6f4d-4d92-bbd4-590a3194d236,9,2,11,18,10,28,27,12,39,1,8
2023-11-24,324e52cd-2d47-45f7-ae47-19905f45b6be,197,197,394,149,85,234,346,282,628,1,9
2023-11-24,3271a07c-2273-4887-81c0-9da4eb8f2072,5,7,12,1,0,1,6,7,13,1,1
2023-11-24,328e7266-c120-4855-b4e8-cb18dfe8bac1,53,39,92,3,1,4,56,40,96,1,10
2023-11-24,32bf91ed-b279-469d-bff2-cb3703019a90,51,47,98,5,0,5,56,47,103,1,6
2023-11-24,32d5a78b-34f4-4132-a9dc-ffe7f50b6e6b,8,9,17,5,1,6,13,10,23,1,5
2023-11-24,32f055d3-4961-4de4-8802-017434ac1461,11,38,49,2,5,7,13,43,56,1,5
2023-11-24,33236a02-264a-4ead-84ce-9c0069d1c734,21,24,45,2,9,11,23,33,56,1,5
2023-11-24,3336a97a-7b72-433a-bb7b-729238608eb0,1,1,2,0,0,0,1,1,2,1,1
2023-11-24,33473489-543e-4112-8bd2-3a8097263f91,8,1,9,0,0,0,8,1,9,1,4
2023-11-24,336edf5e-9249-420e-919d-c8cd77d1f2dc,12,20,32,3,0,3,15,20,35,1,5
2023-11-24,338ce255-7410-48e2-b6a1-b8fac41b82b0,253,263,516,9,5,14,262,268,530,1,10
2023-11-24,3393790d-1f9f-47f9-8a63-e237d18d6a2a,8,19,27,27,8,35,35,27,62,1,10
2023-11-24,33a98995-0c50-4756-b1be-f555338977d9,40,49,89,0,2,2,40,51,91,1,5
2023-11-24,33b80dd7-89ab-48d4-bb06-14abfb9992a6,1,0,1,0,0,0,1,0,1,1,1
2023-11-24,33cff8e3-8ee6-4fe8-9c45-644736e25d4c,38,41,79,2,0,2,40,41,81,1,11
2023-11-24,33e0bc33-1c47-44ac-ab0c-40ee9db0fbe9,122,113,235,24,23,47,146,136,282,1,7
2023-11-24,3412b752-5407-4dfa-85b6-2db0fa5b433b,3,3,6,1,0,1,4,3,7,1,2
2023-11-24,3429d76c-3d4b-428e-a290-68e8a3ce79fe,33,53,86,1,1,2,34,54,88,1,2
2023-11-24,344afe75-adf0-4804-988f-bb1e3fbb4596,2,0,2,0,0,0,2,0,2,1,2
2023-11-24,3460cda1-161a-45b3-bcc9-f0f1546e487f,32,41,73,5,8,13,37,49,86,1,9
2023-11-24,348ee27b-867b-432f-aab1-57424417473d,35,26,61,3,1,4,38,27,65,1,6
2023-11-24,34a3a576-dab3-448d-928c-94dc6b7270b9,10,9,19,0,0,0,10,9,19,1,4
2023-11-24,34d1d9ad-f1fa-42be-a08e-e04826424250,284,390,674,17,25,42,301,415,716,1,18
2023-11-24,34df922b-8db6-479a-b3f2-be83c06a1a59,20,30,50,0,0,0,20,30,50,1,5
2023-11-24,34e874df-6560-4a0c-91f9-24ea9b62a079,2,1,3,7,0,7,9,1,10,1,4
2023-11-24,34f5df75-cb37-42ac-8893-03dc82b21066,14,8,22,12,0,12,26,8,34,1,6
2023-11-24,35151ec9-23e2-40b9-81f7-3fbd5a091ca1,130,80,210,2,1,3,132,81,213,1,8
2023-11-24,3522ca6e-2cda-4056-b9cb-b8ca74ee4465,1,0,1,0,0,0,1,0,1,1,1
2023-11-24,352dcc3f-cfb6-4672-b6d3-c65f8c383eb1,33,46,79,1,3,4,34,49,83,1,16
2023-11-24,353e2ba8-f205-413f-b679-f90675374c02,6,4,10,0,7,7,6,11,17,1,7
2023-11-24,3568aa20-9129-4040-b15f-20f0b3be30d1,9,9,18,0,0,0,9,9,18,1,4
2023-11-24,357fb3c3-ae0e-4968-8dc7-0f0cf5e6ea7b,43,120,163,14,11,25,57,131,188,1,10
2023-11-24,35990a8c-cbbe-4f34-ada9-c6ce049b261c,2,2,4,0,0,0,2,2,4,1,2
2023-11-24,35aa95bb-8fc2-4e44-959b-80df11ae0f01,163,227,390,1,0,1,164,227,391,1,5
2023-11-24,35b7fef1-da56-46f5-bb52-f434b3018844,7,11,18,0,1,1,7,12,19,1,2
2023-11-24,35c64da9-bead-4b66-8623-9eefe2eab4e0,0,0,0,32,2,34,32,2,34,1,1
2023-11-24,35e17316-fb69-49ff-bc5a-0ccf7e948056,24,43,67,0,1,1,24,44,68,1,5
2023-11-24,35e880e4-3085-4dcf-a4ef-459456df1220,3,2,5,2,1,3,5,3,8,1,3
2023-11-24,35ff4520-1da4-4916-965c-6a56e9099add,28,25,53,19,8,27,47,33,80,1,2
2023-11-24,3608cc4b-3e3f-47f4-9ca1-989f2707de1a,3,6,9,8,0,8,11,6,17,1,3
2023-11-24,362a25a0-b5be-477e-b082-493df6aff564,2,0,2,9,0,9,11,0,11,1,3
2023-11-24,36453474-8c55-4306-b990-4f60fd998836,5,5,10,0,1,1,5,6,11,1,2
2023-11-24,3666ea4e-58ff-465b-ac04-b25d2751c1c5,5,13,18,0,0,0,5,13,18,1,6
2023-11-24,36775855-d6f2-4be0-8679-ef67553d89d7,1,1,2,0,2,2,1,3,4,1,2
2023-11-24,3683f96e-5d53-433e-a332-d83c96dfafd4,0,2,2,0,0,0,0,2,2,1,2
2023-11-24,368dc59c-be16-4be2-8e1e-407114983b6b,121,108,229,2,1,3,123,109,232,1,6
2023-11-24,369ca56f-c38c-4c8c-9c76-3646afa44bac,13,19,32,0,0,0,13,19,32,1,2
2023-11-24,36b4413c-eb21-4ef0-a38b-1e004e4c4dc7,9,9,18,2,2,4,11,11,22,1,5
2023-11-24,36bba7d0-336a-446b-a265-679319ec3246,1,2,3,0,0,0,1,2,3,1,1
2023-11-24,36dbbec3-7164-48c3-a37c-15680d33cd5a,57,51,108,1,0,1,58,51,109,1,6
2023-11-24,36f7e70b-b569-4de2-b6b5-992a482405c0,0,0,0,248,59,307,248,59,307,1,1
2023-11-24,373ece07-a85d-4460-ae89-3dcdcdb5ef5c,158,327,485,3,3,6,161,330,491,1,31
2023-11-24,374e8fdf-caa3-4f0c-a53c-697a76d21b25,51,54,105,0,0,0,51,54,105,1,2
2023-11-24,37721e9b-a547-4209-88ec-50a9030ada9d,8,6,14,11,2,13,19,8,27,1,4
2023-11-24,378b2df9-1787-45d4-9b8b-b2573f78dfe4,3,9,12,9,8,17,12,17,29,1,5
2023-11-24,37b7652e-22bd-4998-a39d-eed8005103cd,1,0,1,0,0,0,1,0,1,1,1
2023-11-24,37e4418b-56d2-4411-9989-bcebb1c816ab,56,79,135,9,3,12,65,82,147,1,7
2023-11-24,37efffb6-6b72-4a5f-ac4c-d1b6f06fb3f4,2,1,3,1,2,3,3,3,6,1,2
2023-11-24,38053422-344b-44f8-9a9d-42a81d490af0,12,21,33,39,0,39,51,21,72,1,3
2023-11-24,380ffa97-0c6e-4c8b-94f6-f8f6de779eb0,7,9,16,1,0,1,8,9,17,1,7
2023-11-24,3821c0f7-e3a1-47f5-8ff3-78c79d650d0c,6,2,8,0,0,0,6,2,8,1,4
2023-11-24,382bbb14-f803-4443-943b-307a853bab6c,10,17,27,2,0,2,12,17,29,1,2
2023-11-24,3841ff97-397b-48f4-b6ad-ae3fccfc4a0e,150,149,299,0,5,5,150,154,304,1,3
2023-11-24,3868183c-7dbe-418c-9e22-f66e23aeb77a,1,0,1,0,0,0,1,0,1,1,1
2023-11-24,387d5660-7552-4771-a6ae-bb25b1a2f4ab,7,9,16,7,0,7,14,9,23,1,5
2023-11-24,3896dbdf-68a9-4994-aef6-02b16f015fcc,0,0,0,3,0,3,3,0,3,1,2
2023-11-24,38bd9923-c8eb-4671-b09e-e2004cbe9bba,8,8,16,1,0,1,9,8,17,1,1
2023-11-24,38e5b7d9-0f1b-4925-a666-99192f94861b,5,16,21,0,0,0,5,16,21,1,4
2023-11-24,38f2715e-bfee-433c-9634-8a4912f79df0,73,66,139,2,1,3,75,67,142,1,6
2023-11-24,3908634d-6b48-46f5-8ffb-7f0b8cb92535,21,29,50,36,13,49,57,42,99,1,6
2023-11-24,391bb1c6-9ca4-4c9f-bff0-d56492fc8ca5,59,54,113,1,3,4,60,57,117,1,1
2023-11-24,39376d47-46f5-4503-b84c-3818b32856f5,29,35,64,2,1,3,31,36,67,1,8
2023-11-24,394456ad-64f6-4920-a33d-884bf9da5211,177,139,316,14,6,20,191,145,336,1,17
2023-11-24,395897c0-5c9f-4c2f-b93c-63cafcf6680d,26,30,56,2,0,2,28,30,58,1,3
2023-11-24,396b7fd7-f9c6-4b9e-bda9-4650106618cf,0,0,0,1,1,2,1,1,2,1,2
2023-11-24,398bf7e3-34b8-4377-9dd5-a08f59e71c0f,40,58,98,0,0,0,40,58,98,1,14
2023-11-24,39ba5e37-1b0d-4558-9b13-67b1d8f777f4,7,9,16,1,1,2,8,10,18,1,3
2023-11-24,39ccfa93-6e4c-4fe0-b9aa-e9efeb537e6c,15,16,31,4,1,5,19,17,36,1,3
2023-11-24,39e3507d-86e4-4242-98ee-e75b0499b45d,43,31,74,1,0,1,44,31,75,1,5
2023-11-24,39fbdf32-c20d-49de-9b23-b67ee6020c46,13,11,24,7,0,7,20,11,31,1,8
2023-11-24,3a1b791a-192a-4efa-a2de-1a4cf237c774,20,15,35,17,0,17,37,15,52,1,5
2023-11-24,3a3d1974-5eed-4e79-826e-e2c2f2d49096,0,1,1,1,1,2,1,2,3,1,2
2023-11-24,3a629554-fdf7-4f59-b82a-27790c654606,147,140,287,8,2,10,155,142,297,1,5
2023-11-24,3a883023-f56b-4964-a252-7bfd49137ae4,2,5,7,0,0,0,2,5,7,1,1
2023-11-24,3aafc47d-3270-467b-a908-fdb0c43040b5,34,48,82,1,0,1,35,48,83,1,6
2023-11-24,3ad9e756-361a-4df4-8903-b15dd97dd541,1,0,1,0,0,0,1,0,1,1,1
2023-11-24,3afd5502-7b45-4e03-92ce-16e7ae91ae79,1,1,2,5,1,6,6,2,8,1,2
2023-11-24,3b288a94-68b6-4d8e-bdad-1a18f0d1f8f5,104,112,216,2,3,5,106,115,221,1,8
2023-11-24,3b36ecce-e4ae-4bbe-b06b-4eb77324eebb,5,6,11,14,0,14,19,6,25,1,3
2023-11-24,3b5f1355-c67f-406a-9b0e-5cf80fd1c812,0,0,0,1,0,1,1,0,1,1,1
2023-11-24,3b718578-53c8-4fcd-b419-ac0bf0f22d7e,93,73,166,4,0,4,97,73,170,1,5
2023-11-24,3b86d2cb-9294-4594-9947-a6c5f54ce19f,2,7,9,2,3,5,4,10,14,1,5
2023-11-24,3b9ae7fa-6691-49fb-9d77-c5d732a9df5d,11,10,21,0,0,0,11,10,21,1,4
2023-11-24,3bcb6790-ccc7-4ced-bbff-96ef3796b8a9,9,18,27,10,0,10,19,18,37,1,3
2023-11-24,3bd9baab-4fb6-43a2-8f47-f68174e129d2,2,6,8,0,0,0,2,6,8,1,1
2023-11-24,3befce64-1be0-4b46-9b78-e01b8afdac2d,1,0,1,40,24,64,41,24,65,1,4
2023-11-24,3c0c2d76-5440-4a06-bc2d-57785bc8d035,6,1,7,4,1,5,10,2,12,1,2
2023-11-24,3c19b6a7-df67-4430-8b74-91604e655c64,9,11,20,0,0,0,9,11,20,1,2
2023-11-24,3c3d022e-2dab-4c11-8a02-2d5e0cb84937,12,14,26,53,24,77,65,38,103,1,8
2023-11-24,3c5a5144-2994-450f-9b81-1a9cf247f46a,46,84,130,2,11,13,48,95,143,1,5
2023-11-24,3c7b7fff-07a1-4054-a0a7-c30526575bee,1,0,1,0,1,1,1,1,2,1,2
2023-11-24,3c8fe376-65ed-4208-8611-6ace96736f01,30,41,71,1,0,1,31,41,72,1,9
2023-11-24,3ca8ba0e-38b4-4f38-9059-2140e7ac4f86,6,0,6,0,0,0,6,0,6,1,1
2023-11-24,3caed186-006e-4cee-b6b3-ce157ee2b696,4,3,7,0,0,0,4,3,7,1,4
2023-11-24,3cd0cd8c-3350-412a-8ed2-7a7f1758482c,12,0,12,0,0,0,12,0,12,1,2
2023-11-24,3ce62f76-4d80-4498-88f9-ee4974870528,2,2,4,0,0,0,2,2,4,1,2
2023-11-24,3d0590de-66e8-4e6e-8006-22237ebcd1a8,45,42,87,19,3,22,64,45,109,1,11
2023-11-24,3d249b6a-ddf4-4296-a8e8-cd63358350dc,22,22,44,0,0,0,22,22,44,1,6
2023-11-24,3d37f4a7-2881-4ca9-a9f0-89c352fc689e,1,3,4,19,0,19,20,3,23,1,2
2023-11-24,3d5c9fe6-8496-4e72-9282-49e109a74388,2,6,8,101,38,139,103,44,147,1,4
2023-11-24,3d765d8e-22d4-4f30-b90b-d954d45d1ab8,2,0,2,0,0,0,2,0,2,1,1
2023-11-24,3da4cabf-6e5d-4370-8a07-7c5fb680fd2a,3,6,9,0,22,22,3,28,31,1,4
2023-11-24,3dbd68e1-fe17-40d4-af66-a312809c1eb9,44,41,85,0,0,0,44,41,85,1,6
2023-11-24,3dfab78b-cf69-479b-ae02-eb50aa22f136,19,19,38,49,16,65,68,35,103,1,9
2023-11-24,3e1b9b93-579d-4ee8-ba90-0daceff84a0c,1,14,15,1,10,11,2,24,26,1,6
2023-11-24,3e2b2e05-deef-4c18-81d4-6e8f81acddc9,1,0,1,0,0,0,1,0,1,1,1
2023-11-24,3e486da1-6902-4294-bf7a-22ded43f5970,6,16,22,1,1,2,7,17,24,1,2
2023-11-24,3e796387-f0b1-41d6-88dd-956a404011d2,1,0,1,0,0,0,1,0,1,1,1
2023-11-24,3e9d5ca9-325b-45fc-99d3-5bdabd82269d,4,8,12,0,1,1,4,9,13,1,2
2023-11-24,3eb9690e-a0d1-432f-8618-abe3c185ca0f,0,0,0,11,0,11,11,0,11,1,2
2023-11-24,3ecdc462-4cf9-47ef-9111-deb3c7a2a79d,52,52,104,17,14,31,69,66,135,1,6
2023-11-24,3ed6525b-ced6-441d-a320-1c6b8df270d6,11,16,27,3,0,3,14,16,30,1,9
2023-11-24,3ee673a6-ae18-417c-9389-3be743ffb4fa,3,1,4,5,0,5,8,1,9,1,6
2023-11-24,3f02dcfe-7094-4736-b069-6ca87755a0f3,0,0,0,146,0,146,146,0,146,1,5
2023-11-24,3f178946-c956-4cab-86a6-00e9e276a6e2,6,6,12,0,0,0,6,6,12,1,3
2023-11-24,3f3c4cde-67c9-4eea-8654-6a5f6029bbe8,1,0,1,4,1,5,5,1,6,1,2
2023-11-24,3f72256a-6755-4003-bf54-fab9dc902f5c,4,7,11,0,0,0,4,7,11,1,2
2023-11-24,3fa62428-d221-4a02-a5e3-cfdaa348146e,25,30,55,3,1,4,28,31,59,1,4
2023-11-24,3fc70936-65ed-4364-a607-8f8c4035392c,13,22,35,4,0,4,17,22,39,1,3
2023-11-24,3fe89e01-e8ac-4a42-848b-e1e68d3b27db,6,0,6,0,0,0,6,0,6,1,1
2023-11-24,3ffc7c83-fa92-47c2-a8ae-5c7a39f80f81,26,27,53,0,0,0,26,27,53,1,1
2023-11-24,401cea8d-ab2e-4ba8-8c87-d455706e5803,0,0,0,1,0,1,1,0,1,1,1
2023-11-24,4032c3f1-b980-4dc5-93eb-c32583279853,2,0,2,24,0,24,26,0,26,1,4
2023-11-24,40406c76-fabe-4613-b0ab-035503bc1477,9,15,24,1,0,1,10,15,25,1,6
2023-11-24,4055b179-028c-4424-9434-bbe5aa5295e3,3,0,3,5,1,6,8,1,9,1,2
2023-11-24,40a1b9c8-29a3-4767-8e56-86929c8f09b4,2,0,2,1,0,1,3,0,3,1,2
2023-11-24,40ce44dd-09f6-4337-869d-e1914805e9cd,13,9,22,0,0,0,13,9,22,1,9
2023-11-24,40ef04ff-5e4c-4058-9fb5-9bd3a6665d03,41,44,85,0,3,3,41,47,88,1,6
2023-11-24,40fd9cd2-2444-4332-b360-6fe797099c30,279,214,493,9,1,10,288,215,503,1,6
2023-11-24,41099063-82fc-4af7-abfd-2512a448b097,0,1,1,0,0,0,0,1,1,1,1
2023-11-24,4121ec34-9279-4396-89b8-56d2b2d58e2c,0,0,0,16,8,24,16,8,24,1,2
2023-11-24,412b78f6-ab0e-489d-baba-3e5e8dcb90ee,21,27,48,0,2,2,21,29,50,1,4
2023-11-24,4141eb9a-6a0b-4428-a06f-8b66ac6f0bf7,8,6,14,0,0,0,8,6,14,1,6
2023-11-24,414971c7-188a-418c-a1c0-c970fc1635c3,2,1,3,0,0,0,2,1,3,1,1
2023-11-24,41741b43-11d7-4070-beba-4c42205f769e,2,3,5,0,0,0,2,3,5,1,2
2023-11-24,4194e139-3281-4a73-9902-3bb15f76c1c0,7,7,14,0,0,0,7,7,14,1,1
2023-11-24,41a6b84d-5475-4f03-bbbc-94ac8f2bbb58,5,7,12,19,0,19,24,7,31,1,4
2023-11-24,41b6f7f1-7ae9-45d8-b2cd-9aaf9ef8b8ba,15,15,30,6,2,8,21,17,38,1,2
2023-11-24,41cc7cc2-4859-4808-a411-fe80e24d07b1,3,8,11,0,0,0,3,8,11,1,1
2023-11-24,41de82e0-dd9a-4704-bf11-7bc1f41e99f3,2,1,3,1,0,1,3,1,4,1,2
2023-11-24,41eda8a0-9c0d-4cd5-9d12-fcb051363c93,25,17,42,6,1,7,31,18,49,1,17
2023-11-24,42151ce9-cf3d-4eea-b8d2-58b09b97b5a2,9,2,11,0,0,0,9,2,11,1,4
2023-11-24,4227c616-1bad-445a-b907-7eb185955fd9,55,29,84,9,1,10,64,30,94,1,3
2023-11-24,424557ab-ff14-4c2c-a85c-a12b2fceddec,9,6,15,1,1,2,10,7,17,1,2
2023-11-24,4258d5b6-e2e6-4d9c-a403-8592c16d3542,0,4,4,0,0,0,0,4,4,1,2
2023-11-24,426d7d7a-896b-4615-8c64-029d2fc0a1e3,36,49,85,12,2,14,48,51,99,1,27
2023-11-24,427b18cd-e34d-4d4a-a64d-b4e6895ab71b,53,73,126,166,109,275,219,182,401,1,8
2023-11-24,42916b31-581a-4578-984d-77cefdc5f270,2,0,2,0,0,0,2,0,2,1,2
2023-11-24,42acf8ad-c567-49f3-ac7f-297ea7b3aec2,5,7,12,0,0,0,5,7,12,1,3
2023-11-24,42d8377d-7a0a-4cc9-93f3-f48f777f1da8,10,7,17,20,30,50,30,37,67,1,6
2023-11-24,42e72b7d-4d02-4b70-8921-3bdcbd520914,11,7,18,16,4,20,27,11,38,1,8
2023-11-24,43058e08-3ac2-42a1-ad06-af8e17644dc5,7,8,15,1,0,1,8,8,16,1,5
2023-11-24,4311ffd6-161d-4307-baa4-ef6f6568d09e,22,25,47,9,7,16,31,32,63,1,7
2023-11-24,433852b8-6c5f-4405-8fe1-13413210a4a2,2,6,8,0,0,0,2,6,8,1,2
2023-11-24,43477c07-32fa-440b-b332-69ed69febafa,24,33,57,1,0,1,25,33,58,1,3
2023-11-24,435b793d-8354-40c4-8266-4d739498e189,19,8,27,1,5,6,20,13,33,1,11
2023-11-24,436fcb38-e3ce-46bb-b16c-cb33ccb0c390,1,0,1,0,0,0,1,0,1,1,1
2023-11-24,438ba1e8-2f96-494b-827a-9f65ceffb11d,35,48,83,7,15,22,42,63,105,1,6
2023-11-24,439937cb-4765-4537-a99b-daad5002cad9,28,22,50,2,1,3,30,23,53,1,9
2023-11-24,43a6bbb6-66d4-44a6-9eda-619b3d56e721,0,0,0,1,0,1,1,0,1,1,1
2023-11-24,43e71860-8786-4cf0-9eae-a01b476a3145,0,2,2,0,1,1,0,3,3,1,2
2023-11-24,4404f546-8e8a-4b1c-8922-986447ed2829,35,31,66,0,0,0,35,31,66,1,3
2023-11-24,44196700-646a-4014-ad28-27551bf0a6ba,10,5,15,0,0,0,10,5,15,1,5
2023-11-24,44371d31-1ee4-4d50-8329-1a3a00f42e63,0,0,0,4,0,4,4,0,4,1,1
2023-11-24,44736799-dbe9-4301-93b3-b325b0d3fbfb,31,37,68,9,3,12,40,40,80,1,11
2023-11-24,448bd1fc-7d98-416c-b30c-84920b6b5331,2,1,3,0,0,0,2,1,3,1,2
2023-11-24,44955399-7ab1-4b8e-bc84-729e5fe1b0e3,91,84,175,21,18,39,112,102,214,1,9
2023-11-24,449e4686-fc65-473f-8419-5c7e1bb7f4c6,0,0,0,28,0,28,28,0,28,1,3
2023-11-24,44aaac7c-c027-4f65-8de3-60b079fca40b,0,1,1,0,0,0,0,1,1,1,1
2023-11-24,44cdc85a-f625-49ae-b29e-04ddda74bade,11,18,29,39,20,59,50,38,88,1,6
2023-11-24,44dd2c30-a74f-4ab3-ae5f-cb46a752d75d,30,20,50,1,2,3,31,22,53,1,2
2023-11-24,44f502c0-ba10-4137-868f-06f6bb2eff80,0,1,1,6,3,9,6,4,10,1,2
2023-11-24,450e8d7d-7bad-4c9f-8c31-e8be44cf5360,9,16,25,0,0,0,9,16,25,1,3
2023-11-24,453f388f-90a9-4d57-8dfd-ea1b970767dd,5,4,9,23,0,23,28,4,32,1,3
2023-11-24,456bf39a-b9ae-4e69-9518-0ee3c83efb82,34,33,67,0,0,0,34,33,67,1,9
2023-11-24,457b72b9-15ed-410e-87b9-f134dc443922,60,50,110,120,88,208,180,138,318,1,10
2023-11-24,458a2a4a-0d0b-4327-b67b-7c4a0f3459f9,0,0,0,2,0,2,2,0,2,1,1
2023-11-24,45a696ff-f422-4880-8b6b-067aafea2be8,45,46,91,8,1,9,53,47,100,1,4
2023-11-24,45c0ef43-1f4d-4710-950b-952d074085c3,4,5,9,13,3,16,17,8,25,1,3
2023-11-24,45d1ad24-176d-4e8c-9ea6-aa5fcb7c6c73,256,316,572,0,0,0,256,316,572,1,4
2023-11-24,45eb73da-1834-4652-bbbe-deea691976b5,3,1,4,0,1,1,3,2,5,1,3
2023-11-24,4604e17b-5b57-4713-a2d8-89222b3db5a5,1,4,5,3,3,6,4,7,11,1,1
2023-11-24,4624859b-b796-468c-af67-904a385e7a33,1,1,2,0,0,0,1,1,2,1,2
2023-11-24,4655dee1-1290-4a35-a96e-7b9bd19ca31a,55,61,116,34,30,64,89,91,180,1,7
2023-11-24,4678cd27-7d2b-4979-86dd-f63be7c4b739,2,5,7,0,0,0,2,5,7,1,3
2023-11-24,469ef26b-af5d-4013-89eb-8b9491be6819,4,1,5,0,1,1,4,2,6,1,1
2023-11-24,46b49fe9-ec73-4fd3-a52e-865e090a82be,49,101,150,73,32,105,122,133,255,1,5
2023-11-24,46ce3cf8-56c3-4607-9680-1d52d35ad8da,10,22,32,3,8,11,13,30,43,1,4
2023-11-24,46e2904c-178f-437a-a2f1-d89d2f824634,15,8,23,0,0,0,15,8,23,1,2
2023-11-24,46fea3de-583d-419a-a042-26b6a27e17bc,54,45,99,0,0,0,54,45,99,1,2
2023-11-24,470ee747-abce-4f3a-b8ce-c3c2481d333d,6,8,14,1,2,3,7,10,17,1,1
2023-11-24,4725e978-d804-449a-bc49-5b8f9a73b627,50,49,99,10,24,34,60,73,133,1,7
2023-11-24,47401ec9-27c8-407e-a204-ae8f4d4c1d89,31,40,71,3,1,4,34,41,75,1,7
2023-11-24,475f9233-bf3d-4a16-a317-f26174d7c08d,28,32,60,0,3,3,28,35,63,1,1
2023-11-24,47776125-6220-4968-8ce0-0fcb9d46fc71,632,682,1314,34,12,46,666,694,1360,1,10
2023-11-24,47ae2aa3-d91b-44c4-b492-33b64e91cead,18,16,34,0,0,0,18,16,34,1,5
2023-11-24,47b59d6f-8c76-41af-8597-e9155a4196f3,17,28,45,1,1,2,18,29,47,1,3
2023-11-24,47c34792-6b9a-43a4-a117-d8f64e864fdf,0,5,5,0,0,0,0,5,5,1,1
2023-11-24,47de15fe-b5eb-4d3d-bca7-495588bcbcf7,0,0,0,8,4,12,8,4,12,1,1
2023-11-24,48101d54-dd42-4eb3-94d3-bcb018ac28b9,1,2,3,1,1,2,2,3,5,1,2
2023-11-24,481440da-9868-41bc-8889-043c4aea7a06,11,16,27,0,1,1,11,17,28,1,4
2023-11-24,4830669c-0b1b-43d7-8e61-14f98756acdf,2,1,3,5,1,6,7,2,9,1,4
2023-11-24,48474410-2f4e-48dd-85f2-39948ce0d8ad,9,2,11,0,3,3,9,5,14,1,7
2023-11-24,48637762-45b2-4698-b30d-7a0ae116aedb,7,12,19,0,0,0,7,12,19,1,5
2023-11-24,489a11be-3501-4537-b6fa-41e7ff59fb7e,24,26,50,7,9,16,31,35,66,1,9
2023-11-24,48a9ce75-0224-4d27-a710-8489f348c5ac,10,18,28,0,0,0,10,18,28,1,3
2023-11-24,48c10a00-73aa-4c67-949c-a1a33f211a31,0,0,0,1,0,1,1,0,1,1,1
2023-11-24,48d29ed3-b8a0-4199-a4e6-94117a13c385,246,291,537,9,7,16,255,298,553,1,12
2023-11-24,48f5b473-3e02-4a8b-80cd-54dff61c04a8,19,17,36,1,0,1,20,17,37,1,6
2023-11-24,490b792f-761a-4c2a-9bc1-f3583bb12ff5,19,17,36,16,14,30,35,31,66,1,8
2023-11-24,491df4e3-0783-4e8b-b46b-88fc083b7d13,3,3,6,0,0,0,3,3,6,1,2
2023-11-24,49295757-3b85-4da6-8549-38fcae6a187e,33,24,57,2,10,12,35,34,69,1,6
2023-11-24,4938c35a-72a1-4a54-af76-aa26dd74db42,20,18,38,1,2,3,21,20,41,1,5
2023-11-24,49479146-01bd-44a1-86c7-d193db8e2dac,0,2,2,1,0,1,1,2,3,1,2
2023-11-24,4950518c-724f-4b7e-946f-4be5b8b55333,3,5,8,3,1,4,6,6,12,1,1
2023-11-24,495ab0ce-f99b-4271-9f8b-f5f35cbb2184,148,126,274,3,0,3,151,126,277,1,4
2023-11-24,49728aaa-2e6f-4bf1-9987-ad1e5c26219b,9,4,13,0,0,0,9,4,13,1,4
2023-11-24,498bce7b-52a1-45bf-b4e0-2b4c01524f92,2,3,5,0,0,0,2,3,5,1,2
2023-11-24,49a11065-fd8a-4cc2-85b1-7f96b6f81e3e,6,4,10,0,0,0,6,4,10,1,2
2023-11-24,49bde4bb-f91b-4f24-9f02-61d330f0bb3b,0,0,0,9,1,10,9,1,10,1,2
2023-11-24,6e8f689e-e998-44aa-81d9-253150e0ebc6,183,168,351,4,5,9,187,173,360,1,5
2023-11-24,6eab26d8-7bce-4525-b83b-43090fdc5525,72,87,159,10,6,16,82,93,175,1,7
2023-11-24,6ec09924-ec98-47d5-8b21-26c22431cdfb,2,1,3,0,0,0,2,1,3,1,2
2023-11-24,6ee154da-99a4-4476-b6e5-50ba3cea4d2f,17,16,33,16,0,16,33,16,49,1,4
2023-11-24,6ef163af-d0aa-45cc-9144-89d4a32d49e1,88,113,201,1,3,4,89,116,205,1,10
2023-11-24,6f038eea-8ad9-472f-9b49-5d9b095baf45,2,5,7,0,0,0,2,5,7,1,2
2023-11-24,6f1c0794-1014-4a76-bd14-69e4959b994b,6,4,10,1,0,1,7,4,11,1,3
2023-11-24,6f407aa2-9c9f-4a96-9577-fae56932eb32,1,1,2,0,1,1,1,2,3,1,2
2023-11-24,6f626a40-0334-44f3-8b3a-38c9b15c7a33,1,0,1,1,0,1,2,0,2,1,2
2023-11-24,6f923fe1-5c42-4182-b75e-847f5d48ce7b,18,20,38,1,0,1,19,20,39,1,4
2023-11-24,6fae6a4d-7ac2-4736-8003-49d340f68507,31,27,58,39,0,39,70,27,97,1,5
2023-11-24,6fd19cb3-d484-469e-a977-34997f3cfb5a,16,16,32,0,0,0,16,16,32,1,4
2023-11-24,7017169e-0584-4fe2-afa2-d8a92e392fc9,8,10,18,1,1,2,9,11,20,1,5
2023-11-24,702adfe3-3f1c-40a5-8353-ff84d89e0bf3,3,0,3,0,0,0,3,0,3,1,2
2023-11-24,705318a2-5762-4853-82a0-9249f82b3562,29,30,59,1,1,2,30,31,61,1,2
2023-11-24,70760dec-1a08-4f6b-a914-cde6a84ad33d,5,9,14,6,1,7,11,10,21,1,5
2023-11-24,7082187a-1996-49a1-a4ed-5c96b1c5dba3,1,0,1,0,0,0,1,0,1,1,1
2023-11-24,709c3d9b-8b5e-47e5-9e3c-d28768f9ffff,3,5,8,0,0,0,3,5,8,1,3
2023-11-24,70acbe85-ebe1-43f3-8c67-7bdb97a3ecde,3,1,4,5,0,5,8,1,9,1,3
2023-11-24,70b9e387-45e2-4747-b0ce-32b6cbc68ea9,3,6,9,17,6,23,20,12,32,1,4
2023-11-24,70c3becd-d0e6-471d-82c8-ea57260c82f3,186,267,453,0,0,0,186,267,453,1,5
2023-11-24,70f2653c-3003-4c57-9ef4-388600f86734,12,12,24,5,0,5,17,12,29,1,3
2023-11-24,710c009d-b484-4705-bdf0-256250f0b2e7,7,6,13,0,0,0,7,6,13,1,4
2023-11-24,7123633b-cc2d-4a11-aecc-85937f9e5a8c,0,0,0,1,0,1,1,0,1,1,1
2023-11-24,7147b576-aefd-417f-9250-2d2844bbe6ef,1,2,3,0,0,0,1,2,3,1,2
2023-11-24,71691b79-2896-46be-94d9-08a39bf3a8f4,40,49,89,19,14,33,59,63,122,1,8
2023-11-24,71a0aa56-40d3-41f9-9163-d5ac1877a9a6,2,0,2,23,5,28,25,5,30,1,3
2023-11-24,71b887fb-ea8f-47d7-b830-ed48600590bb,3,4,7,0,0,0,3,4,7,1,1
2023-11-24,71c98d25-4e96-49e9-9949-8609d0d6ae8e,6,2,8,1,0,1,7,2,9,1,5
2023-11-24,71e44c14-da79-48f1-8f2f-2f42ef5b3d11,241,186,427,18,18,36,259,204,463,1,10
2023-11-24,720fba79-9581-4b6c-bd1e-852cedccf76a,1,0,1,10,1,11,11,1,12,1,2
2023-11-24,7234f722-8b44-496f-bf88-f8f45bca9736,3,4,7,0,7,7,3,11,14,1,2
2023-11-24,7256f95b-f337-4323-ac21-d711b4a8ac19,5,2,7,40,0,40,45,2,47,1,6
2023-11-24,72888a5a-ebf4-402a-8789-bfc0566a2e46,2,0,2,1,3,4,3,3,6,1,3
2023-11-24,72acd087-bb47-4de6-a0f9-60d5b7b79bb7,2,3,5,0,0,0,2,3,5,1,2
2023-11-24,72c0ec85-fcd7-4bd0-b1fe-e664a905a0e1,5,8,13,1,2,3,6,10,16,1,3
2023-11-24,72c67cfe-7b95-4744-bbb1-caad657e8934,199,415,614,5,24,29,204,439,643,1,10
2023-11-24,72cd82a9-399d-4417-9e31-f80a3c8cb7d8,2,2,4,0,0,0,2,2,4,1,1
2023-11-24,72e2951f-372c-423f-97a2-7d9cd5701c45,12,3,15,6,0,6,18,3,21,1,12
2023-11-24,730122b4-b9e1-430c-9e91-d401a3b62cb5,4,1,5,5,0,5,9,1,10,1,5
2023-11-24,731c7f35-4c7b-4d46-a52c-4bd43b76caa6,11,9,20,5,4,9,16,13,29,1,2
2023-11-24,733503ea-b047-45a4-961a-332be25e6855,13,21,34,6,1,7,19,22,41,1,4
2023-11-24,734dede9-aef9-4ea9-a8b4-8a251a07339e,0,0,0,2,0,2,2,0,2,1,1
2023-11-24,738dfca4-b3bb-4dab-b505-bdc39188afc4,10,4,14,1,1,2,11,5,16,1,11
2023-11-24,73ae96f0-32d0-489e-b4a6-bcaa8e817674,9,6,15,77,19,96,86,25,111,1,6
2023-11-24,73bdf9da-fa58-4eeb-8afe-32222df8f69f,6,6,12,3,1,4,9,7,16,1,4
2023-11-24,73dab3a8-52c9-4867-98a4-85a244faa7ae,61,47,108,3,3,6,64,50,114,1,8
2023-11-24,73f1bb03-5bd6-49b3-9c15-d7274006c53e,28,38,66,40,5,45,68,43,111,1,10
2023-11-24,7402c1be-78cd-46fe-8008-e5c9214a4c37,5,7,12,1,0,1,6,7,13,1,4
2023-11-24,74193862-dd34-41dc-bd6e-0d68dde27e35,3,5,8,2,0,2,5,5,10,1,2
2023-11-24,74364eff-49ca-45e8-bafe-80f51077c089,296,451,747,11,7,18,307,458,765,1,10
2023-11-24,7452d2a1-7e51-4cfb-974f-759310dccc02,1,0,1,0,0,0,1,0,1,1,1
2023-11-24,745fa4d6-9064-4c77-af93-6ded3e316ad6,0,0,0,12,0,12,12,0,12,1,1
2023-11-24,746afe0f-2f90-4ab2-90ce-eb9542b4f807,216,227,443,0,1,1,216,228,444,1,4
2023-11-24,74852fa5-1bc6-4628-b267-095380798a0c,8,11,19,0,0,0,8,11,19,1,3
2023-11-24,74ae37c6-b04b-4c95-b98c-d3b7474dee4b,2,6,8,4,0,4,6,6,12,1,3
2023-11-24,74c3a429-134a-40d7-be85-2f35f402478b,15,17,32,2,0,2,17,17,34,1,7
2023-11-24,74d82596-1ec0-4ca4-914f-ebae8a289a90,5,3,8,0,0,0,5,3,8,1,4
2023-11-24,74ed9e32-8abc-4275-9ec1-b7dc8fb74ff5,0,1,1,1,1,2,1,2,3,1,2
2023-11-24,7513ef09-1839-4342-88b5-3b5d09591516,2,8,10,0,0,0,2,8,10,1,2
2023-11-24,753da44e-447e-404e-9889-8342c430001d,12,10,22,9,0,9,21,10,31,1,5
2023-11-24,7551a699-bf87-4094-a5a8-ac1eb9f4fe91,1,0,1,29,0,29,30,0,30,1,3
2023-11-24,7561bd38-3daf-4994-aa7b-89fe2105eda7,5,5,10,0,1,1,5,6,11,1,1
2023-11-24,75882e92-118b-4abc-a010-127791b1e729,1,4,5,0,1,1,1,5,6,1,2
2023-11-24,7595886f-c2c5-4d7b-8859-ac458bccf707,1,1,2,1,0,1,2,1,3,1,2
2023-11-24,75bef40f-deca-4a71-88bb-004f04cea08a,208,253,461,29,11,40,237,264,501,1,5
2023-11-24,75e45d27-748b-4ace-bfc0-8182ed0fd98e,234,257,491,7,6,13,241,263,504,1,4
2023-11-24,75f3736b-1196-4524-90a2-5c076010c8e1,19,23,42,0,0,0,19,23,42,1,1
2023-11-24,760ee6bf-bde6-4987-9a2d-93a976488dd6,9,7,16,0,0,0,9,7,16,1,1
2023-11-24,7617ebd6-c889-4aa9-911a-87ddcc7978fb,3,4,7,0,0,0,3,4,7,1,3
2023-11-24,762d1242-6bb6-4a27-91ef-a9b364a7503e,32,37,69,19,0,19,51,37,88,1,7
2023-11-24,7639b713-d42d-467d-91fa-a1a47c592614,10,10,20,1,5,6,11,15,26,1,9
2023-11-24,766038fc-9e7d-404d-ae74-abeba4b307f5,33,57,90,1,1,2,34,58,92,1,5
2023-11-24,7675ef85-899a-4b19-884a-a88809d8a051,1,2,3,0,1,1,1,3,4,1,1
2023-11-24,769535d4-2db0-40d7-a769-8987e3090bf9,21,15,36,1,0,1,22,15,37,1,5
2023-11-24,76ac546e-7817-4f8b-b0bf-da8a0240935c,0,0,0,17,3,20,17,3,20,1,2
2023-11-24,76c9a3ae-f744-4274-9cef-9214a8699e69,5,5,10,0,0,0,5,5,10,1,1
2023-11-24,76e6da7a-7f1f-4c11-a6a6-4a2ae6c973c3,49,56,105,21,1,22,70,57,127,1,5
2023-11-24,76f1779c-0a84-4dd3-9771-8e2a097248d8,0,0,0,2,0,2,2,0,2,1,1
2023-11-24,76ff191f-3dcb-43d7-bff4-50d88d0971f9,4,3,7,9,0,9,13,3,16,1,2
2023-11-24,772a05ac-48b2-4a65-aef0-b7c7308f98f6,3,2,5,0,0,0,3,2,5,1,1
2023-11-24,77352ac9-97b2-453e-9b6a-1bb6c0ad48b5,33,32,65,146,93,239,179,125,304,1,6
2023-11-24,7752ee23-7603-4e37-a1e7-35da555f3f88,14,17,31,0,0,0,14,17,31,1,4
2023-11-24,777b92de-70e4-4a04-9b2d-b2adb20e93ba,8,10,18,50,19,69,58,29,87,1,5
2023-11-24,779dc7dc-2465-4e8b-b9a0-a33c4d772eab,2,4,6,0,0,0,2,4,6,1,3
2023-11-24,77c107ea-b510-410f-a3ce-7a5f2e99a9dd,3,1,4,0,0,0,3,1,4,1,3
2023-11-24,77cf0fcf-daa3-46b5-b777-c77b6478801a,3,1,4,11,0,11,14,1,15,1,5
2023-11-24,77e69cd2-0a8f-47a0-800a-9507d11c97ed,0,0,0,21,10,31,21,10,31,1,1
2023-11-24,78040a89-4830-4451-888a-bb6b05d82d95,0,0,0,1,1,2,1,1,2,1,1
2023-11-24,7822589c-6d86-421b-a291-0cdad3ebacbb,44,46,90,2,8,10,46,54,100,1,10
2023-11-24,782f6b0b-d0f1-415e-8c92-7967f3f8222b,18,27,45,0,0,0,18,27,45,1,4
2023-11-24,78446e11-8a9d-4853-97fc-59223de810e1,9,5,14,0,0,0,9,5,14,1,5
2023-11-24,49de1e62-d768-4e5c-8c79-650990f6222e,31,43,74,1,2,3,32,45,77,1,3
2023-11-24,49ff1483-1c88-4eda-a8d3-bf8f61609e63,20,20,40,23,4,27,43,24,67,1,9
2023-11-24,4a0a9e60-96f5-42f7-90f5-ffe1ce82d2f8,79,79,158,8,0,8,87,79,166,1,1
2023-11-24,4a18b985-bf28-4ee8-ba8e-d6cd22523eca,11,8,19,93,37,130,104,45,149,1,4
2023-11-24,4a39e12f-3c59-41bc-848f-dc672c67ee44,2,7,9,5,4,9,7,11,18,1,5
2023-11-24,4a746129-1390-4e55-8a23-463741f7eb33,0,0,0,3,0,3,3,0,3,1,1
2023-11-24,4a7f897e-0953-4fa2-9868-98e611742dd8,18,9,27,2,4,6,20,13,33,1,5
2023-11-24,4a999603-cfb6-4bfe-a798-769bdf835903,9,2,11,2,2,4,11,4,15,1,7
2023-11-24,4ab2aa1f-c314-46e7-ae78-3a83f37aa8ab,0,0,0,1,2,3,1,2,3,1,2
2023-11-24,4ac3ff89-7fe9-4159-bcfd-1f0dd311ab27,39,32,71,1,2,3,40,34,74,1,4
2023-11-24,4ad5bd47-6fc7-4774-9a62-7be03528a3b3,3,6,9,0,0,0,3,6,9,1,2
2023-11-24,4ae4b160-e666-4c8c-96ae-8900608e3fbc,3,4,7,0,3,3,3,7,10,1,3
2023-11-24,4af98f85-39f7-483f-90b3-4c0f3261443d,1,2,3,0,1,1,1,3,4,1,2
2023-11-24,4b28452c-51f3-4989-a5b6-0388c36f5ea6,16,16,32,4,2,6,20,18,38,1,6
2023-11-24,4b366ea6-b25c-4bc0-87b1-8b19391279dc,2,3,5,0,0,0,2,3,5,1,1
2023-11-24,4b50e2cf-dd88-4151-bbea-e7f6ab2f8c99,16,23,39,0,0,0,16,23,39,1,3
2023-11-24,4b6d9816-acc1-49ff-a836-36f4b4ed6725,66,54,120,0,3,3,66,57,123,1,1
2023-11-24,4b919f6e-9d83-4c6e-80ce-c73047c0cdf5,1,1,2,10,0,10,11,1,12,1,3
2023-11-24,4bb4ec05-adcf-4195-a99d-e5012b5011a6,7,7,14,3,1,4,10,8,18,1,2
2023-11-24,4bc80ccd-b82b-4672-a5af-5e5443c32344,3,3,6,0,0,0,3,3,6,1,3
2023-11-24,4c114aa7-a694-44db-8724-94f1c22511eb,16,18,34,2,6,8,18,24,42,1,6
2023-11-24,4c24b826-dfef-4e4a-ad45-d8ac42b33aab,0,2,2,0,0,0,0,2,2,1,1
2023-11-24,4c347b02-4926-417d-a569-6ca9f0d72ab1,38,46,84,0,0,0,38,46,84,1,5
2023-11-24,4c4228a2-aaac-48fc-b6ca-e21302ba7279,17,34,51,1,3,4,18,37,55,1,6
2023-11-24,4c4f202c-e89e-4e93-8a63-092723797fba,25,40,65,13,15,28,38,55,93,1,3
2023-11-24,4c5ee1aa-93c3-4061-88ba-26b2850271a4,11,7,18,22,16,38,33,23,56,1,6
2023-11-24,4c77ca54-75f9-4fd6-bcc9-c6d0fd9669dc,5,6,11,1,0,1,6,6,12,1,2
2023-11-24,4c9502f9-8172-438f-b319-4e29e82f6dec,12,10,22,1,0,1,13,10,23,1,3
2023-11-24,4ca7ba00-dde2-4070-95d0-718711c63f35,9,11,20,0,0,0,9,11,20,1,2
2023-11-24,4cb31171-20ef-401d-bc65-171092c15c40,2,1,3,0,0,0,2,1,3,1,2
2023-11-24,4ccb0579-d3a2-4090-9a23-812063d5a57b,1,2,3,0,1,1,1,3,4,1,2
2023-11-24,4cf022b7-e4ab-4198-ac56-4ed9366be62f,45,48,93,70,17,87,115,65,180,1,5
2023-11-24,4cff0b20-504d-404d-b61e-acfc942adf53,0,0,0,3,3,6,3,3,6,1,1
2023-11-24,4d29154e-2906-472d-a867-a26dc32bbc8e,4,6,10,0,0,0,4,6,10,1,2
2023-11-24,4d3eaf76-15ad-4aa0-aae4-c695a8a2b796,1,1,2,0,0,0,1,1,2,1,1
2023-11-24,4d6b64fb-1a40-4876-9091-3819ae313122,1,0,1,1,0,1,2,0,2,1,2
2023-11-24,4d9b1efc-f873-445c-ad58-420e443a2925,4,5,9,0,0,0,4,5,9,1,2
2023-11-24,4db3ebd5-2e45-4977-b848-d15e0ddf66a7,0,1,1,0,1,1,0,2,2,1,1
2023-11-24,4de4cfe1-bb57-4956-8fd8-cfba62556043,202,219,421,10,18,28,212,237,449,1,8
2023-11-24,4e083cf0-3127-4d90-ae29-ce92039feba7,1,4,5,0,0,0,1,4,5,1,1
2023-11-24,4e286864-7f08-45f3-a1ee-d3a7cfccc3d1,2,3,5,0,0,0,2,3,5,1,1
2023-11-24,4e458c62-29e9-4330-a0c6-a56a1a672b48,36,34,70,8,2,10,44,36,80,1,4
2023-11-24,4e51a119-c8fd-483c-b84e-ecee23a2e5a8,1,3,4,7,0,7,8,3,11,1,3
2023-11-24,4e6e6c66-385b-4dad-b0f1-f7ed593bfcd4,10,15,25,27,0,27,37,15,52,1,5
2023-11-24,4e8ad281-73a8-47c9-9ea6-260040caf686,8,5,13,1,0,1,9,5,14,1,3
2023-11-24,4ea78a62-d980-4541-a3ee-6ed02a98021f,14,8,22,4,1,5,18,9,27,1,8
2023-11-24,4ec68ff9-cfc8-4c7a-8480-ff399a9dad9b,3,2,5,0,0,0,3,2,5,1,1
2023-11-24,4ee62ec3-4fb3-44e3-b5be-f34138b168db,0,1,1,0,0,0,0,1,1,1,1
2023-11-24,4ef59c05-1462-4334-9012-54d4b3a3bc52,1,0,1,0,0,0,1,0,1,1,1
2023-11-24,4f38dc75-3fe2-4fef-a513-f39a6a2bc37d,47,53,100,3,0,3,50,53,103,1,5
2023-11-24,4f5d3622-913b-466a-9cc1-19c11d3ddc04,2,0,2,7,1,8,9,1,10,1,4
2023-11-24,4f702337-b9be-4c93-8fe7-0bd730348501,53,43,96,16,6,22,69,49,118,1,6
2023-11-24,4f9423d3-1adc-4739-97cb-2d900b789043,39,36,75,63,49,112,102,85,187,1,7
2023-11-24,4fa2c827-263f-4ff5-bf8d-0d794e37a1c6,1,2,3,52,1,53,53,3,56,1,3
2023-11-24,4fbb6152-0b83-45bf-8b41-253145060740,1,0,1,0,0,0,1,0,1,1,1
2023-11-24,4fd75d9d-827b-4f46-85a1-6cebe032836b,209,220,429,25,11,36,234,231,465,1,7
2023-11-24,4fec7ae2-2362-46f4-8059-30d548e41a2f,8,12,20,0,0,0,8,12,20,1,2
2023-11-24,50027923-a3ec-427e-8631-2b29eb0afdfc,0,0,0,45,5,50,45,5,50,1,3
2023-11-24,500d9973-b9e6-429d-9057-39683bbd42a8,8,12,20,0,0,0,8,12,20,1,3
2023-11-24,50393ca5-5194-4890-8967-8869c8dbedd4,0,0,0,8,1,9,8,1,9,1,1
2023-11-24,5051a7fe-8cc0-467f-9f86-915182b1e5e3,115,164,279,11,2,13,126,166,292,1,13
2023-11-24,506a4060-8e3a-4b79-b945-ea2646e4b58f,24,24,48,7,0,7,31,24,55,1,7
2023-11-24,5076bee5-118a-4335-84fd-79d7cce12b2d,33,31,64,25,6,31,58,37,95,1,3
2023-11-24,5093664e-6e71-43b3-936f-85b511f0e256,37,41,78,21,9,30,58,50,108,1,6
2023-11-24,50ac6022-fead-4fb2-bf5c-1a4e37fa14ba,85,106,191,1,4,5,86,110,196,1,13
2023-11-24,50bd5a0c-cd2d-4893-99ef-d5f22b02d9aa,1,4,5,1,0,1,2,4,6,1,3
2023-11-24,50d37261-f37c-459a-8ebd-fa42f32ccabd,3,7,10,1,0,1,4,7,11,1,5
2023-11-24,50f2a79d-04a8-463a-bb77-9bccf1a80197,3,6,9,1,0,1,4,6,10,1,2
2023-11-24,5100aed3-5428-4d25-8d9a-49c19572f5e9,16,16,32,0,0,0,16,16,32,1,4
2023-11-24,51118251-3f4d-43e6-8336-6ff3ff920488,1,0,1,0,0,0,1,0,1,1,1
2023-11-24,51214630-1891-414a-be03-ba5913482124,3,13,16,0,0,0,3,13,16,1,3
2023-11-24,512fc6cf-fb24-456c-8b09-4688c756a9ac,0,0,0,32,29,61,32,29,61,1,1
2023-11-24,514e4386-c917-4e2b-8cdf-875fa032f8e9,357,424,781,13,4,17,370,428,798,1,10
2023-11-24,5166d7bc-cdc7-4a7b-a2c3-c43d1f682893,5,10,15,0,2,2,5,12,17,1,2
2023-11-24,51874dd3-02c3-42f3-86f2-5f4c395d2e4d,9,8,17,17,23,40,26,31,57,1,4
2023-11-24,5193390a-e670-4f34-ab70-1b230159dc06,1,1,2,2,0,2,3,1,4,1,3
2023-11-24,51b613ab-29cc-4550-96e6-b232c2d26162,0,0,0,0,1,1,0,1,1,1,1
2023-11-24,51dd2c5d-a819-4d39-aac9-868906515e59,16,17,33,4,0,4,20,17,37,1,7
2023-11-24,51ed818e-61c6-4603-8b96-09b36f476e97,4,5,9,2,2,4,6,7,13,1,3
2023-11-24,51f6ae2e-0b1a-44ff-aaff-2c31c7579506,11,8,19,3,0,3,14,8,22,1,9
2023-11-24,52014460-9d74-4726-a5ee-7f4a6ef433a1,5,10,15,54,4,58,59,14,73,1,8
2023-11-24,521b8ea0-10eb-4726-830a-355e9126afcb,1,0,1,0,0,0,1,0,1,1,1
2023-11-24,5226b0f0-57e7-4e55-a6c3-45c7fd47c1dc,0,0,0,16,1,17,16,1,17,1,1
2023-11-24,52408738-4fd9-4ea0-866a-9ccbe2a125f6,4,12,16,3,5,8,7,17,24,1,5
2023-11-24,52649229-27b8-4a42-8789-502e90742da4,1,1,2,0,0,0,1,1,2,1,1
2023-11-24,52704407-978e-45e8-a602-e31aaf820f43,2,2,4,3,22,25,5,24,29,1,3
2023-11-24,527c7341-8a23-4a71-bca3-7217f802f0de,1,3,4,0,1,1,1,4,5,1,2
2023-11-24,5295b0be-b9af-41a8-a8e5-dc83b6eeaeca,6,13,19,1,0,1,7,13,20,1,3
2023-11-24,52a0f2ff-c15e-45b7-bbca-d17c67b4bf65,2,3,5,45,0,45,47,3,50,1,3
2023-11-24,52c36e4d-d312-49fe-bb00-b3e82c0fcf69,21,21,42,3,2,5,24,23,47,1,7
2023-11-24,52d949ed-8247-4a9c-a91b-31a0a5fca105,129,114,243,7,12,19,136,126,262,1,7
2023-11-24,52f6d0ec-e561-455e-b73e-d5bb7c39bc79,290,489,779,21,2,23,311,491,802,1,7
2023-11-24,5312d550-9ee4-47a5-826e-dcf463299165,3,1,4,0,0,0,3,1,4,1,1
2023-11-24,5343456b-b151-4591-9185-164e5e2f77a2,87,95,182,8,1,9,95,96,191,1,3
2023-11-24,53484c6d-7c61-4062-b0a5-fb7a01d61f0f,9,8,17,0,0,0,9,8,17,1,3
2023-11-24,5359d7c0-92db-48f3-8990-0abac0fadcaa,3,0,3,0,0,0,3,0,3,1,3
2023-11-24,5370a382-610e-4b33-9b7d-c521376fb5ea,4,1,5,3,0,3,7,1,8,1,6
2023-11-24,537ac939-9bc6-4b30-9469-6dcc127a232e,0,0,0,0,1,1,0,1,1,1,1
2023-11-24,5391bf38-4a08-4789-b1e6-2cfc07d8df2f,13,8,21,0,3,3,13,11,24,1,3
2023-11-24,53a24d7b-2d32-425b-8059-25a4770861fb,38,25,63,20,1,21,58,26,84,1,2
2023-11-24,53c5417a-e679-450f-a4d1-514e7ce5d525,7,4,11,12,8,20,19,12,31,1,6
2023-11-24,53d60222-92c0-4c11-b292-9cb8cd6db096,0,0,0,66,0,66,66,0,66,1,3
2023-11-24,53f205cd-7caa-43cd-ab3b-f26e9ddf29b9,3,0,3,0,1,1,3,1,4,1,3
2023-11-24,54048fb6-068d-4959-aa5a-952d9c6f77ef,57,35,92,0,7,7,57,42,99,1,3
2023-11-24,5431f035-8b24-4247-a72e-fb0fd1c455f4,4,3,7,0,0,0,4,3,7,1,4
2023-11-24,5453263d-afbe-4d99-a3d9-c39edc4e41c6,2,5,7,1,0,1,3,5,8,1,2
2023-11-24,54718ed8-9d67-4574-8a33-638a975dec12,3,5,8,98,96,194,101,101,202,1,7
2023-11-24,548fc494-e3cf-4c78-abb9-d3b928b53e37,4,2,6,7,1,8,11,3,14,1,4
2023-11-24,54a1ab05-745e-43ac-81c1-093617ecd504,36,30,66,6,4,10,42,34,76,1,4
2023-11-24,54b3ff9d-3707-4e95-ae40-b73ab4681771,4,3,7,10,5,15,14,8,22,1,5
2023-11-24,54ebce9a-3981-4804-a7f0-212153ebc9b9,1,0,1,18,6,24,19,6,25,1,4
2023-11-24,55097f31-3a38-4554-bb9f-d9a536b0b62d,4,11,15,0,1,1,4,12,16,1,2
2023-11-24,5541ac4f-e055-4fcd-afe8-c7b0f1aadf8f,1,0,1,0,0,0,1,0,1,1,1
2023-11-24,55662b50-2cc7-4121-be2a-7d070a4677b1,4,9,13,1,8,9,5,17,22,1,3
2023-11-24,55716ce9-bb28-4e36-957b-1c0776df2d17,147,82,229,23,2,25,170,84,254,1,6
2023-11-24,557fb419-b965-495d-8603-f8ab818537de,1,0,1,0,0,0,1,0,1,1,1
2023-11-24,559365d8-2144-4df3-9516-accd4d77d74c,20,30,50,0,0,0,20,30,50,1,7
2023-11-24,55ac029a-dbc2-453b-9a65-3725f9f233c7,8,8,16,3,2,5,11,10,21,1,4
2023-11-24,55c4d8f5-d1fb-4609-8053-db82016ca355,70,80,150,8,14,22,78,94,172,1,9
2023-11-24,55ddf3f9-0a83-4337-bd12-71d59c4b2fd8,1,0,1,0,0,0,1,0,1,1,1
2023-11-24,55fe0fe4-2bca-406d-a0d0-9fc3101c99a2,4,9,13,0,0,0,4,9,13,1,3
2023-11-24,5609d9ad-f1eb-4094-b632-70ec9b5f3630,2,1,3,5,0,5,7,1,8,1,2
2023-11-24,563f41ca-ba34-469b-afa9-bec944e08430,3,3,6,0,0,0,3,3,6,1,1
2023-11-24,56794d39-abb1-4611-9eb0-f4ada215082d,5,2,7,9,1,10,14,3,17,1,3
2023-11-24,56969e5a-6308-4482-b88f-aafe96a2fa0c,48,43,91,50,12,62,98,55,153,1,3
2023-11-24,56bc17d0-c92a-4f77-b0d6-de7edb0c97de,22,28,50,4,0,4,26,28,54,1,4
2023-11-24,56ccd92b-053c-4f3b-b4ef-8a52da9d8410,67,90,157,10,1,11,77,91,168,1,6
2023-11-24,56ee56a1-5242-4436-864d-ebf7ace5509e,0,1,1,0,0,0,0,1,1,1,1
2023-11-24,5707a9d1-5463-43dd-ad15-273a831f95fc,0,2,2,19,3,22,19,5,24,1,2
2023-11-24,571ccd2e-6fd5-4f4b-a707-2deba75780f7,13,13,26,15,5,20,28,18,46,1,11
2023-11-24,5742a99e-e488-4c52-aeb6-16d25e9a4375,0,0,0,4,1,5,4,1,5,1,1
2023-11-24,574c1890-796f-4cb7-8d16-f230e234711e,32,45,77,9,12,21,41,57,98,1,4
2023-11-24,57715594-8565-4cb6-9154-a3ba6d301be1,6,6,12,3,2,5,9,8,17,1,5
2023-11-24,578fed46-e5e5-4029-b570-00e52caec708,7,7,14,0,0,0,7,7,14,1,2
2023-11-24,57a413f9-28f7-4d01-bc7e-02b0f42a4b7d,168,161,329,6,7,13,174,168,342,1,8
2023-11-24,57b6c304-9d82-4ea9-be7a-7ac15dd789ff,33,14,47,31,14,45,64,28,92,1,3
2023-11-24,57cc4ddf-14f7-4fe6-8fe6-d2a59378efa3,6,5,11,0,0,0,6,5,11,1,3
2023-11-24,57e1f623-a58b-485f-a4c1-102e3f430016,97,97,194,1,0,1,98,97,195,1,9
2023-11-24,580a4654-92e2-471b-b8f5-954276df0e52,59,76,135,5,4,9,64,80,144,1,11
2023-11-24,581fa2cf-ac17-4946-a4a2-ba40a509d90f,21,148,169,149,130,279,170,278,448,1,10
2023-11-24,58296469-9ab0-4ae4-a1d4-b51e719246d6,69,97,166,0,1,1,69,98,167,1,4
2023-11-24,583845d2-ef13-4985-ae9e-a2e8935fe5d6,23,14,37,6,2,8,29,16,45,1,4
2023-11-24,584c2bd8-c452-40f0-85aa-6395decba292,2,2,4,0,1,1,2,3,5,1,2
2023-11-24,58839d50-54fc-4f62-a8d8-38ec652b870e,29,40,69,27,2,29,56,42,98,1,6
2023-11-24,58a651eb-c574-47cb-954c-ebfbad1a3768,2,4,6,0,0,0,2,4,6,1,3
2023-11-24,58b4694a-e1ef-451e-ad7c-1f7b45c30a07,5,0,5,0,0,0,5,0,5,1,1
2023-11-24,58c932f3-c451-48ad-841f-54e854047e49,9,8,17,0,0,0,9,8,17,1,1
2023-11-24,58dc0315-f0d4-4da7-b78b-87de0ebb8c83,2,0,2,0,0,0,2,0,2,1,2
2023-11-24,590849c3-40ee-4a22-81df-195ce5d9c5c9,2,0,2,0,0,0,2,0,2,1,2
2023-11-24,5919e530-e7c1-4954-a8d2-776b73884660,14,16,30,37,27,64,51,43,94,1,9
2023-11-24,59256b4a-71d5-4acb-9c89-af101555c6f4,40,65,105,1,11,12,41,76,117,1,5
2023-11-24,59409933-af1e-4edc-97b9-a8853c66680f,51,87,138,0,1,1,51,88,139,1,3
2023-11-24,59654eca-640a-4ea3-984e-0dd5deabf907,57,91,148,39,33,72,96,124,220,1,13
2023-11-24,5977cba5-9d47-4e45-96aa-eb6383941b6e,9,16,25,21,37,58,30,53,83,1,5
2023-11-24,599f0004-56c1-4750-83a0-c7166b5c065b,769,991,1760,15,7,22,784,998,1782,1,6
2023-11-24,59b6ccb5-d8b5-4972-8562-b20d465d119e,7,13,20,10,5,15,17,18,35,1,6
2023-11-24,59f0f757-1108-433e-ba5c-742ec1ccdd48,25,25,50,40,8,48,65,33,98,1,9
2023-11-24,5a024eaf-7b59-48e4-b4f0-47a01cd1bfc7,12,10,22,7,2,9,19,12,31,1,3
2023-11-24,5a17c618-8b90-4559-b551-71f045f3f77f,5,7,12,4,0,4,9,7,16,1,3
2023-11-24,5a1c4266-b7d7-44ba-9767-d5df2c6da3a8,35,32,67,1,1,2,36,33,69,1,3
2023-11-24,5a24794f-2d6b-4b1c-9b3d-44b461f7b5bb,3,2,5,49,6,55,52,8,60,1,5
2023-11-24,5a4918da-1590-4453-b66b-9c0cbd0943f6,8,6,14,0,0,0,8,6,14,1,1
2023-11-24,5a53c609-39cc-4280-9faf-374e77b560f2,70,129,199,11,9,20,81,138,219,1,5
2023-11-24,5a671429-5e37-4c5c-a6ea-9ff61e25e7c5,29,24,53,0,1,1,29,25,54,1,3
2023-11-24,5a81da44-42d0-4ab4-95af-4c0b5cef0b4f,21,53,74,0,0,0,21,53,74,1,3
2023-11-24,5a970f1b-4c7a-44b4-8811-c2c6b92642b7,15,15,30,15,5,20,30,20,50,1,5
2023-11-24,5aba2a09-b6ed-4356-9f34-a8889871a51d,1,0,1,1,2,3,2,2,4,1,2
2023-11-24,5ae27a41-1228-4e5a-b6b2-9c041afe16e3,5,4,9,0,0,0,5,4,9,1,2
2023-11-24,5af365d9-4dca-4fbc-89da-dc84579bd4ab,0,0,0,14,0,14,14,0,14,1,1
2023-11-24,5afc2391-877c-4f8f-beb4-20b45c119447,2,3,5,0,0,0,2,3,5,1,5
2023-11-24,5b1d1df6-7bbd-49d3-a10d-b6049d0856dd,28,26,54,0,1,1,28,27,55,1,6
2023-11-24,5b2a2604-35db-4841-8c11-f58865a1d14b,14,17,31,0,0,0,14,17,31,1,3
2023-11-24,5b451669-2796-40e8-9127-4c528e949659,4,0,4,0,0,0,4,0,4,1,2
2023-11-24,5b537ce4-14ed-49df-913e-ae9469cc9413,1,0,1,0,0,0,1,0,1,1,1
2023-11-24,5b6dcb35-09f9-476c-931e-eab362d80c3e,107,105,212,43,21,64,150,126,276,1,13
2023-11-24,5b7d8137-2032-48f5-bc8d-6ed5bdbe2f84,20,19,39,30,20,50,50,39,89,1,6
2023-11-24,5b9f050f-83c8-4725-bc17-7e45cb5ff9a3,25,52,77,1,12,13,26,64,90,1,6
2023-11-24,5bb099bc-7d2e-4975-9e80-a07bb26d35ad,2,0,2,1,0,1,3,0,3,1,2
2023-11-24,5bc80a6f-a008-4123-9cd9-5ce7b4063098,10,13,23,5,1,6,15,14,29,1,3
2023-11-24,5be084d7-a5d1-407b-9acd-5a638e6c015d,0,2,2,18,1,19,18,3,21,1,3
2023-11-24,5bf6c7ec-5f94-4651-bae1-8ea96698d6e8,42,60,102,28,15,43,70,75,145,1,7
2023-11-24,5c14212b-4d9b-42a9-8968-e58acf3db9e5,2,1,3,0,0,0,2,1,3,1,1
2023-11-24,5c251278-b243-4d1d-bc16-2adceb7ef00b,0,0,0,3,9,12,3,9,12,1,1
2023-11-24,5c47f52e-4311-4033-bf93-66dc5314d5bc,25,29,54,5,2,7,30,31,61,1,3
2023-11-24,5c4def81-8bb3-43f0-a169-b778f1fcb95f,3,4,7,46,5,51,49,9,58,1,3
2023-11-24,5c95fd65-a90d-4fbc-bcce-513e4779f671,6,7,13,142,0,142,148,7,155,1,5
2023-11-24,5cb4fc47-d355-408a-a54b-c8c66f92f968,13,4,17,2,0,2,15,4,19,1,15
2023-11-24,5cd7b360-d563-42ad-85da-804f18555adf,341,421,762,13,66,79,354,487,841,1,9
2023-11-24,5ce4b08e-cb65-451c-b859-bef65da00bea,12,27,39,0,0,0,12,27,39,1,5
2023-11-24,5cff27f2-9469-460d-987c-129f99333124,0,0,0,1,0,1,1,0,1,1,1
2023-11-24,5d0cca5a-36b2-43f4-ae54-8ea75b8a879e,4,5,9,0,0,0,4,5,9,1,2
2023-11-24,5d194116-07d0-4018-8b2c-b7a271fac385,64,84,148,7,0,7,71,84,155,1,6
2023-11-24,5d3d2875-3df1-4ee4-94aa-84ec0a90896d,33,40,73,0,1,1,33,41,74,1,6
2023-11-24,5d518e0c-eaf0-4cb5-9e29-621c9fdbefbc,46,72,118,21,16,37,67,88,155,1,15
2023-11-24,5d6fcd0f-0420-4d39-9524-c2302fc26260,7,9,16,1,0,1,8,9,17,1,2
2023-11-24,5d93079e-65c4-458b-b79b-6efceba3c99d,206,219,425,2,6,8,208,225,433,1,11
2023-11-24,5da57698-7862-4fac-9930-91ad9fc29f5b,26,31,57,15,16,31,41,47,88,1,6
2023-11-24,5dd07815-9cee-4674-a380-6e212bbf532d,2,0,2,0,0,0,2,0,2,1,2
2023-11-24,5ddac89f-6b06-45d0-b2f2-d3f8975b885a,7,2,9,0,0,0,7,2,9,1,6
2023-11-24,5df4e625-2f6e-4de5-87a9-e2807f74bb45,2,6,8,0,0,0,2,6,8,1,1
2023-11-24,5e1c390d-a928-453e-b395-8ee290a668f5,7,19,26,0,0,0,7,19,26,1,2
2023-11-24,5e2745b8-96cb-484f-a59f-a90d5b5a7646,0,4,4,0,0,0,0,4,4,1,3
2023-11-24,5e3c03ac-4af3-43d6-83d5-05301342b000,20,11,31,87,5,92,107,16,123,1,4
2023-11-24,5e5002ad-8a0a-4e99-9ca7-152175e66540,4,5,9,0,0,0,4,5,9,1,2
2023-11-24,5e603b5c-a117-4dc8-874c-81cc76ea4646,72,71,143,0,0,0,72,71,143,1,3
2023-11-24,5e696040-d7db-4f5e-8328-3a73f4728ee4,80,139,219,2,1,3,82,140,222,1,17
2023-11-24,5e838069-0ab7-4e0a-bdcd-1714cd175742,21,23,44,97,23,120,118,46,164,1,8
2023-11-24,5eb58360-dd65-4444-bc31-9446997e0b99,3,5,8,98,55,153,101,60,161,1,3
2023-11-24,5ed4be7f-3874-4b17-b596-9c5cb86dbb1b,1,11,12,0,0,0,1,11,12,1,1
2023-11-24,5ee89b78-c67c-4bd2-9255-e1cd1c762897,11,9,20,11,0,11,22,9,31,1,6
2023-11-24,5f0286b8-5517-4d15-9203-ffdd2424a950,55,71,126,9,13,22,64,84,148,1,8
2023-11-24,5f21ab93-ee2e-495f-9ee0-d1e0a3a4271e,4,2,6,4,2,6,8,4,12,1,5
2023-11-24,5f52c176-e945-4211-a83d-f8f09f9ebf49,0,2,2,41,0,41,41,2,43,1,2
2023-11-24,5f679caa-2a4d-4cd4-b788-847102965756,0,0,0,1,0,1,1,0,1,1,1
2023-11-24,5f749311-0a83-439e-8188-e7795bddda2c,1,0,1,0,0,0,1,0,1,1,1
2023-11-24,5f90b901-e116-45ee-8615-abd2e674604e,1,6,7,0,0,0,1,6,7,1,2
2023-11-24,5fae04bc-ff5f-4b2a-9604-ab654e7f2d2f,1,0,1,0,0,0,1,0,1,1,1
2023-11-24,5fd521eb-0ded-4e6b-bcbb-314f854138cf,19,17,36,3,1,4,22,18,40,1,8
2023-11-24,5ff958eb-7d12-49eb-bb93-167774665ae6,11,5,16,145,30,175,156,35,191,1,9
2023-11-24,6009250d-0792-4f03-8f1d-6a9851def08d,39,35,74,1,2,3,40,37,77,1,16
2023-11-24,60190db1-9aba-4686-a79f-a37bca394a41,21,10,31,3,0,3,24,10,34,1,8
2023-11-24,603a402a-6507-4269-801b-a8353d267566,24,22,46,4,0,4,28,22,50,1,5
2023-11-24,605a2318-f67b-4165-ac46-9e9c295b13dd,3,2,5,0,1,1,3,3,6,1,1
2023-11-24,6078d962-0471-4ce7-8df4-da8edf28c461,12,20,32,112,75,187,124,95,219,1,8
2023-11-24,608c96dd-a9e5-4271-89fe-d5d553aad524,95,75,170,6,2,8,101,77,178,1,3
2023-11-24,60a1d612-f104-4283-ad31-cf7e825573e8,9,9,18,22,19,41,31,28,59,1,2
2023-11-24,60acbfb0-7126-4f00-bab9-862192041dab,0,0,0,160,94,254,160,94,254,1,1
2023-11-24,60b8a397-694b-474e-b075-09f184f72f71,46,62,108,1,0,1,47,62,109,1,6
2023-11-24,60cd8916-2ceb-468d-b3aa-5eb2ef9a49e5,6,5,11,0,0,0,6,5,11,1,1
2023-11-24,60e831b8-a2f5-493b-959c-564cefc23d6f,0,2,2,0,0,0,0,2,2,1,1
2023-11-24,60fb6e18-848c-46de-889e-d2282988c73a,1,0,1,0,0,0,1,0,1,1,1
2023-11-24,6116a474-4a89-4645-87e6-bf5253bd0703,79,123,202,51,12,63,130,135,265,1,9
2023-11-24,6131716d-530d-4ac9-a51a-0afdf69c5151,4,2,6,1,0,1,5,2,7,1,3
2023-11-24,614a16cc-3af9-40c3-8000-7390f7d77c31,18,11,29,0,1,1,18,12,30,1,4
2023-11-24,6163b896-fb2f-4816-86f8-f62b3c9915a5,10,16,26,0,4,4,10,20,30,1,5
2023-11-24,618a286d-4ac5-4361-bc9e-29448c12de32,124,147,271,1,11,12,125,158,283,1,2
2023-11-24,61c45b67-e0fe-49a5-8edd-9c14cc2badd9,2,0,2,0,0,0,2,0,2,1,1
2023-11-24,61d6ed8e-56be-4317-a0a7-acda325587f4,6,3,9,0,0,0,6,3,9,1,1
2023-11-24,61e30fa8-7fc4-4580-9ada-29b185c6c8c5,23,44,67,1,6,7,24,50,74,1,3
2023-11-24,61f49db5-c689-480e-abbb-bdc78c47bd19,10,15,25,0,2,2,10,17,27,1,3
2023-11-24,622ce5ab-09ee-46eb-9d20-81cf59dd900b,9,14,23,19,15,34,28,29,57,1,8
2023-11-24,623af671-fd85-425b-9924-fe6fc051aaed,13,7,20,0,0,0,13,7,20,1,1
2023-11-24,6256a73c-ece2-4c60-aafa-275da50f41a2,73,49,122,0,0,0,73,49,122,1,2
2023-11-24,626675ee-b62e-4cb5-a48c-aa75ae2520ff,1,0,1,0,0,0,1,0,1,1,1
2023-11-24,626cd061-4b0d-4bba-8e84-661f6e8ac9ae,16,17,33,9,11,20,25,28,53,1,5
2023-11-24,62a58e53-1966-47dd-a7e1-a8f8db6c476e,0,0,0,1,0,1,1,0,1,1,1
2023-11-24,62be3c04-44ce-4133-86d9-9d86ca586df7,86,79,165,15,10,25,101,89,190,1,6
2023-11-24,62d7e8d0-731a-4817-a7fa-f611187c07a2,4,0,4,0,0,0,4,0,4,1,2
2023-11-24,62dfb524-0826-4322-87a8-de6b35169ca5,3,0,3,0,0,0,3,0,3,1,2
2023-11-24,62f19493-4b14-421f-994a-5e94d10ef58c,1,0,1,2,0,2,3,0,3,1,2
2023-11-24,630b5b33-f44c-4250-9cf2-5792d7eae7bd,1,0,1,0,0,0,1,0,1,1,1
2023-11-24,631e1fc9-7dbe-425e-956a-7c57d8f204ad,1,1,2,0,0,0,1,1,2,1,2
2023-11-24,63344b7b-5d85-4f1d-b112-a37cec307801,3,3,6,0,2,2,3,5,8,1,2
2023-11-24,634c3296-e780-49ba-86cf-0d5fd1277679,1,1,2,8,0,8,9,1,10,1,3
2023-11-24,636c8182-bab9-491c-b2e8-af4333f8c77c,35,23,58,12,1,13,47,24,71,1,9
2023-11-24,637997f5-901d-4990-a851-990252a96cc1,249,199,448,11,17,28,260,216,476,1,3
2023-11-24,638a217c-8ec2-4948-a342-fb880175b66f,1,2,3,1,0,1,2,2,4,1,1
2023-11-24,63b03a32-5aea-4e8e-ad71-30d1ccd47a10,5,0,5,0,0,0,5,0,5,1,2
2023-11-24,63c4091e-e7a6-45fb-b913-61d62b4ccdcf,2,1,3,0,0,0,2,1,3,1,1
2023-11-24,63eeeb31-ecff-4f99-8440-01fd3ef0af6c,9,13,22,0,0,0,9,13,22,1,1
2023-11-24,63fee618-d9e6-4bc2-b2ea-000b42b3594b,16,18,34,6,1,7,22,19,41,1,6
2023-11-24,640b4a09-864d-42c4-af7f-290f40589c3e,49,40,89,5,3,8,54,43,97,1,5
2023-11-24,64329960-fcb2-4511-876f-233a6e116d45,349,323,672,1,5,6,350,328,678,1,5
2023-11-24,6448a9de-9e57-4acc-914f-56773e9ef0e0,1,0,1,0,0,0,1,0,1,1,1
2023-11-24,6465d081-cd4d-4cad-a0db-db6cac3e4c1e,12,18,30,0,2,2,12,20,32,1,3
2023-11-24,6496e429-4aaf-40a9-8dc7-f87ce77e88c6,105,91,196,36,12,48,141,103,244,1,9
2023-11-24,64ba8e3f-c344-4f2d-b0df-dad3f1688f78,25,21,46,53,8,61,78,29,107,1,10
2023-11-24,64cb8b2e-4934-4178-aafb-3473e633fdb4,22,12,34,30,1,31,52,13,65,1,6
2023-11-24,64e8a772-e408-4b32-b081-f9ac3531f442,1,7,8,57,18,75,58,25,83,1,5
2023-11-24,650c3ab1-6519-4006-af4d-c31b5f9b0107,34,37,71,6,1,7,40,38,78,1,7
2023-11-24,651dc7f7-a6cf-4f32-bab2-e92f982635ad,1,4,5,73,9,82,74,13,87,1,5
2023-11-24,6541f9a0-f131-4d0e-9f12-9c7ebd81c92b,4,3,7,0,0,0,4,3,7,1,2
2023-11-24,65539992-e3c5-4eac-bfb6-32ee4f6c9696,37,30,67,10,2,12,47,32,79,1,2
2023-11-24,655812e8-8d6e-4c7c-9b1f-854459a02fcf,28,30,58,2,3,5,30,33,63,1,5
2023-11-24,656d1fe8-24c4-499e-9de2-b8f9f6e8a243,8,11,19,11,1,12,19,12,31,1,3
2023-11-24,6588747f-7173-4973-b511-685b02bfc118,150,209,359,13,2,15,163,211,374,1,3
2023-11-24,785d3da2-51f4-403e-9fe3-48fcf7453346,26,57,83,1,16,17,27,73,100,1,3
2023-11-24,786a7527-2493-4f88-8494-8ab455095471,87,121,208,22,18,40,109,139,248,1,14
2023-11-24,7886cdd2-b90d-43ab-9804-860436ace669,34,44,78,115,15,130,149,59,208,1,18
2023-11-24,788d0c82-a14a-48d1-8c8c-f1f602d069c7,2,1,3,0,0,0,2,1,3,1,2
2023-11-24,78af1e54-f0e4-4140-8e9d-e3b3cc1d35c5,13,3,16,23,0,23,36,3,39,1,3
2023-11-24,78cc4d70-bc74-42f3-b560-183ae7a4e437,1,0,1,1,0,1,2,0,2,1,1
2023-11-24,78e0c5e1-b4cb-4697-85b0-0aae5ec49400,16,17,33,2,4,6,18,21,39,1,6
2023-11-24,78f70111-b901-4b0e-8a0b-9c4e26c5b0ff,11,6,17,47,9,56,58,15,73,1,12
2023-11-24,7916e303-86ab-4bbc-a3bd-246a920b8432,39,25,64,3,7,10,42,32,74,1,5
2023-11-24,79266980-1b6f-42f3-b505-caacccb4f5ff,46,57,103,44,4,48,90,61,151,1,10
2023-11-24,79487d2d-f40d-4318-b67b-1bc78dd2b995,22,29,51,0,0,0,22,29,51,1,2
2023-11-24,795b54ff-9b6c-4fc0-af9a-14c8bdd1bb03,6,5,11,31,22,53,37,27,64,1,3
2023-11-24,79880142-1062-4f5b-922f-4c791312d525,1,3,4,21,28,49,22,31,53,1,7
2023-11-24,79ab0566-8cea-4f0e-9c9f-54aa1b190ca1,111,158,269,33,31,64,144,189,333,1,11
2023-11-24,79c3340c-d75c-4a39-8d13-54e460f8fdfa,4,6,10,18,7,25,22,13,35,1,2
2023-11-24,79dd0d98-5911-44ed-bef3-002328a3af2a,5,5,10,2,1,3,7,6,13,1,4
2023-11-24,79e68395-262f-48a0-90e7-c060cfd656ef,30,32,62,2,1,3,32,33,65,1,4
2023-11-24,79f56da1-da50-484d-8a77-2aa95547102d,3,2,5,3,1,4,6,3,9,1,2
2023-11-24,7a0bc3af-e7d4-4077-a0e1-a31da591ab91,3,0,3,13,0,13,16,0,16,1,5
2023-11-24,7a1b321d-4abf-4d2c-91d9-1bd468ed82a7,3,4,7,0,0,0,3,4,7,1,3
2023-11-24,7a269735-d3d9-4ba9-9896-445e7a7cbb00,6,9,15,17,8,25,23,17,40,1,5
2023-11-24,7a3d5b5d-ade0-4d5d-83a6-0369b689ac45,3,2,5,0,0,0,3,2,5,1,3
2023-11-24,7a5226e9-edda-4520-a1b4-aaa7a860be45,1,0,1,1,0,1,2,0,2,1,2
2023-11-24,7a68e259-66be-44b1-a1a5-835b9b56160e,59,71,130,3,0,3,62,71,133,1,5
2023-11-24,7a8e55e0-5ed6-4690-a0dc-42544fe42938,81,124,205,0,0,0,81,124,205,1,5
2023-11-24,7a9c858d-d47a-42f7-80d2-86a17f6e1675,4,8,12,0,0,0,4,8,12,1,2
2023-11-24,7ab21e74-8a7a-4af0-b186-068e49c70410,4,2,6,0,0,0,4,2,6,1,2
2023-11-24,7ac4fde6-5326-432b-8f11-e9f88d9e26b4,41,41,82,57,14,71,98,55,153,1,11
2023-11-24,7ad9632e-740d-478a-8dcb-0643d5b02a1f,0,0,0,2,0,2,2,0,2,1,1
2023-11-24,7ae85caf-0271-43e4-8008-9d53aca1cc7d,8,6,14,0,0,0,8,6,14,1,2
2023-11-24,7af173c6-c985-44c6-9f68-dabb6906b1c4,2,2,4,0,1,1,2,3,5,1,3
2023-11-24,7b156dfd-bba3-483b-ad83-11ade04ab305,10,5,15,98,1,99,108,6,114,1,5
2023-11-24,7b3824f1-fa31-4b9a-86fa-23ccb6c3d5e1,92,106,198,20,30,50,112,136,248,1,11
2023-11-24,7b5acb46-55d6-43b5-b471-4e52a5709c16,7,5,12,28,19,47,35,24,59,1,7
2023-11-24,7b92f1ba-a5e6-4fc8-a9e4-16b3a8e36690,2,2,4,15,2,17,17,4,21,1,4
2023-11-24,7ba6afe2-4e2c-4b54-8c11-2ad18915f3af,128,136,264,3,2,5,131,138,269,1,3
2023-11-24,7bcea73e-279c-4a51-b182-008ca15ca401,3,0,3,0,0,0,3,0,3,1,2
2023-11-24,7bdbfd65-7621-4fdf-8a29-dbd59446dca6,1,1,2,2,1,3,3,2,5,1,2
2023-11-24,7bf32396-6d7c-4fd3-9078-11728c8abf77,11,14,25,17,1,18,28,15,43,1,5
2023-11-24,7c06e57a-3dec-4785-b1ff-f48df5092d38,4,1,5,6,0,6,10,1,11,1,4
2023-11-24,7c4b0c41-e1fa-4ffe-b4dc-353e985deafa,5,12,17,0,0,0,5,12,17,1,4
2023-11-24,7c530d38-b339-44fe-b19c-4fe212c83ee5,2,6,8,0,1,1,2,7,9,1,3
2023-11-24,7c5fe6bb-af76-490b-aaf3-2722f452d747,3,5,8,1,0,1,4,5,9,1,2
2023-11-24,7c90229c-bb17-4d1f-84f2-90504be697c0,5,0,5,2,0,2,7,0,7,1,4
2023-11-24,7ca53332-1326-4949-bf52-02429f642082,3,4,7,0,0,0,3,4,7,1,3
2023-11-24,7cbb75d1-4ee0-4c30-9f07-5d9c7fcfe41a,79,95,174,18,21,39,97,116,213,1,20
2023-11-24,7ccc3f72-a6d0-4d61-8dcb-9bbf79358631,2,0,2,1,0,1,3,0,3,1,1
2023-11-24,7cf44bb8-cef5-45ac-875e-d1ec16ce014d,1,1,2,0,0,0,1,1,2,1,1
2023-11-24,7cfde25b-7835-4623-b5e7-cbd11ede092a,10,5,15,0,0,0,10,5,15,1,2
2023-11-24,7d1d809d-fb8a-4191-bb7d-cf9c59e2f6f5,0,0,0,9,0,9,9,0,9,1,1
2023-11-24,7d2c9946-0e27-408d-adad-f3df48a3e91d,19,8,27,2,0,2,21,8,29,1,3
2023-11-24,7d312f14-50e7-49e6-ba41-c732ead9295d,2,0,2,2,1,3,4,1,5,1,2
2023-11-24,7d45c2b8-2797-4c03-b7e4-87dff0a9c458,440,810,1250,2,0,2,442,810,1252,1,3
2023-11-24,7d6e3f31-f601-48fc-824e-b973b9198a1d,1,3,4,2,0,2,3,3,6,1,3
2023-11-24,7d87c04f-ac8e-4ec3-b2dc-dc0ceaf571c6,5,9,14,0,0,0,5,9,14,1,2
2023-11-24,7da4ed29-3a58-43d8-bb2e-f91918bb2b36,164,165,329,11,5,16,175,170,345,1,18
2023-11-24,7db1b415-b5b4-4107-85a4-4ad1ddf41332,160,139,299,14,11,25,174,150,324,1,4
2023-11-24,7dcf5eb2-b07b-4b40-bcb2-8887399d3794,26,26,52,39,6,45,65,32,97,1,3
2023-11-24,7dec841c-aac4-4918-adcf-c5acc332b3dd,8,9,17,12,12,24,20,21,41,1,4
2023-11-24,7df316a3-7e8b-4f63-9dc9-aad65469b012,2,2,4,7,0,7,9,2,11,1,3
2023-11-24,7e0ebe47-e0d7-42e1-a229-c108e0a525f2,4,4,8,0,0,0,4,4,8,1,1
2023-11-24,7e3179d2-ac45-4715-9947-38fa9118e0ae,25,27,52,5,2,7,30,29,59,1,5
2023-11-24,7e3d6394-eb08-40bb-99cc-5c97ed390d99,12,11,23,0,0,0,12,11,23,1,3
2023-11-24,7e52cbda-fd5f-4429-97c3-72062c93a063,3,6,9,0,0,0,3,6,9,1,4
2023-11-24,7e783433-3e16-46f1-be26-057349df0461,2,4,6,8,0,8,10,4,14,1,4
2023-11-24,7e8cf190-bd61-4cdc-ae87-cb950c7d69f1,21,70,91,0,2,2,21,72,93,1,4
2023-11-24,7e9db9ff-55c7-4e9c-acdc-ef344bc069a5,4,0,4,0,0,0,4,0,4,1,1
2023-11-24,7eab3a92-d2d0-4fb3-8937-d360a0d2cc6f,11,15,26,4,0,4,15,15,30,1,7
2023-11-24,7eca055a-6d8f-47ee-be9b-1475750a7788,201,229,430,4,7,11,205,236,441,1,4
2023-11-24,7ed8a793-c800-4726-bef9-5a9d794e22f8,12,16,28,0,0,0,12,16,28,1,2
2023-11-24,7efaa9db-25c5-476e-8ac0-cdc09ef03893,1,0,1,2,0,2,3,0,3,1,2
2023-11-24,7efebcaa-abd7-41fb-990f-fdd8dc5d2c0d,30,29,59,1,0,1,31,29,60,1,5
2023-11-24,7f2aa3f5-4da2-43e0-aec5-61c8f54fa635,10,16,26,0,4,4,10,20,30,1,5
2023-11-24,7f49b2eb-dcf2-4dad-9c45-673715d9d486,59,103,162,4,0,4,63,103,166,1,7
2023-11-24,7f647726-483f-4581-8acc-a785eef17fdf,118,121,239,35,4,39,153,125,278,1,7
2023-11-24,7f74ea10-0031-4a73-b76a-dcb13924620e,19,25,44,2,2,4,21,27,48,1,6
2023-11-24,7f93a219-8366-4413-b4c1-0ae7fdbbaf50,18,17,35,47,9,56,65,26,91,1,7
2023-11-24,7fb35c3f-ea2e-4006-97eb-4f5c2c9aab48,19,17,36,15,5,20,34,22,56,1,8
2023-11-24,7fd6a32d-b4d2-492b-96b6-29360175d153,1,0,1,19,3,22,20,3,23,1,3
2023-11-24,7feeaae8-97cd-4faa-bb3f-8688323143e7,2,2,4,0,0,0,2,2,4,1,2
2023-11-24,7ffda080-f957-4fa0-abe5-ab6af157d7f0,31,26,57,41,0,41,72,26,98,1,6
2023-11-24,80310f9e-ecbe-4042-bb60-63059662c81d,12,11,23,159,33,192,171,44,215,1,7
2023-11-24,803e8be8-a3a8-4b66-b935-b9ecdaa633c5,181,159,340,13,11,24,194,170,364,1,10
2023-11-24,8062debe-aaf6-4bd2-92ea-abd589af5fa5,7,5,12,3,1,4,10,6,16,1,7
2023-11-24,80bb9738-53c1-41f6-868b-2d33c571fb0e,3,3,6,1,0,1,4,3,7,1,3
2023-11-24,80e0daf9-f34b-447c-8bbe-9546c3e8ad62,1,0,1,1,0,1,2,0,2,1,2
2023-11-24,80eb5d9c-5282-4780-b6fc-055154fb45e6,39,49,88,7,10,17,46,59,105,1,2
2023-11-24,810b760b-814f-40dd-ab38-492a0792d908,1,0,1,0,0,0,1,0,1,1,1
2023-11-24,8121f8df-a857-4cf9-bf6a-793418d37223,1,3,4,0,0,0,1,3,4,1,2
2023-11-24,81307bb0-133e-4d95-8db5-de1e0b2bb797,13,23,36,0,1,1,13,24,37,1,5
2023-11-24,813cca9d-4441-4e0d-8351-de9a1fc87ab9,11,5,16,0,0,0,11,5,16,1,3
2023-11-24,814aa5c8-aa81-46d9-ba9c-dc4545cf4350,0,0,0,17,12,29,17,12,29,1,1
2023-11-24,65a1106a-c175-43ae-a43f-cb075fada3e3,1,1,2,0,0,0,1,1,2,1,2
2023-11-24,65b43e0f-de7f-4fa4-881e-fc2a45bef06c,0,2,2,0,0,0,0,2,2,1,2
2023-11-24,65bcabe0-8e21-4aac-8f46-8c2c5d9a7b17,4,0,4,0,0,0,4,0,4,1,3
2023-11-24,65e0d920-0eae-4bff-b97d-3dfcf8bb2620,31,52,83,9,21,30,40,73,113,1,13
2023-11-24,65ee65e7-4dc8-4633-b6eb-8c796b97e522,2,2,4,0,0,0,2,2,4,1,1
2023-11-24,6607648c-ce2f-4360-a627-622a32af8aa4,3,1,4,9,30,39,12,31,43,1,5
2023-11-24,663c6910-7117-4313-ac3f-c3902f39ac77,16,12,28,2,0,2,18,12,30,1,8
2023-11-24,665c87fe-a2aa-45aa-bb15-3ff37d08e4a2,0,2,2,11,2,13,11,4,15,1,4
2023-11-24,666b9725-8ed1-49f3-9859-ddc5e6c2b48b,3,3,6,0,0,0,3,3,6,1,1
2023-11-24,66793cad-4888-41e8-a3bb-1308fac708f3,2,0,2,0,0,0,2,0,2,1,2
2023-11-24,66b93283-1534-48a0-a498-5110ac5434d2,8,5,13,9,1,10,17,6,23,1,4
2023-11-24,66cd8244-8cab-4ad8-9005-98e9d2a6b7a6,3,8,11,1,0,1,4,8,12,1,2
2023-11-24,66db5c2d-5e49-48c1-930d-ae0abfcf6f6b,6,6,12,0,0,0,6,6,12,1,3
2023-11-24,6722d736-4b2d-4829-9a3d-2a01abec175c,168,158,326,3,2,5,171,160,331,1,2
2023-11-24,674532fa-5768-4248-917d-f5657d818666,0,2,2,0,0,0,0,2,2,1,2
2023-11-24,675c11fe-8f64-472b-8486-7ee43241ccbe,1,0,1,4,4,8,5,4,9,1,2
2023-11-24,67716347-af96-4c25-97f3-b36993b07baa,1,2,3,22,0,22,23,2,25,1,6
2023-11-24,678aecba-a9b6-4ded-8b52-f9b32416c77d,3,2,5,0,0,0,3,2,5,1,2
2023-11-24,67943fc3-4d96-4eea-8689-0dcba96baffe,3,0,3,0,0,0,3,0,3,1,1
2023-11-24,67a0bfee-8436-4aec-80b0-d9bc4c232497,2,4,6,4,3,7,6,7,13,1,5
2023-11-24,67b31bd4-dd12-4879-8236-9ab5a2d3cca2,20,27,47,0,0,0,20,27,47,1,6
2023-11-24,67ca0cd2-b8b8-4e6e-b24e-7c2840066aea,57,51,108,4,1,5,61,52,113,1,10
2023-11-24,67e68ef4-5564-46e0-9502-9565d33b22b6,2,0,2,0,0,0,2,0,2,1,1
2023-11-24,67f17e6e-fcd9-462e-aae1-b118c6252169,21,22,43,2,16,18,23,38,61,1,9
2023-11-24,67fc4498-671c-4c31-9f78-738af96d0e89,18,14,32,4,5,9,22,19,41,1,10
2023-11-24,683aa3fb-9a9f-4255-b814-698e65db7c84,4,3,7,11,0,11,15,3,18,1,2
2023-11-24,68507f5d-1e85-42c4-9bea-0007663b98db,6,6,12,0,0,0,6,6,12,1,1
2023-11-24,68655215-b003-4864-b953-0b08fa22275c,1,1,2,0,0,0,1,1,2,1,1
2023-11-24,68816d3a-ae9d-4129-b73d-56ecfcd4f771,3,5,8,1,1,2,4,6,10,1,2
2023-11-24,68922d47-ee13-4d36-a0e2-0fecd3fe9364,100,112,212,1,8,9,101,120,221,1,6
2023-11-24,6898b215-84a9-4575-bf77-cee17c1fe091,6,2,8,12,1,13,18,3,21,1,4
2023-11-24,68be10cf-4a06-4add-866e-3a2718d840c1,3,1,4,2,0,2,5,1,6,1,2
2023-11-24,68d38fb1-ee8e-4ca6-b135-4bde804315b7,11,17,28,2,2,4,13,19,32,1,5
2023-11-24,68e2db20-549b-474f-965c-779cac4fd417,0,0,0,2,0,2,2,0,2,1,1
2023-11-24,68f09342-02e6-4019-abea-ac1ceb837076,1,0,1,0,0,0,1,0,1,1,1
2023-11-24,690b9134-7d52-41f3-831b-8fcdc27969a7,4,1,5,0,0,0,4,1,5,1,1
2023-11-24,69254d20-e51d-4966-be76-494af8468cc3,74,113,187,3,0,3,77,113,190,1,12
2023-11-24,6933e2eb-4144-4aa0-b9c4-8c08c8405b3c,0,4,4,0,0,0,0,4,4,1,1
2023-11-24,694efc73-b0c9-44b7-a0c3-26e9a68cd021,3,4,7,3,7,10,6,11,17,1,3
2023-11-24,69602235-82cb-4876-bf7f-ffc9e42a06bb,1,0,1,0,0,0,1,0,1,1,1
2023-11-24,697bd05e-34ee-400c-9f3a-4a875560c892,337,367,704,4,14,18,341,381,722,1,11
2023-11-24,6987b240-9963-43d1-b5dc-d9045ba03fda,2,0,2,0,0,0,2,0,2,1,1
2023-11-24,69b24216-19a4-4b8b-8245-736f5eadba79,9,11,20,0,0,0,9,11,20,1,4
2023-11-24,69c20c04-29f3-4aee-94b5-84b6f350b2bf,6,5,11,2,0,2,8,5,13,1,1
2023-11-24,69d937c0-14ec-4dff-b2ea-62f8b715012a,3,7,10,0,2,2,3,9,12,1,3
2023-11-24,69f118ae-a27c-401f-a553-ff38cb38c607,66,57,123,4,3,7,70,60,130,1,17
2023-11-24,69fede11-6616-421a-b1bc-4b56ded6cf59,0,3,3,0,1,1,0,4,4,1,2
2023-11-24,6a16cd66-ce39-4ad1-940d-ab168618b092,3,0,3,0,0,0,3,0,3,1,3
2023-11-24,6a32845a-1e21-43c0-bff7-d71fd4711579,2,2,4,7,5,12,9,7,16,1,3
2023-11-24,6a3ff7ea-266e-4502-b98a-5b3f0ed38b36,4,4,8,0,0,0,4,4,8,1,4
2023-11-24,6a5e9ce8-8cde-4945-a249-53b74ee0d8e1,1,0,1,7,0,7,8,0,8,1,3
2023-11-24,6a7fb7eb-bdb2-41a8-8d74-640a1ee21e43,3,1,4,0,0,0,3,1,4,1,2
2023-11-24,6a9405bf-d9ec-4019-a37b-a9bd9bfad96f,15,14,29,3,5,8,18,19,37,1,6
2023-11-24,6aa3916a-9138-4094-9893-dd100a39a876,192,206,398,17,8,25,209,214,423,1,7
2023-11-24,6aaedd4f-9dc8-4726-8fb2-9a88d9692649,18,26,44,0,0,0,18,26,44,1,1
2023-11-24,6ad9fffb-8826-46c9-8802-75c745f4fbdb,8,3,11,0,0,0,8,3,11,1,2
2023-11-24,6ae5e1a0-3529-4739-9c5d-ebdd1095d180,9,3,12,1,6,7,10,9,19,1,3
2023-11-24,6b058eb8-b4fb-4212-b093-09385e9e18b0,0,0,0,5,0,5,5,0,5,1,2
2023-11-24,6b22310a-e5a3-462d-a8be-a9132ec5b344,19,14,33,139,29,168,158,43,201,1,12
2023-11-24,6b2a70c0-ea59-4bdb-a22b-d19e3335add6,1,1,2,1,3,4,2,4,6,1,3
2023-11-24,6b46bc14-44db-40fc-b8bc-5d70de920e89,2,6,8,15,3,18,17,9,26,1,4
2023-11-24,6b59e2d2-f745-47da-bf8a-9e482b01b852,10,23,33,0,0,0,10,23,33,1,17
2023-11-24,6b7ca5af-24e5-40f9-b79d-0a2093774315,3,4,7,2,1,3,5,5,10,1,3
2023-11-24,6b970a31-7420-40bf-b488-89161b9ded1c,5,3,8,0,0,0,5,3,8,1,2
2023-11-24,6bb32ddf-e1b9-4756-8e58-8b5e069d15b9,17,31,48,0,0,0,17,31,48,1,2
2023-11-24,6bbde2c5-24d8-4cf1-be36-a2f2397d741a,6,5,11,0,0,0,6,5,11,1,2
2023-11-24,6bdca4a9-1cbc-4d08-89b5-9e2ad9a682e1,1,0,1,0,0,0,1,0,1,1,1
2023-11-24,6bed58b6-8dce-44a3-a29e-b59af4e2bc97,2,1,3,0,0,0,2,1,3,1,2
2023-11-24,6c040cdb-dbc9-47e0-9c93-d3246509aab9,10,9,19,19,14,33,29,23,52,1,4
2023-11-24,6c241c60-8c34-45d9-826f-457614a07aca,2,0,2,3,0,3,5,0,5,1,2
2023-11-24,6c3b4090-3e14-4ac1-b2a4-69898d2af928,88,135,223,3,10,13,91,145,236,1,10
2023-11-24,6c613c3e-f874-40a9-aa9f-97bfa64d021b,0,0,0,1,0,1,1,0,1,1,1
2023-11-24,6c7cf746-84c3-4e70-a033-348147bfb865,0,0,0,1,0,1,1,0,1,1,1
2023-11-24,6c919f24-181c-43c4-a7e1-9013308d303d,72,69,141,4,3,7,76,72,148,1,1
2023-11-24,6cb72fe6-2a76-419d-b691-5b22147e5c3d,28,17,45,1,0,1,29,17,46,1,3
2023-11-24,6cd84943-8511-440c-aeac-f87ece1da050,0,0,0,2,0,2,2,0,2,1,1
2023-11-24,6d015378-274e-4969-ba9a-1fc19a40cfa3,25,30,55,5,1,6,30,31,61,1,8
2023-11-24,6d1c7815-661e-4554-b560-f119a28098b5,0,1,1,0,0,0,0,1,1,1,1
2023-11-24,6d3aa995-f074-4684-8ed5-c50f3c7f12fa,12,8,20,9,0,9,21,8,29,1,6
2023-11-24,6d5c7d74-a8b8-4029-a49a-ca265f09a368,1,0,1,0,0,0,1,0,1,1,1
2023-11-24,6d6d61f8-cc2f-4d0e-b329-f1a24680ba5b,4,4,8,4,0,4,8,4,12,1,4
2023-11-24,6d889dc7-3761-417a-a368-c6405a58d905,14,18,32,0,0,0,14,18,32,1,6
2023-11-24,6daa0157-bc7e-4ae7-980c-77e81368f474,131,177,308,4,8,12,135,185,320,1,11
2023-11-24,6db67cf5-ecab-4756-9ba6-e527ab9ebe09,116,113,229,12,7,19,128,120,248,1,5
2023-11-24,6dd8596f-a451-41bc-95cb-62b67c9f346c,29,37,66,6,6,12,35,43,78,1,6
2023-11-24,6e016606-5a69-43ab-be54-02f87260758a,93,124,217,3,10,13,96,134,230,1,4
2023-11-24,6e0ebff6-94e0-414d-bf21-f84745886de9,6,1,7,0,1,1,6,2,8,1,6
2023-11-24,6e24710a-b12a-4c37-88a5-80475cb9b2b1,52,50,102,0,2,2,52,52,104,1,4
2023-11-24,6e2d0f70-9b88-462a-9b37-22353088814d,3,9,12,3,0,3,6,9,15,1,3
2023-11-24,6e3d49ed-e3ea-4630-a066-61e63704febd,5,8,13,0,0,0,5,8,13,1,3
2023-11-24,6e65ebbb-1afc-4c90-a259-5cf32890a569,51,62,113,1,1,2,52,63,115,1,6
2023-11-24,6e7ce736-d514-4563-be71-767cee834c61,1,1,2,3,0,3,4,1,5,1,3
2023-11-24,6e9681df-c77c-4ead-bde5-69fb2666a630,0,0,0,2,0,2,2,0,2,1,1
2023-11-24,6eac137b-5caf-4bc7-9bd2-e9ea31b7d8ce,4,7,11,0,0,0,4,7,11,1,5
2023-11-24,6ec259f1-4ddd-479d-b53b-59c872a14537,1,2,3,0,0,0,1,2,3,1,2
2023-11-24,6ee24461-d944-4958-b5e4-fb639508dd4e,32,29,61,1,0,1,33,29,62,1,2
2023-11-24,6ef80026-5c27-4c9c-855a-c508ff2aae22,9,3,12,0,0,0,9,3,12,1,3
2023-11-24,6f0ff1a0-ab47-4130-8ca9-bd6218b0fec9,0,0,0,2,0,2,2,0,2,1,1
2023-11-24,6f29a296-ba97-4cc4-a351-f78bfec0a7e4,8,17,25,0,0,0,8,17,25,1,2
2023-11-24,6f4aed3f-8fd6-4046-91d4-9d3e5aecc941,24,16,40,4,0,4,28,16,44,1,8
2023-11-24,6f63189f-b35d-40e5-9d30-fc77bb384f00,2,0,2,0,0,0,2,0,2,1,2
2023-11-24,6f9b1c3d-8c43-40a7-98cf-3f3764c22fc6,138,131,269,0,4,4,138,135,273,1,9
2023-11-24,6fc21dd1-3c1a-453d-82e1-03a023e57d51,34,47,81,6,0,6,40,47,87,1,4
2023-11-24,6fe091d9-d06e-403e-9911-733fa7eed17d,371,306,677,13,3,16,384,309,693,1,4
2023-11-24,701ab090-c052-4804-93cf-c39d53855da4,264,272,536,10,8,18,274,280,554,1,10
2023-11-24,70331db2-3708-436f-8066-4c666ec04bf3,24,18,42,3,0,3,27,18,45,1,2
2023-11-24,7055e345-80cb-48b0-b849-1e6f1c07c86e,3,18,21,18,27,45,21,45,66,1,10
2023-11-24,70795434-7ae0-4e17-a853-c581570dc83b,20,29,49,23,5,28,43,34,77,1,4
2023-11-24,709110f0-4ec6-4966-8349-6240248ef077,20,26,46,1,0,1,21,26,47,1,1
2023-11-24,709cb9a8-c881-4c08-aa6a-92ccd5b8cb2d,1,0,1,0,0,0,1,0,1,1,1
2023-11-24,70ae8261-cf6e-46a1-95bb-41d0dbf53e75,0,1,1,0,0,0,0,1,1,1,1
2023-11-24,70ba4863-57e3-47ec-9607-8c707d958edb,15,16,31,1,1,2,16,17,33,1,6
2023-11-24,70d03407-a442-42d7-80eb-12d041d64b63,21,31,52,0,0,0,21,31,52,1,3
2023-11-24,70fba426-a31d-43ff-93cd-73a3d0bf9638,160,188,348,263,143,406,423,331,754,1,9
2023-11-24,710e7cc6-04af-40a7-99c7-ba6377decdb5,10,15,25,0,4,4,10,19,29,1,2
2023-11-24,7128300a-c59d-4e8a-9434-62c706ab55d8,11,6,17,1,0,1,12,6,18,1,4
2023-11-24,7155fcf1-c89c-43f2-8e14-7f3dae368ba2,2,6,8,9,0,9,11,6,17,1,5
2023-11-24,71810ee8-14a1-49d6-884c-1773616edd74,62,59,121,1,3,4,63,62,125,1,5
2023-11-24,71b0fc7d-fe21-4509-bce3-e08d1fcffe22,5,5,10,5,6,11,10,11,21,1,5
2023-11-24,71b89081-2d1d-4c6e-ab5e-04365b48e058,14,23,37,0,0,0,14,23,37,1,3
2023-11-24,71d0e164-f57f-4dc7-9cca-8fc75b5d7564,4,3,7,15,2,17,19,5,24,1,6
2023-11-24,71e4da63-68da-48ea-b4b4-94c58ac3e4a1,0,0,0,6,0,6,6,0,6,1,1
2023-11-24,7217a2c6-361b-441f-b2cc-54bbcc6fddc5,1,0,1,8,1,9,9,1,10,1,2
2023-11-24,723fd2d7-b132-4fa2-b0ff-e4d87c00a076,12,12,24,0,0,0,12,12,24,1,2
2023-11-24,7264e266-4afa-4575-884c-73dea58609ac,120,143,263,8,1,9,128,144,272,1,8
2023-11-24,72a41f45-a2b2-4340-9565-757523c063ab,1,2,3,0,0,0,1,2,3,1,1
2023-11-24,72b4293b-3696-43f4-8389-d68d7ba58e96,16,7,23,1,0,1,17,7,24,1,2
2023-11-24,72c169a0-0615-40d3-af6c-0bb7d90971a1,15,9,24,0,0,0,15,9,24,1,3
2023-11-24,72c728a7-d1d2-4d80-b6e7-8ac2c6ca3164,2,1,3,3,1,4,5,2,7,1,3
2023-11-24,72ce2d16-f942-489e-847d-2cb2b9af9d11,108,145,253,1,0,1,109,145,254,1,9
2023-11-24,72e345ea-7920-49d5-b39a-1d86e8f44167,4,5,9,0,1,1,4,6,10,1,2
2023-11-24,73060bdf-b81b-4897-b34e-ea0eec2ab6a4,11,11,22,1,0,1,12,11,23,1,2
2023-11-24,7320af53-74cd-4620-b642-34af28021e46,26,21,47,1,3,4,27,24,51,1,2
2023-11-24,73376688-06e8-4777-b87d-dc23ae3116b9,6,5,11,1,0,1,7,5,12,1,1
2023-11-24,736075cb-7161-45bc-b321-f0628c3b4e7e,2,3,5,2,0,2,4,3,7,1,2
2023-11-24,739748ce-0a3d-4af4-8613-7ae4ef734fcb,3,2,5,0,0,0,3,2,5,1,1
2023-11-24,73bb03a2-b4f9-4a3f-bd52-a9a37d7527d7,146,138,284,6,5,11,152,143,295,1,8
2023-11-24,73cd0be6-6f19-4765-a1b8-6ac7688b26a3,5,5,10,0,1,1,5,6,11,1,2
2023-11-24,73dc44c3-83fc-4af0-841f-55d4c9216bcb,0,2,2,12,4,16,12,6,18,1,2
2023-11-24,73f32bb4-576c-4e59-b9e4-34dc3d0f9d48,4,2,6,1,1,2,5,3,8,1,1
2023-11-24,740a6dc2-e244-4816-befd-8bfda42c22d4,25,48,73,12,15,27,37,63,100,1,5
2023-11-24,74229a9f-f603-49f5-8cfe-c2f81309ee8d,17,12,29,0,0,0,17,12,29,1,2
2023-11-24,74391577-affe-4cbc-a6d9-269414f85e0b,1,1,2,136,0,136,137,1,138,1,3
2023-11-24,745566bf-ba6a-46ad-a2d8-42d3dc66468e,14,14,28,2,1,3,16,15,31,1,4
2023-11-24,74645829-2813-4bbb-afc5-8e4018970d17,21,15,36,2,2,4,23,17,40,1,9
2023-11-24,74752664-e851-494c-b46e-6a329b163f15,295,308,603,16,6,22,311,314,625,1,7
2023-11-24,748ab4d7-2e08-411a-afc0-af5f9dbf5548,18,14,32,0,0,0,18,14,32,1,3
2023-11-24,74b2ffc8-a446-412f-835a-145c995bdc58,0,0,0,1,0,1,1,0,1,1,1
2023-11-24,74d16f6c-de14-4065-960b-a290ed0f19b3,17,9,26,0,0,0,17,9,26,1,4
2023-11-24,74d88a82-2f56-402c-b5c9-0855a1673031,2,3,5,12,1,13,14,4,18,1,7
2023-11-24,74f4e89c-035e-4b32-909f-70a5951082f8,20,14,34,0,0,0,20,14,34,1,3
2023-11-24,75156d71-bb2c-45d2-bd7d-d55c2550b169,503,409,912,91,50,141,594,459,1053,1,10
2023-11-24,75473bc4-e964-4d93-8236-29695d0f4b1a,0,3,3,0,0,0,0,3,3,1,1
2023-11-24,7556b77f-261b-4e0f-b59e-fd7459bd488f,393,559,952,110,89,199,503,648,1151,1,46
2023-11-24,75642092-4e17-408d-a7b4-96d55f4dace4,1,0,1,0,0,0,1,0,1,1,1
2023-11-24,758cbf5f-b785-4a94-9e74-07ad89d0d9ad,21,4,25,19,9,28,40,13,53,1,5
2023-11-24,75a34970-b95d-4bfa-8406-d7980b1281c2,42,31,73,5,5,10,47,36,83,1,6
2023-11-24,75bf14c5-d98a-4689-aba3-4187bd59a663,0,4,4,0,0,0,0,4,4,1,1
2023-11-24,75e69e0e-7603-4b7d-97ba-b248e7a98b47,3,2,5,1,0,1,4,2,6,1,4
2023-11-24,75f6157b-2648-40e2-a104-9eb9affbca9b,1,0,1,0,0,0,1,0,1,1,1
2023-11-24,761015ce-996c-4d7b-8ddd-feaca5f40e3d,145,192,337,0,2,2,145,194,339,1,6
2023-11-24,76184e20-6126-48bb-bc53-7ce7ec5adc98,0,0,0,7,0,7,7,0,7,1,1
2023-11-24,762d900f-6ec3-4c49-a605-21711b02dbd1,3,2,5,24,1,25,27,3,30,1,4
2023-11-24,763bac88-b59f-4b02-b06b-7941acb816d1,6,3,9,0,0,0,6,3,9,1,4
2023-11-24,76609117-e460-483a-8925-96d511d5a9e2,4,9,13,4,1,5,8,10,18,1,6
2023-11-24,7679d56f-ba9d-463e-b635-e69c407b5dc1,17,3,20,10,0,10,27,3,30,1,4
2023-11-24,769cea36-32c1-47ff-97ab-d90c42b9c20f,0,0,0,0,1,1,0,1,1,1,1
2023-11-24,76b1128f-bae6-4d45-b081-f412115dcd49,54,69,123,6,2,8,60,71,131,1,10
2023-11-24,76d01822-3caf-49d6-b3a8-084177ec83f1,4,1,5,0,0,0,4,1,5,1,3
2023-11-24,76e7c130-039a-4725-8bce-fe4b4ed4c567,34,32,66,4,1,5,38,33,71,1,9
2023-11-24,76f59638-bfbf-4a26-81c4-7892e1c3df47,0,0,0,2,0,2,2,0,2,1,1
2023-11-24,770f42a8-5746-491f-9f46-e362aa5e947d,65,84,149,1,1,2,66,85,151,1,8
2023-11-24,772bcc0d-84f4-4b7b-87dd-a7b96fb3d22d,40,56,96,37,5,42,77,61,138,1,10
2023-11-24,773f52cd-a84d-4ebd-8b8d-4aed2757ef86,9,0,9,11,8,19,20,8,28,1,11
2023-11-24,776e0ccf-45a5-4d99-bb04-892f6a20de2c,13,21,34,11,7,18,24,28,52,1,5
2023-11-24,7784a390-d839-4fe5-9675-ad1e94a2c2eb,1,0,1,0,0,0,1,0,1,1,1
2023-11-24,77a1f845-5cf9-49c7-ab80-314605194c20,10,3,13,121,30,151,131,33,164,1,6
2023-11-24,77c68fec-ab6d-4982-934c-d25172965811,5,2,7,1,0,1,6,2,8,1,4
2023-11-24,77d583ea-5045-4f63-b4f7-949f4535d521,12,12,24,12,0,12,24,12,36,1,4
2023-11-24,77e74e50-b7ae-4f5c-a416-34167e00b88c,22,21,43,3,0,3,25,21,46,1,1
2023-11-24,7805c4e7-069f-4b16-b254-d58262b3c378,0,0,0,1,0,1,1,0,1,1,1
2023-11-24,78278735-e0b1-4149-94d6-55edfee9050c,69,85,154,3,0,3,72,85,157,1,5
2023-11-24,7832ea97-de31-401a-963d-fc401d720060,11,19,30,0,0,0,11,19,30,1,3
2023-11-24,784a8c17-386e-4d0e-92f9-2a20ca307ee7,37,52,89,40,11,51,77,63,140,1,8
2023-11-24,815aa29b-68e3-4678-85d5-1ae2c611534e,27,15,42,27,12,39,54,27,81,1,8
2023-11-24,81979433-d98a-45ef-8423-f5a367acd1a2,0,0,0,6,0,6,6,0,6,1,2
2023-11-24,81bc3686-00cb-458d-b152-7ab0c20f2ab0,2,3,5,9,0,9,11,3,14,1,2
2023-11-24,81d7e3f2-424f-47fa-bfb0-4db42922a46b,3,4,7,1,0,1,4,4,8,1,3
2023-11-24,81df40de-f03c-4c7b-975b-c84d2172db85,0,0,0,75,16,91,75,16,91,1,1
2023-11-24,8230c3ae-ed4d-4077-9ac5-cdf586f90059,0,1,1,0,0,0,0,1,1,1,1
2023-11-24,824ef344-bcf0-4fec-92a9-0e8c50c86e93,1,9,10,5,1,6,6,10,16,1,3
2023-11-24,826a21ff-2bd6-40a0-acd1-277eef8bdf4e,1,0,1,1,0,1,2,0,2,1,2
2023-11-24,82748e90-eed9-413d-9155-a3d202a132dd,45,42,87,77,55,132,122,97,219,1,8
2023-11-24,8295b0bf-64b8-4e3f-aff3-6e982bad07a4,1,1,2,10,0,10,11,1,12,1,5
2023-11-24,82a7ecfa-82d0-43cc-a63f-81aa693f9f54,3,4,7,0,0,0,3,4,7,1,2
2023-11-24,82c0aeab-2851-4b32-9227-871a974cd2fd,2,3,5,0,0,0,2,3,5,1,1
2023-11-24,82d6a277-dc7c-43c1-b5f5-698c37d2f579,42,32,74,1,0,1,43,32,75,1,9
2023-11-24,82e93b55-c2ef-4264-813e-5c84ce9a7198,99,138,237,21,31,52,120,169,289,1,9
2023-11-24,8312853c-66ad-4d86-8dcb-16144b697fb9,2,2,4,0,0,0,2,2,4,1,1
2023-11-24,8333b096-4375-413b-b2d2-cba5cde5b2a1,24,22,46,81,26,107,105,48,153,1,7
2023-11-24,836190e5-7b6c-4b51-88f3-437a76341260,52,53,105,0,1,1,52,54,106,1,2
2023-11-24,837fc584-a135-4b1a-847e-852310944921,9,9,18,0,0,0,9,9,18,1,3
2023-11-24,83844ae5-6fd0-4e45-8abc-e06392d13302,2,0,2,0,0,0,2,0,2,1,1
2023-11-24,838ecd19-c5a5-400a-892e-78d90cd15c34,4,7,11,1,0,1,5,7,12,1,3
2023-11-24,83a43fb8-1016-4bdd-a17c-9f38742e31f2,11,21,32,43,45,88,54,66,120,1,6
2023-11-24,83c05bdd-6ec2-454f-8676-780058801050,29,35,64,2,8,10,31,43,74,1,7
2023-11-24,83d0342d-b9cc-4a6d-9c71-80551dca8134,10,7,17,2,1,3,12,8,20,1,4
2023-11-24,83da4dae-1f9e-4a98-a67c-7cbd8246bdd4,2,0,2,13,0,13,15,0,15,1,4
2023-11-24,83faf9ec-2647-40b2-8461-6e390cc2ad1c,0,1,1,4,14,18,4,15,19,1,2
2023-11-24,841965f1-0d2b-43b9-beaf-997cd3d772df,22,28,50,6,2,8,28,30,58,1,8
2023-11-24,8449a11f-b549-41d9-aef0-f33ca2f12477,23,31,54,14,11,25,37,42,79,1,4
2023-11-24,846d9c27-8dc2-49da-a738-e58aed340f07,1,0,1,1,0,1,2,0,2,1,2
2023-11-24,848c6819-7bc9-42fe-81d7-5b57aaf03e74,53,69,122,1,0,1,54,69,123,1,10
2023-11-24,84a50025-a683-496d-9edf-7cedac89557f,4,5,9,1,0,1,5,5,10,1,2
2023-11-24,84c0e0de-f885-44c5-b98e-06232161c98e,1,0,1,0,0,0,1,0,1,1,1
2023-11-24,84d0fc60-45d3-40c0-bd30-aa5cd24258b9,1,1,2,1,0,1,2,1,3,1,2
2023-11-24,84ec4a32-6fb8-4d80-9cb1-4755d4d58d14,9,8,17,3,0,3,12,8,20,1,3
2023-11-24,84f9ee79-b923-4055-acc8-44f3027d97c5,46,41,87,1,1,2,47,42,89,1,3
2023-11-24,8509aa74-71ce-4010-bb54-83c5478dd10d,73,80,153,89,38,127,162,118,280,1,8
2023-11-24,85184d1d-b650-4cc5-8069-27f6fc78a16e,0,1,1,1,1,2,1,2,3,1,2
2023-11-24,852edc12-2bc4-4153-a5ec-90603fdc1244,7,6,13,5,5,10,12,11,23,1,4
2023-11-24,85488302-9f92-46ae-adcb-23531aba8711,6,13,19,1,0,1,7,13,20,1,4
2023-11-24,855b9ec0-810f-48a5-8062-8d765ae1f50e,50,49,99,12,4,16,62,53,115,1,12
2023-11-24,856ee575-e125-4524-8f2c-9ca65c4abbac,3,2,5,2,1,3,5,3,8,1,3
2023-11-24,8589bf95-72c2-468a-a265-b6bd9a1a880a,13,8,21,0,0,0,13,8,21,1,3
2023-11-24,85985377-7baa-4fec-8eeb-fa889f645421,203,231,434,19,11,30,222,242,464,1,9
2023-11-24,85a51f72-76ad-433f-9e87-b1fcadbc21ee,1,0,1,7,0,7,8,0,8,1,4
2023-11-24,85b3517c-61b1-4a59-8bc2-0b82f3c06aa8,11,15,26,7,12,19,18,27,45,1,4
2023-11-24,85c49bd4-1d0c-4820-8a85-aa73df9fe012,0,0,0,3,1,4,3,1,4,1,1
2023-11-24,85df11df-ac80-41fe-b104-a4fe331b6429,1,1,2,0,0,0,1,1,2,1,1
2023-11-24,85f17852-3b16-4c5a-88fc-65e996408467,11,2,13,1,0,1,12,2,14,1,6
2023-11-24,861271d7-f266-427e-aeba-a5667cf5dcaa,17,13,30,15,0,15,32,13,45,1,5
2023-11-24,8628bb8d-7c9d-4c04-b5cc-f4244b2e7191,1,3,4,2,0,2,3,3,6,1,3
2023-11-24,863c1107-2a4f-4caa-bae8-cf8cacd10992,45,31,76,2,2,4,47,33,80,1,7
2023-11-24,8648ebcd-3b38-45bd-bf54-8a3c2121bb11,1,1,2,0,0,0,1,1,2,1,1
2023-11-24,866ce1ef-489c-496f-b9f2-909093d569ae,7,7,14,0,2,2,7,9,16,1,2
2023-11-24,86827900-f4ff-43b8-9812-3084bf573717,3,1,4,0,0,0,3,1,4,1,2
2023-11-24,868dce89-0176-4ebb-a7dd-3c20f24d0e42,6,3,9,5,1,6,11,4,15,1,2
2023-11-24,86c098d3-2297-4180-af97-e05a4bcebaf0,1,0,1,0,0,0,1,0,1,1,1
2023-11-24,86d517ce-2663-43a0-bf77-2eb534321f8b,6,8,14,0,0,0,6,8,14,1,2
2023-11-24,86e64291-5134-40c9-af8c-c7a20a39ef2f,2,2,4,0,0,0,2,2,4,1,3
2023-11-24,87008f3b-8ba2-4ceb-84cd-9997b267dd17,54,38,92,4,0,4,58,38,96,1,5
2023-11-24,87074821-c238-45be-b169-ce8e29155ca2,5,9,14,23,19,42,28,28,56,1,8
2023-11-24,8722afbe-d998-435e-b0ec-02382aa7492f,14,39,53,11,4,15,25,43,68,1,6
2023-11-24,87366baa-d70c-4a01-b8fc-19bd4de42eed,8,8,16,0,0,0,8,8,16,1,4
2023-11-24,8762d503-985f-492c-8f99-78ef2194495f,0,0,0,0,1,1,0,1,1,1,1
2023-11-24,8786dac5-92e3-4a11-a4b2-9fd276a7f5a5,14,12,26,0,0,0,14,12,26,1,2
2023-11-24,8794c106-3063-4dfa-ba07-f8cb1325863d,83,86,169,0,1,1,83,87,170,1,8
2023-11-24,87a7f463-16fc-4334-89a4-f0b87d2940c3,2,0,2,7,1,8,9,1,10,1,3
2023-11-24,87cd9240-4ede-4952-8c66-58f04004d540,10,15,25,18,14,32,28,29,57,1,6
2023-11-24,87e9be9a-b6a2-4c37-9775-b1f1ae54efa6,0,1,1,14,0,14,14,1,15,1,2
2023-11-24,87ff90f7-e205-4716-9616-a2dccf31e554,12,27,39,2,1,3,14,28,42,1,5
2023-11-24,8824872b-eb30-40ce-adb6-9b5822d58574,3,4,7,7,0,7,10,4,14,1,3
2023-11-24,8850ca96-f967-4d0b-8d8f-f3c72adfb7f7,0,2,2,10,0,10,10,2,12,1,1
2023-11-24,88586d11-9e22-454b-83d2-fa5c25278f98,26,23,49,1,0,1,27,23,50,1,5
2023-11-24,886ad4ca-d430-4f57-b8c0-31bab54bcf18,35,42,77,0,1,1,35,43,78,1,6
2023-11-24,8884f1a1-5059-4ea2-9ca1-063ab3dabe63,9,6,15,0,1,1,9,7,16,1,3
2023-11-24,8888c2aa-ca31-4ef6-8928-c3ccff1de5c6,2,4,6,4,1,5,6,5,11,1,5
2023-11-24,889489f1-e27c-420c-b77b-5b9143c7c65c,6,5,11,3,3,6,9,8,17,1,4
2023-11-24,88b34062-65c2-440b-8a11-d9d915d76e74,23,11,34,14,0,14,37,11,48,1,8
2023-11-24,88c4f928-00fd-4bb0-a768-ec571ff3ec29,7,13,20,0,0,0,7,13,20,1,2
2023-11-24,88f58499-4712-4187-a3f4-2c2998d5d8af,82,129,211,1,7,8,83,136,219,1,15
2023-11-24,89157833-e97f-425b-ab32-51887a8e3ea3,78,95,173,149,35,184,227,130,357,1,13
2023-11-24,892be042-fe0c-4e4f-9eca-70b7d34887d6,3,8,11,1,0,1,4,8,12,1,1
2023-11-24,8946220e-7712-4bfa-aaf2-778c1293bd31,2,2,4,4,2,6,6,4,10,1,4
2023-11-24,896095ed-2ba5-46e4-b36e-b6db894de34b,27,47,74,5,1,6,32,48,80,1,7
2023-11-24,89772974-4eb0-4b8a-96a2-51adc8797c1f,6,14,20,4,0,4,10,14,24,1,5
2023-11-24,89a00248-e534-4fdf-a06b-08ba58bc3884,47,41,88,11,8,19,58,49,107,1,12
2023-11-24,89b693d4-5131-4912-96eb-6d1a6d9fc4c3,9,7,16,1,1,2,10,8,18,1,1
2023-11-24,89c9cdab-5690-4ee9-8b01-c6e40e440e74,79,75,154,262,69,331,341,144,485,1,12
2023-11-24,89daa299-519a-4dc2-9c79-4807d7c714d9,23,24,47,1,4,5,24,28,52,1,7
2023-11-24,89f26ce1-0374-4406-b85e-a0691a84812b,86,95,181,0,1,1,86,96,182,1,10
2023-11-24,8a22d0b7-3e05-4820-ac06-66e88a607a7a,100,103,203,0,0,0,100,103,203,1,3
2023-11-24,8a3f3e0e-c1c3-43d0-ac19-f073a54e33d8,9,6,15,3,1,4,12,7,19,1,5
2023-11-24,8a628f33-8612-4e91-abed-75b75950493d,1,4,5,0,0,0,1,4,5,1,1
2023-11-24,8a70d54f-66f6-460f-88c3-ed8b728015d1,18,12,30,25,1,26,43,13,56,1,6
2023-11-24,8a86a138-1f35-4c61-9e24-9b67ae24330e,1,2,3,0,0,0,1,2,3,1,1
2023-11-24,8a9e4295-85c7-4169-8f40-fc9363e6977a,20,19,39,19,19,38,39,38,77,1,5
2023-11-24,8ac4292e-1b25-4e2f-89bb-a745967c65ca,1,2,3,1,0,1,2,2,4,1,2
2023-11-24,8ae5446e-cfb3-40e2-9316-cba588b44d38,0,0,0,2,1,3,2,1,3,1,1
2023-11-24,8afe17c1-ca69-4d18-8c24-aa5f216c3dad,35,49,84,0,4,4,35,53,88,1,4
2023-11-24,8b22adb5-5e1c-41e5-aaac-95b91cbf2709,10,7,17,14,5,19,24,12,36,1,7
2023-11-24,8b2fb4fd-ff01-4eb6-8874-0e578a29b3cd,0,5,5,0,0,0,0,5,5,1,2
2023-11-24,8b4f2b08-4d19-466f-8fc3-bc1f4965bff5,1,1,2,0,0,0,1,1,2,1,1
2023-11-24,8b61c491-6370-4aba-ad02-b03914f6af1c,1,2,3,0,0,0,1,2,3,1,2
2023-11-24,8b78d049-7caa-458a-b1d5-cf97997f0772,2,0,2,0,0,0,2,0,2,1,1
2023-11-24,8b8d9df5-00e3-492a-877c-5ef564516a38,22,35,57,3,2,5,25,37,62,1,4
2023-11-24,8ba56412-9277-491f-90c6-113184effafc,1,0,1,2,0,2,3,0,3,1,2
2023-11-24,8bb4eccb-adf3-4bd7-9463-e137776443b3,8,9,17,1,0,1,9,9,18,1,4
2023-11-24,8bc3e74c-271a-4445-b590-56e6fa5cf04a,1,0,1,0,0,0,1,0,1,1,1
2023-11-24,8be04d93-fa2e-4686-9050-9d48fc78d452,1,2,3,0,0,0,1,2,3,1,2
2023-11-24,8c065bde-b443-408a-968a-dc6f4a2e337e,2,3,5,0,0,0,2,3,5,1,3
2023-11-24,8c1514f8-86b5-4594-99b9-df39b808ddf4,1,0,1,5,0,5,6,0,6,1,3
2023-11-24,8c24158d-c7f9-4dd4-bb9c-6d5c68be2ef1,3,3,6,1,0,1,4,3,7,1,2
2023-11-24,8c4ae1c0-cf52-44ee-b9d6-bb400e1c22e3,21,12,33,3,4,7,24,16,40,1,3
2023-11-24,8c580a9b-34bb-4dec-881e-4aa24a850bde,10,22,32,0,0,0,10,22,32,1,1
2023-11-24,8c74fb95-5f68-4b5d-8479-3e943884299b,0,0,0,0,1,1,0,1,1,1,1
2023-11-24,8c7a2974-b06b-4ad9-820f-631b010f7c75,6,3,9,5,0,5,11,3,14,1,6
2023-11-24,8c89084a-e8b3-4397-b848-0cb22c6c71fb,158,243,401,9,0,9,167,243,410,1,8
2023-11-24,8ca94f00-5734-4b8e-bf2c-2a3d43cf5cb9,19,16,35,10,2,12,29,18,47,1,3
2023-11-24,8cc9fb43-9183-46f9-87e4-3200d3e80359,2,1,3,3,0,3,5,1,6,1,2
2023-11-24,8ce69a1f-4a7b-4065-932a-5b247dba7d9d,19,20,39,1,0,1,20,20,40,1,3
2023-11-24,8d06c6be-d4f0-44aa-b514-fc73d238a750,7,12,19,0,0,0,7,12,19,1,2
2023-11-24,8d1e2dc0-e5b8-4b53-b9f1-18c8b4245eff,3,4,7,0,0,0,3,4,7,1,1
2023-11-24,8d3df73a-585a-42f5-af9b-59b0379bc91b,4,0,4,0,0,0,4,0,4,1,4
2023-11-24,8d4d3884-46ab-4d5f-8224-3f35c83a9a23,1,0,1,2,0,2,3,0,3,1,2
2023-11-24,8d670d4a-06eb-4619-90f6-e0a83f2c82aa,0,1,1,13,0,13,13,1,14,1,3
2023-11-24,8d98aa0e-b5bd-4643-9958-93c9951f4a31,18,16,34,2,3,5,20,19,39,1,5
2023-11-24,8db2fbbb-d471-434a-be81-a162b3126313,5,11,16,300,1,301,305,12,317,1,6
2023-11-24,8dc05e26-66b9-4771-bc3c-812e5dadf8a8,0,2,2,0,0,0,0,2,2,1,1
2023-11-24,8de328db-ebee-4104-b15b-be61cf9194ad,1,2,3,1,0,1,2,2,4,1,2
2023-11-24,8df988bc-d536-41f3-819b-5e3a60137883,4,2,6,0,0,0,4,2,6,1,3
2023-11-24,8e1526fe-5589-4ef3-ab4c-367f23bf8550,81,84,165,16,5,21,97,89,186,1,11
2023-11-24,8e31393c-80a5-4b1a-b865-1579234781f6,5,6,11,0,4,4,5,10,15,1,3
2023-11-24,8e399d4d-2628-4f5e-be4b-6540c8e58fa9,2,7,9,0,0,0,2,7,9,1,2
2023-11-24,8e5c7b66-36c6-4212-982e-cd1ff7a147f3,0,1,1,2,0,2,2,1,3,1,1
2023-11-24,8e67d277-d761-44b5-a667-b58b4ecc0b8f,0,0,0,29,0,29,29,0,29,1,1
2023-11-24,8e7a9dcf-f024-4ed4-be0a-a6c9f454e9c2,52,66,118,147,25,172,199,91,290,1,18
2023-11-24,8e987177-d079-4f8e-9392-508d44e9bc7e,3,5,8,5,3,8,8,8,16,1,4
2023-11-24,8ea48c2f-eaf7-4e0a-a2bd-cd469a6af29f,5,4,9,19,2,21,24,6,30,1,4
2023-11-24,8ed1ceeb-2fdf-44ba-ac41-9d5cfc799336,172,185,357,9,14,23,181,199,380,1,8
2023-11-24,8ee35656-7345-44dd-a9fc-7e933e52ac08,69,70,139,0,0,0,69,70,139,1,1
2023-11-24,8ef6f997-9c77-4d0e-a33f-f1a004066b9e,18,19,37,2,0,2,20,19,39,1,12
2023-11-24,8f04334b-c3d7-452b-8b8d-91099a5e0f56,1,0,1,43,2,45,44,2,46,1,3
2023-11-24,8f19fff3-4000-4a46-92cb-41c6199bdfad,19,20,39,68,41,109,87,61,148,1,6
2023-11-24,8f389f4d-d579-448b-9546-11395fa27123,11,7,18,0,0,0,11,7,18,1,3
2023-11-24,8f5ec695-0ec5-4543-b931-43a4078e9a44,0,0,0,0,1,1,0,1,1,1,1
2023-11-24,8f6b1db5-4073-4e17-8a01-5a7f7d8b6997,13,19,32,0,0,0,13,19,32,1,7
2023-11-24,8f9b9f81-1aac-4a7b-9cc5-64842dea9435,6,10,16,14,1,15,20,11,31,1,6
2023-11-24,8fb2e79d-5d15-4a67-8a66-d77e42bb0d0b,4,1,5,138,32,170,142,33,175,1,3
2023-11-24,8fcd80da-ec34-4be7-9ba0-449434fcc168,14,16,30,2,9,11,16,25,41,1,7
2023-11-24,8fd4415f-1ef6-4ec6-95b1-6b699ebebdd6,94,102,196,1,5,6,95,107,202,1,7
2023-11-24,8ffff490-f524-439d-818b-a6557ac81b10,18,23,41,1,1,2,19,24,43,1,4
2023-11-24,9009e64c-b292-454a-9c1c-4f4b12cd029b,4,0,4,0,0,0,4,0,4,1,3
2023-11-24,903d3cb0-8873-4f07-b90d-77ee7989c360,35,27,62,2,0,2,37,27,64,1,3
2023-11-24,9051a10d-1e4c-4f13-84cd-d1ce255ba0bf,4,18,22,0,0,0,4,18,22,1,4
2023-11-24,9071de2f-98f9-4fd5-b45b-4bd8e69cf941,11,24,35,15,1,16,26,25,51,1,8
2023-11-24,908b71ed-567b-4f0d-b0c9-167edfcd08ac,48,48,96,6,1,7,54,49,103,1,3
2023-11-24,90962c08-497d-4c09-b41a-6cc5b79f3cc7,9,12,21,0,0,0,9,12,21,1,3
2023-11-24,90a1e369-9578-4789-a814-de13bf31e917,5,12,17,0,0,0,5,12,17,1,3
2023-11-24,90b6266b-361e-4018-b9f0-487468d7ce98,0,0,0,3,0,3,3,0,3,1,1
2023-11-24,90cada7c-2cc5-4c26-a71b-e6ca7c38788f,33,30,63,110,74,184,143,104,247,1,6
2023-11-24,90d2c578-4192-4863-a5b9-6fa5f0db3cc9,19,11,30,0,0,0,19,11,30,1,2
2023-11-24,90e5fb0c-3358-4338-a86d-490fb0cb1f66,4,20,24,0,0,0,4,20,24,1,2
2023-11-24,9103284e-ddd4-4796-8e18-d5493b3406e9,5,9,14,0,0,0,5,9,14,1,1
2023-11-24,910b9e42-e7e4-46c7-bcee-4eb0a83a183c,0,3,3,0,0,0,0,3,3,1,2
2023-11-24,911829a8-d129-46d7-ac18-a334bf74270e,5,5,10,1,0,1,6,5,11,1,3
2023-11-24,91292c7b-e7fa-43e2-9e61-15cf6ba5153c,66,83,149,2,8,10,68,91,159,1,10
2023-11-24,91530ea6-0c50-4733-8b8f-4a1c2d3d2b90,38,41,79,2,2,4,40,43,83,1,6
2023-11-24,91600dbe-7e59-407c-a782-aabb35855595,12,9,21,0,0,0,12,9,21,1,2
2023-11-24,9170c5c7-a925-4ba5-bdee-d0df73e5c299,90,93,183,2,2,4,92,95,187,1,10
2023-11-24,917ef0e1-d270-4d59-b362-d0f15a6749df,50,51,101,12,7,19,62,58,120,1,8
2023-11-24,919286a8-fafb-4120-890d-917c592a9711,72,102,174,0,0,0,72,102,174,1,27
2023-11-24,91b2ddde-76ad-4a77-8457-5f64851f8ff3,43,90,133,6,11,17,49,101,150,1,12
2023-11-24,91c9fefd-47fa-4813-bc24-a9e26115b8a8,20,19,39,0,0,0,20,19,39,1,12
2023-11-24,91d4d457-da12-49c5-9579-383858e0fe18,1,1,2,2,0,2,3,1,4,1,2
2023-11-24,91fa4d3a-b892-4176-8410-2c71c41c7a22,13,13,26,2,2,4,15,15,30,1,3
2023-11-24,920c1080-82e6-4816-9325-4d9ecf523301,32,23,55,6,2,8,38,25,63,1,8
2023-11-24,922f0732-cd21-47f1-86f0-f51fca11ef34,2,1,3,0,1,1,2,2,4,1,3
2023-11-24,9243ec52-4223-4efe-bc82-45326c4824c1,1,0,1,0,0,0,1,0,1,1,1
2023-11-24,926845c5-9a67-4f4b-837d-49c2380523ea,13,18,31,0,6,6,13,24,37,1,1
2023-11-24,9282b868-9cf7-4ed5-90b3-7126a53afa61,3,5,8,1,0,1,4,5,9,1,2
2023-11-24,9293b3e7-c31e-4053-abf0-df466a24698b,19,23,42,14,6,20,33,29,62,1,8
2023-11-24,929c0b50-0928-4bb5-a3cf-4f1b659461c7,2,0,2,4,0,4,6,0,6,1,2
2023-11-24,92c8f607-6f3a-4be0-b359-7e3cb9cd08f2,6,7,13,0,0,0,6,7,13,1,3
2023-11-24,92e5d24b-bb6e-47c1-a30e-40e49757127a,1,3,4,0,0,0,1,3,4,1,3
2023-11-24,92fe3793-407d-4a80-ad8a-f03205e7d141,3,2,5,0,0,0,3,2,5,1,1
2023-11-24,93202c0c-9b04-48cd-992c-82ef9d535a56,0,1,1,9,1,10,9,2,11,1,2
2023-11-24,934897da-ff25-4457-88c4-10fd2f110365,21,14,35,0,1,1,21,15,36,1,2
2023-11-24,934ae511-9a01-40d2-a7dc-34d3dab6f6f0,7,5,12,0,0,0,7,5,12,1,2
2023-11-24,93599fe0-6be4-428b-84ce-4c921c7830f4,64,35,99,50,3,53,114,38,152,1,7
2023-11-24,93858bab-4f18-4ddf-9eab-b1896e6214dc,22,28,50,3,0,3,25,28,53,1,7
2023-11-24,939b386d-c4d7-4e54-acd4-49e4c898f377,0,0,0,30,32,62,30,32,62,1,2
2023-11-24,93ab36c8-c601-4297-80ba-8d9b4f9726e4,0,0,0,3,0,3,3,0,3,1,3
2023-11-24,93b3537c-4931-4964-a5d9-9dea2be9cb37,0,0,0,60,27,87,60,27,87,1,5
2023-11-24,93de5f16-062e-4702-9662-addc66a64eb9,7,3,10,0,3,3,7,6,13,1,4
2023-11-24,93e8d226-dda0-48a4-a65d-86c22d43d77d,2,2,4,0,0,0,2,2,4,1,1
2023-11-24,93ef06ae-8aa9-4ad1-abe1-c773b49c05b9,46,48,94,2,4,6,48,52,100,1,6
2023-11-24,93f8d4b8-a4ea-47ed-8f2d-9110821c7789,7,12,19,1,2,3,8,14,22,1,4
2023-11-24,940beaa3-4e60-4f56-8ac0-1b4d260e2a40,331,245,576,5,2,7,336,247,583,1,11
2023-11-24,9421e01c-7765-429b-994e-b84144f3002d,4,8,12,4,8,12,8,16,24,1,5
2023-11-24,944b353b-9bc4-4579-a626-422bd479bf85,1,0,1,0,0,0,1,0,1,1,1
2023-11-24,94642935-a067-468c-b568-796898f99b1b,6,8,14,0,0,0,6,8,14,1,1
2023-11-24,946b6cb2-cdb3-41ee-9f0a-73725daa598d,2,2,4,11,7,18,13,9,22,1,4
2023-11-24,94757358-51e0-4cc4-8cdf-b8131daf16b4,1,0,1,0,0,0,1,0,1,1,1
2023-11-24,948ee01d-eee2-4d74-9346-56ff62bb93f7,4,1,5,17,0,17,21,1,22,1,4
2023-11-24,94b48153-df78-42f4-ac4d-79a14934ff1d,10,13,23,1,3,4,11,16,27,1,5
2023-11-24,94c51fdc-e60a-4143-a9fd-824220d9a7ff,5,3,8,1,0,1,6,3,9,1,4
2023-11-24,94cef398-4bad-479b-8977-a5146de93df9,3,2,5,1,4,5,4,6,10,1,3
2023-11-24,94ddb2d9-0288-4971-b2bd-c01d135f744c,29,37,66,1,0,1,30,37,67,1,4
2023-11-24,94fb8fb6-ffb7-4e27-b88b-5ab9e5e199a2,6,13,19,5,5,10,11,18,29,1,6
2023-11-24,9510e456-54d4-46dd-8359-b36c92766c6a,1,2,3,8,8,16,9,10,19,1,3
2023-11-24,952e9ad1-a544-4d8f-9a6a-017c76a3323f,0,4,4,0,1,1,0,5,5,1,3
2023-11-24,954f635e-a6e3-41af-a764-918e104541b5,0,1,1,0,0,0,0,1,1,1,1
2023-11-24,957cba1f-4837-4a33-ba90-8a78b88e9f7b,5,2,7,0,0,0,5,2,7,1,3
2023-11-24,95a4cdcb-843d-4a38-b102-60509cb1e72f,1,0,1,0,0,0,1,0,1,1,1
2023-11-24,95c3fc57-d700-497a-bfeb-868c2e703004,20,16,36,18,5,23,38,21,59,1,2
2023-11-24,95cf7ac5-c9b0-48c5-81a3-c73b277548ad,0,4,4,79,20,99,79,24,103,1,4
2023-11-24,95f2e0b0-1db5-4f3d-868a-8b3ccead3d55,2,3,5,1,1,2,3,4,7,1,2
2023-11-24,961f021d-7423-4c91-8b42-9f5cadb594fb,5,19,24,1,1,2,6,20,26,1,4
2023-11-24,96336c05-58ac-4381-a03d-a19d6ec632e6,6,4,10,2,0,2,8,4,12,1,6
2023-11-24,963e6966-1921-4930-86e2-99dd6e2d7320,1,1,2,2,0,2,3,1,4,1,1
2023-11-24,96573bf6-95bb-40c5-818b-62c95eedbe4b,2,0,2,1,3,4,3,3,6,1,3
2023-11-24,967375c9-62a8-4d1e-b16a-74850fc06886,9,14,23,5,2,7,14,16,30,1,3
2023-11-24,96864716-3e88-4b6e-8953-7c19a3209385,0,0,0,3,2,5,3,2,5,1,1
2023-11-24,9691f2b9-faec-43fd-89ea-70a2b45ccae6,23,37,60,1,8,9,24,45,69,1,10
2023-11-24,96c2d810-265c-462a-895d-170c253f53b7,6,7,13,23,1,24,29,8,37,1,6
2023-11-24,96d273af-b425-406c-94b2-edfb03e652b8,96,171,267,15,15,30,111,186,297,1,8
2023-11-24,96ddfa74-7bce-48a4-8c7c-a7edc5b86de0,10,11,21,0,0,0,10,11,21,1,1
2023-11-24,970531bf-8b3d-42be-8d75-1dbdf72d188b,1,0,1,0,0,0,1,0,1,1,1
2023-11-24,9728556c-5d4b-480b-8d99-b63237c67645,4,7,11,1,0,1,5,7,12,1,2
2023-11-24,973e7b4f-50c5-4ae5-b274-0ac59d4f81fa,19,30,49,1,0,1,20,30,50,1,4
2023-11-24,9749f1c3-e45e-4723-a7f7-44843eacaf7f,1,0,1,2,0,2,3,0,3,1,2
2023-11-24,9763a355-720c-499d-b38e-2433dfb1d6aa,18,21,39,5,4,9,23,25,48,1,7
2023-11-24,977bb7ad-747c-44b9-bb92-12aa450879e9,220,284,504,1,2,3,221,286,507,1,8
2023-11-24,97956c03-fd94-497b-9ed1-b7abc8c783b2,81,49,130,7,10,17,88,59,147,1,2
2023-11-24,97b41330-1db2-44c7-922b-d1ecb3b701c7,75,92,167,11,25,36,86,117,203,1,9
2023-11-24,97d04459-9b86-4df5-a38d-f22cc3c374f0,3,5,8,0,0,0,3,5,8,1,4
2023-11-24,97db02a9-c0bc-456b-acee-521ac9bb1ad6,11,21,32,7,0,7,18,21,39,1,3
2023-11-24,97f76bea-9cae-4353-9170-45107ad7acd9,66,70,136,4,15,19,70,85,155,1,5
2023-11-24,980eec99-8a43-4dd7-8b46-779e1582de55,2,1,3,1,1,2,3,2,5,1,2
2023-11-24,982f04cd-3735-4e4d-b093-9c9a60779947,1,1,2,0,0,0,1,1,2,1,1
2023-11-24,983f3f88-c3e9-460f-a46b-6bfa9b18b790,112,142,254,1,0,1,113,142,255,1,7
2023-11-24,9864e1fe-662c-4906-b032-7e5355c72e19,0,0,0,3,0,3,3,0,3,1,1
2023-11-24,9880bbbb-2ca0-42e2-b6dc-7d3cbf2311fc,20,21,41,0,1,1,20,22,42,1,3
2023-11-24,989236f1-3696-486c-8c1a-3c73cad22535,1,2,3,2,1,3,3,3,6,1,3
2023-11-24,98c07a8a-9787-4593-a33f-86837bba9ee9,45,38,83,1,0,1,46,38,84,1,4
2023-11-24,98c91d72-65b0-4dcf-8fc7-050296606fd0,31,24,55,7,6,13,38,30,68,1,6
2023-11-24,98d4908d-1849-42fe-8050-90f0662bd3f0,162,196,358,6,1,7,168,197,365,1,9
2023-11-24,98e9db83-0581-40c0-a7b4-7c136881867f,1,0,1,12,1,13,13,1,14,1,2
2023-11-24,9905098f-1781-46f3-9274-f24611371ea1,64,51,115,0,1,1,64,52,116,1,6
2023-11-24,992caa36-6d31-4301-a6d6-a96fd2506181,13,7,20,2,0,2,15,7,22,1,5
2023-11-24,996343d0-22fc-41cf-add1-d912ff64f5d6,1,0,1,1,0,1,2,0,2,1,2
2023-11-24,9975b457-3ac2-4d9e-ade1-48ad867fcd4b,1,0,1,0,0,0,1,0,1,1,1
2023-11-24,99997d8c-b5ef-430e-af68-aca905d4d8fe,1,4,5,0,0,0,1,4,5,1,3
2023-11-24,99a945ed-ede8-4553-b509-f9ed38ea3d97,2,0,2,0,0,0,2,0,2,1,2
2023-11-24,99bc48e5-dc43-4e88-8f3b-8bd09c707575,19,20,39,1,2,3,20,22,42,1,7
2023-11-24,99d37486-2bef-48d7-9de2-8f2281b882fe,1,0,1,2,0,2,3,0,3,1,2
2023-11-24,99e679f3-f033-4593-9e42-5b191ab467f6,0,0,0,1,0,1,1,0,1,1,1
2023-11-24,9a0457d5-5dc2-47cf-baee-f00ee817a4ac,4,1,5,0,1,1,4,2,6,1,6
2023-11-24,9a2abbdd-65ad-4989-9d1c-a93069241fca,27,6,33,3,0,3,30,6,36,1,14
2023-11-24,9a39adc0-1dd8-41c6-ad7a-d5d2144eba46,1,0,1,0,0,0,1,0,1,1,1
2023-11-24,9a4236fc-32cb-4da5-8026-1ab019e0dd5d,21,25,46,2,0,2,23,25,48,1,5
2023-11-24,9a60d8f6-4395-492a-9a69-035ff7de1299,2,6,8,4,1,5,6,7,13,1,5
2023-11-24,9a815692-cdb3-49fc-9ffd-15e63c8af308,2,0,2,0,0,0,2,0,2,1,1
2023-11-24,9a907fd6-8008-4c16-9f3f-b966d6beec99,4,10,14,4,0,4,8,10,18,1,2
2023-11-24,9aabc3bd-9b31-4908-9a2c-7787ce7d69b3,8,4,12,3,0,3,11,4,15,1,3
2023-11-24,9ac9b03a-59cd-442d-bb95-d08532bc5736,78,94,172,52,26,78,130,120,250,1,10
2023-11-24,9adf85c6-710a-4dad-bd61-c5363f270937,77,108,185,69,40,109,146,148,294,1,7
2023-11-24,9aff7138-a33e-461d-8ca0-cb30d5fe87f6,134,154,288,34,12,46,168,166,334,1,13
2023-11-24,9b0a3c0f-8450-43cf-9584-ef0985ed45a8,1,0,1,1,0,1,2,0,2,1,2
2023-11-24,9b18a105-b0f1-4695-b450-1d4d937b89f3,14,13,27,2,2,4,16,15,31,1,7
2023-11-24,9b1bb99a-4b04-4856-b20d-92514584bfc7,25,13,38,19,1,20,44,14,58,1,4
2023-11-24,9b353030-3436-4e7c-987e-e5fe2f90006a,1,0,1,0,0,0,1,0,1,1,1
2023-11-24,9b492f0a-93b1-4431-86a4-99fc72ac352f,27,21,48,30,1,31,57,22,79,1,4
2023-11-24,9b595132-c0e7-40f5-830e-5830b43a4cb7,14,48,62,30,100,130,44,148,192,1,7
2023-11-24,9b7937b6-e5eb-49bf-b857-7c621761df9b,0,1,1,0,0,0,0,1,1,1,1
2023-11-24,9b82bfa3-4b42-4d53-b46e-9e9ccfa11b73,3,0,3,2,0,2,5,0,5,1,4
2023-11-24,9b8c4d84-8117-4f85-b00b-ebf80f327f5c,11,15,26,16,21,37,27,36,63,1,3
2023-11-24,9b98a7c1-635b-4607-b5a6-dbf355b8e28c,2,0,2,0,0,0,2,0,2,1,1
2023-11-24,9bba8699-fe35-4d5d-af81-1abac91160ca,27,34,61,1,0,1,28,34,62,1,4
2023-11-24,9bd7b5db-b061-4953-bd1f-b68c503a098c,51,100,151,5,3,8,56,103,159,1,14
2023-11-24,9be48cc3-aa00-403b-a64c-bec6873ff3da,1,1,2,5,1,6,6,2,8,1,2
2023-11-24,9bf78967-c214-4127-aaa9-8ff69a02e3cc,35,58,93,3,0,3,38,58,96,1,11
2023-11-24,9c0cdc6b-c352-4a4c-8f11-c148787651d5,6,6,12,0,0,0,6,6,12,1,2
2023-11-24,9c2f3002-03d2-4ad0-8ae4-47994a6766c8,10,0,10,2,0,2,12,0,12,1,10
2023-11-24,9c55c838-8a1b-4a62-80df-193ad879de4a,12,9,21,25,2,27,37,11,48,1,15
2023-11-24,9c6ca55b-c976-4c2d-affb-0beca718fe52,33,33,66,23,16,39,56,49,105,1,5
2023-11-24,9c8cebab-ab66-48d0-87c1-2e71f26fe46b,140,114,254,0,1,1,140,115,255,1,6
2023-11-24,9c9f923e-c212-4c27-912b-ef6399cf8f76,2,1,3,17,1,18,19,2,21,1,5
2023-11-24,9cc8ea1b-1b58-4bab-a2cd-4acbd3adde96,6,8,14,1,0,1,7,8,15,1,2
2023-11-24,9cda87eb-c02b-4d16-96a0-16e94bcf0e6d,3,3,6,0,0,0,3,3,6,1,1
2023-11-24,9ce4b698-92af-41e3-bc99-a48f5350e1c4,6,13,19,0,1,1,6,14,20,1,4
2023-11-24,9cf54778-a856-40c2-aae8-27bce6c1ba5b,0,0,0,2,0,2,2,0,2,1,1
2023-11-24,9cff2a6a-38fc-4d93-b092-5c4dd0c40759,14,14,28,10,7,17,24,21,45,1,3
2023-11-24,9d10558d-f194-4789-b652-f0c448f5f886,2,8,10,1,0,1,3,8,11,1,2
2023-11-24,9d2bfc2d-9db4-4c67-8a52-99ee9eac9425,11,14,25,0,0,0,11,14,25,1,1
2023-11-24,9d3ca088-90c7-4046-8023-51babe123d85,33,37,70,0,0,0,33,37,70,1,6
2023-11-24,9d542de3-d5bf-4733-8588-6664f1610e03,37,40,77,9,6,15,46,46,92,1,3
2023-11-24,9d5ec843-4bb8-48fb-9639-6b73d14fd613,54,99,153,1,12,13,55,111,166,1,2
2023-11-24,9d77b955-2488-4e66-84f3-29228ad27db6,69,76,145,1,1,2,70,77,147,1,8
2023-11-24,9d9aa436-066b-4fc7-b84b-7cfb595c3d2a,2,0,2,37,27,64,39,27,66,1,3
2023-11-24,9da57ab5-c7c4-4519-af89-29efa62ff798,4,3,7,0,0,0,4,3,7,1,2
2023-11-24,9db6963f-1428-4982-8e7a-d57600515c3f,0,1,1,1,0,1,1,1,2,1,2
2023-11-24,9dcb6c9d-b878-4b0b-8ff9-10e3cca83881,2,0,2,0,0,0,2,0,2,1,2
2023-11-24,9df158ff-454f-4e55-ae5d-6585cb4e410c,20,15,35,0,5,5,20,20,40,1,5
2023-11-24,9dfdd170-cc20-4902-8d53-750bc4290522,147,217,364,6,12,18,153,229,382,1,8
2023-11-24,9e27a75c-7f29-4ca2-817e-9c6e8a9c3ce9,11,15,26,0,1,1,11,16,27,1,4
2023-11-24,9e366e4d-7b29-47fc-b7f2-4afd358a5505,21,16,37,3,2,5,24,18,42,1,6
2023-11-24,9e4b3337-8993-46c1-a956-14ce03c9c87d,2,2,4,3,0,3,5,2,7,1,3
2023-11-24,9e69ab55-4173-49dd-ae1d-f53070208782,7,12,19,3,3,6,10,15,25,1,6
2023-11-24,9e830d89-cdd4-454b-8675-b3dbf606a3bc,1,1,2,0,0,0,1,1,2,1,1
2023-11-24,9e9f6f81-dd68-482f-bc56-93839d6e040e,20,13,33,96,6,102,116,19,135,1,8
2023-11-24,9ed5ed0c-7df3-4a6e-b6a8-dddbe95c6092,7,9,16,0,0,0,7,9,16,1,5
2023-11-24,9ee38ad6-9177-4cb8-923e-5dc9fb991485,17,15,32,8,2,10,25,17,42,1,9
2023-11-24,9ef7a715-202d-4ad3-872e-7f0a7b455632,0,0,0,1,0,1,1,0,1,1,1
2023-11-24,9f0b10e7-8306-4c41-a64a-fa8211cb4ab8,0,0,0,0,3,3,0,3,3,1,1
2023-11-24,9f280ca7-18ae-4984-a567-3ca9d6dc543c,7,25,32,0,0,0,7,25,32,1,2
2023-11-24,9f393e72-e258-4ba0-beed-5cb6dd8f829a,16,18,34,27,8,35,43,26,69,1,10
2023-11-24,9f453652-48e8-4c29-9bb3-22f265c4200c,2,0,2,0,0,0,2,0,2,1,1
2023-11-24,9f6b3446-dfec-455b-a352-c7f2e601be6e,10,4,14,0,0,0,10,4,14,1,2
2023-11-24,9f878d86-79b4-4fa2-b634-c8537a42094f,2,4,6,0,0,0,2,4,6,1,1
2023-11-24,9fa693ee-7017-47ec-9d40-2e5575c82884,3,1,4,0,0,0,3,1,4,1,2
2023-11-24,9fbf35d8-bcfb-443b-8070-4f45d6b4f664,105,83,188,11,26,37,116,109,225,1,9
2023-11-24,9fcd39cf-1726-4fc4-a4fb-3f5e2d54f047,6,7,13,12,17,29,18,24,42,1,7
2023-11-24,9ff7ba3a-a259-4013-ae94-e2b84e2eb84e,46,49,95,116,1,117,162,50,212,1,8
2023-11-24,a01fd4b2-0d82-464a-821b-5f353274dd63,3,2,5,0,0,0,3,2,5,1,2
2023-11-24,a0332cef-e922-4b30-af36-3bb4112ebf3e,2,2,4,0,0,0,2,2,4,1,1
2023-11-24,a065f6d0-f2c1-4ced-a006-09a08f49cb9f,3,4,7,0,0,0,3,4,7,1,1
2023-11-24,a092b1f6-6ceb-449b-9a5e-9e771be1cd4a,31,32,63,65,39,104,96,71,167,1,5
2023-11-24,a0bbba22-6a8f-402c-90da-2350f9ceb649,6,5,11,3,2,5,9,7,16,1,5
2023-11-24,a0d7a870-b77e-4298-b50f-7997eb41420d,4,4,8,2,0,2,6,4,10,1,6
2023-11-24,a0e44f97-e2a3-4a2f-9925-e8141a0116ef,17,15,32,16,6,22,33,21,54,1,6
2023-11-24,a114d7f7-5854-4b5b-b84e-618abc326a3d,1,1,2,0,0,0,1,1,2,1,1
2023-11-24,a12e693d-d712-4b50-b11f-0402c94bce1e,5,7,12,2,2,4,7,9,16,1,4
2023-11-24,a150fc2f-858d-4831-9bd7-ca5b36754b8a,4,3,7,9,1,10,13,4,17,1,3
2023-11-24,a16a761f-7f47-485e-a5db-eecca74db9db,11,9,20,0,4,4,11,13,24,1,1
2023-11-24,a1744746-eb76-4a9e-8f52-a5036e329642,4,6,10,0,1,1,4,7,11,1,1
2023-11-24,a186ce36-f84e-4301-a8ce-973fd11a701a,21,28,49,0,1,1,21,29,50,1,5
2023-11-24,a19b6f0c-cfd8-42b6-9a87-f3b95c8a0f13,3,3,6,5,3,8,8,6,14,1,2
2023-11-24,a1c4ce96-c4de-4653-9d5b-c73253ae26d0,72,46,118,1,0,1,73,46,119,1,1
2023-11-24,a1d29a84-ad3e-44fb-b2cb-113b9f317c88,1,0,1,0,0,0,1,0,1,1,1
2023-11-24,a1e1aa97-df56-4f08-97f3-d95a6b0a36eb,0,0,0,11,0,11,11,0,11,1,3
2023-11-24,a2053c6e-e212-4edf-a596-6c016182afb6,11,9,20,125,85,210,136,94,230,1,5
2023-11-24,a214deb7-9265-4ea0-802b-e174d7d6c1f2,0,0,0,1,0,1,1,0,1,1,1
2023-11-24,a23f2e07-6c73-4b0f-8c23-0791f090493c,320,249,569,34,21,55,354,270,624,1,5
2023-11-24,a260ddde-506f-4ddf-a7bb-14ba7ce8a335,11,14,25,1,0,1,12,14,26,1,5
2023-11-24,a282d6f6-3f1c-40a2-b75a-84c9022413fa,4,6,10,1,5,6,5,11,16,1,3
2023-11-24,a29d99bc-c1bc-4d61-90de-39866336c435,0,0,0,0,2,2,0,2,2,1,2
2023-11-24,a2c0711c-0656-4e31-a12a-249251f715a8,1,2,3,0,0,0,1,2,3,1,1
2023-11-24,a2d74e91-adc5-4fba-906d-deaf071eb919,105,92,197,31,12,43,136,104,240,1,7
2023-11-24,a2eef193-07c1-4f61-bc20-88d13424f631,0,1,1,0,0,0,0,1,1,1,1
2023-11-24,a30c8d00-c7fe-4a59-8926-dd61e90b50e8,37,43,80,59,20,79,96,63,159,1,4
2023-11-24,a31c527e-d97d-4b9b-a14c-aa2670d8c7fd,1,0,1,0,0,0,1,0,1,1,1
2023-11-24,a33082d7-5076-4264-a8f7-096a8c785a79,4,4,8,6,5,11,10,9,19,1,4
2023-11-24,a3460e48-6211-4d20-bd7c-cb5db1eac5cc,2,0,2,1,0,1,3,0,3,1,1
2023-11-24,a36f00a5-5374-4ded-8fbb-c52fa5876f42,3,8,11,0,0,0,3,8,11,1,1
2023-11-24,a383e419-23d7-41e1-9347-b4d5aa654bae,10,12,22,0,0,0,10,12,22,1,3
2023-11-24,a3903d82-2c5c-46f5-8b88-30f9c97e4af2,187,180,367,19,12,31,206,192,398,1,10
2023-11-24,a3aa0ab3-2e37-44d0-b8fd-84d2ab56f181,10,9,19,39,9,48,49,18,67,1,8
2023-11-24,a3f807c1-6cc2-4b1e-9b33-8967ea4ae383,19,20,39,2,0,2,21,20,41,1,6
2023-11-24,a4271e01-5e83-4902-8f51-cf602a8a422a,1,0,1,0,0,0,1,0,1,1,1
2023-11-24,a453963e-dbe6-46ed-941d-645b6349e2e6,6,1,7,5,5,10,11,6,17,1,8
2023-11-24,a472ca58-9093-4875-8350-6c3abe443baa,151,195,346,13,7,20,164,202,366,1,9
2023-11-24,a4827b20-642b-424e-a980-6818302bd3ee,18,38,56,2,0,2,20,38,58,1,6
2023-11-24,a48fb39f-4621-4d15-bca0-b0cc13bd6206,2,9,11,0,1,1,2,10,12,1,1
2023-11-24,a4ab36db-5793-4ce5-ba11-f18cfda78c66,6,8,14,0,0,0,6,8,14,1,4
2023-11-24,a4d6250e-05b3-42af-8c5f-fb15a9185ada,9,7,16,4,1,5,13,8,21,1,5
2023-11-24,a4e97681-6701-4ea2-a428-a9eb337adb21,21,37,58,0,0,0,21,37,58,1,6
2023-11-24,a50309a2-85fb-4321-9bf3-42af12f00cf8,37,40,77,67,23,90,104,63,167,1,14
2023-11-24,a521abf4-8dcb-4f27-b9d3-2711002a597d,96,86,182,15,3,18,111,89,200,1,8
2023-11-24,a5383cea-42bd-4e72-87bc-00d42ee2038b,35,22,57,51,8,59,86,30,116,1,7
2023-11-24,a55f1553-e2c4-472d-9b40-12f2b66832b9,30,25,55,6,0,6,36,25,61,1,2
2023-11-24,a585267a-30d7-436b-83a0-9a5ea0e2338d,258,337,595,5,3,8,263,340,603,1,7
2023-11-24,a5a4f366-2ecc-4fc7-9dc6-613e1bd7f770,1,1,2,4,1,5,5,2,7,1,3
2023-11-24,a5ba2dad-7e83-4803-ab61-d812e3f221ba,5,7,12,9,7,16,14,14,28,1,4
2023-11-24,a5cc6371-e7ca-4c3d-9653-bac8fcb4cc6d,1,1,2,0,0,0,1,1,2,1,1
2023-11-24,a5e84fe8-283b-4a4c-aee5-4711b6d6d469,6,7,13,0,3,3,6,10,16,1,3
2023-11-24,a6078cdc-5bd1-4e1b-84ee-6ff6650baeef,118,78,196,6,4,10,124,82,206,1,1
2023-11-24,a614cdd6-246a-4d98-aa1e-03e6d464bba3,24,28,52,2,1,3,26,29,55,1,1
2023-11-24,a630c280-5151-4cc2-a05e-b6058f2cf425,6,9,15,3,2,5,9,11,20,1,5
2023-11-24,a65644fa-b890-44a9-94af-5f12a55d8804,37,26,63,0,1,1,37,27,64,1,5
2023-11-24,a6695788-4da9-4a04-8b84-00e2c8f15545,158,130,288,5,2,7,163,132,295,1,7
2023-11-24,a67e63eb-c477-496b-b545-99822db45c77,10,2,12,0,0,0,10,2,12,1,9
2023-11-24,a697a6e0-e793-4178-939a-40af86c6280b,40,45,85,9,7,16,49,52,101,1,9
2023-11-24,a6aa7aad-504e-4082-9364-66f6385d1a4e,14,31,45,35,5,40,49,36,85,1,9
2023-11-24,a6bee07d-fcff-4b14-8ad3-f3ba376fcbbb,6,3,9,0,0,0,6,3,9,1,2
2023-11-24,a6e06579-65da-447b-abb8-93ed4c4590c9,0,4,4,3,0,3,3,4,7,1,4
2023-11-24,a70054bf-98f5-4f9e-9437-f06029293427,10,18,28,4,10,14,14,28,42,1,4
2023-11-24,a715c59d-7cc8-4f2a-88bc-caa9de0acd6e,1,1,2,0,0,0,1,1,2,1,1
2023-11-24,a72ae88a-6a9e-41ce-9944-a7bd485dbb22,1,0,1,0,0,0,1,0,1,1,1
2023-11-24,a74331da-25a1-4eaf-9d10-e4eb905cffa6,19,14,33,108,3,111,127,17,144,1,7
2023-11-24,a7585032-c2b7-46b3-85f9-61eeffd973e2,142,242,384,15,28,43,157,270,427,1,7
2023-11-24,a76b3067-d528-445a-abc6-8ea8d05b3a19,4,4,8,0,5,5,4,9,13,1,2
2023-11-24,a778ecb1-d86c-468c-9d31-0b44df447439,12,0,12,0,0,0,12,0,12,1,3
2023-11-24,a79646d2-e9a2-4bbf-86df-2ae86b326502,49,51,100,3,3,6,52,54,106,1,4
2023-11-24,a7acd6fb-df07-419a-b94d-e3f8b02d21ea,41,36,77,0,0,0,41,36,77,1,4
2023-11-24,a7c0321a-ca29-4827-99e5-8eede7007c36,2,0,2,0,0,0,2,0,2,1,2
2023-11-24,a7d593f8-ac77-4edc-80f9-a7267e728ef9,3,4,7,1,0,1,4,4,8,1,3
2023-11-24,a7d9fda5-524e-4549-bd43-5db89a4c18c0,5,7,12,13,1,14,18,8,26,1,4
2023-11-24,a7e759d6-bee3-4a2a-a4a3-b5d0ae810d59,14,36,50,0,4,4,14,40,54,1,4
2023-11-24,a7fa9010-f2ed-43bb-9ee6-09d0e4745b99,1,1,2,0,0,0,1,1,2,1,1
2023-11-24,a8448775-6585-4d6d-96f5-08c03cc9a6e6,7,13,20,79,35,114,86,48,134,1,6
2023-11-24,a858faa9-ef08-4955-b280-e2ae56b7b48c,5,5,10,0,0,0,5,5,10,1,3
2023-11-24,a863339d-5df4-4950-872e-169a561dfef6,15,23,38,46,18,64,61,41,102,1,9
2023-11-24,a88468d7-5f79-4b84-86e3-eeee6578ded4,3,5,8,0,1,1,3,6,9,1,6
2023-11-24,a893793d-ff45-4f01-b589-e95dfa627fe0,26,20,46,4,0,4,30,20,50,1,6
2023-11-24,a8b2f854-2dee-4099-abc5-a1508d783d82,1,0,1,0,0,0,1,0,1,1,1
2023-11-24,a8da6b4a-3e49-4c50-9ca3-84dfde6ca841,0,2,2,0,0,0,0,2,2,1,2
2023-11-24,a8ee2cbc-e8c0-4f03-a248-3f736e019920,0,0,0,9,7,16,9,7,16,1,1
2023-11-24,a90c3acc-c1e0-45f8-a7a8-0db08b633eed,39,52,91,86,77,163,125,129,254,1,16
2023-11-24,a92127d1-a60c-4a65-9599-1bbf069f1675,32,33,65,0,0,0,32,33,65,1,3
2023-11-24,a92d68a2-30d2-4531-b8a9-b61d64d18195,11,18,29,1,0,1,12,18,30,1,6
2023-11-24,a937a056-ebde-4b20-8f1f-b5dd0e869015,26,29,55,3,2,5,29,31,60,1,4
2023-11-24,a94c402c-86eb-431c-95c6-2d4d7288425c,39,39,78,3,0,3,42,39,81,1,1
2023-11-24,a96230a5-d4d8-425d-8a5b-0ceeb244cbd8,69,65,134,44,21,65,113,86,199,1,6
2023-11-24,a97b0eba-c8e4-4c27-a6ab-460842a7a7a3,26,35,61,1,4,5,27,39,66,1,9
2023-11-24,a993bab6-d37e-4686-841c-23d82c684569,9,6,15,11,1,12,20,7,27,1,7
2023-11-24,a9a395ee-987c-4487-a8f3-6ee9b5db3840,154,201,355,32,6,38,186,207,393,1,9
2023-11-24,a9bc623c-cd7a-412f-b58f-47fa16b89eb3,1,0,1,4,0,4,5,0,5,1,2
2023-11-24,a9c9ce2b-472a-4c52-9b6d-c9f1829fd239,25,35,60,4,6,10,29,41,70,1,3
2023-11-24,a9f71b2f-fc92-450b-be2d-3eefc8416e50,1,0,1,0,0,0,1,0,1,1,1
2023-11-24,aa0c983f-1362-476c-ae0f-b49c4fdb527b,19,17,36,5,3,8,24,20,44,1,8
2023-11-24,aa239bc7-e2d8-4ad9-827c-3821d845b74e,4,3,7,10,6,16,14,9,23,1,6
2023-11-24,aa39310b-7f00-4d56-b19d-6164103be10e,31,22,53,1,8,9,32,30,62,1,12
2023-11-24,aa644332-f035-444e-ac1f-383832bf1511,10,0,10,8,4,12,18,4,22,1,4
2023-11-24,aa72f889-ec98-4575-916b-c8d13099113b,5,1,6,0,0,0,5,1,6,1,1
2023-11-24,aa918681-4071-4c12-bb57-1fe74d686379,7,13,20,0,0,0,7,13,20,1,2
2023-11-24,aab15bd3-c6f9-4ad8-bf50-b74a41095d76,0,0,0,1,0,1,1,0,1,1,1
2023-11-24,aad96c7f-40e9-4933-a37e-9c3a75041e25,76,57,133,4,4,8,80,61,141,1,6
2023-11-24,aaeba514-6afa-4320-a966-231e1c9d57ec,16,26,42,27,18,45,43,44,87,1,7
2023-11-24,ab0a271c-0087-4af2-8511-e1133823ddeb,2,1,3,0,0,0,2,1,3,1,2
2023-11-24,ab2070bc-79ef-4f70-be52-6790804c4ccb,23,34,57,19,2,21,42,36,78,1,13
2023-11-24,ab332d3d-5d6d-4b3b-8d57-645d8e1e4204,199,212,411,293,159,452,492,371,863,1,15
2023-11-24,ab44d513-423e-4b4c-9343-7ebbe316b3b9,90,78,168,76,66,142,166,144,310,1,2
2023-11-24,ab68bb3f-4b5e-4684-9a46-7dbad950eb71,18,19,37,10,5,15,28,24,52,1,8
2023-11-24,ab72d425-b5ad-4f2c-86e2-c22348179a2e,18,44,62,0,1,1,18,45,63,1,3
2023-11-24,ab85b026-9b41-4a44-827b-27b4c224f0f7,23,20,43,0,0,0,23,20,43,1,2
2023-11-24,aba5db7b-7808-4b1c-b0ac-6cd6efa0ed47,15,8,23,13,1,14,28,9,37,1,8
2023-11-24,abb613de-866d-43e3-8819-cc851ed41fc4,6,8,14,0,0,0,6,8,14,1,6
2023-11-24,abc71a4e-9db6-44d1-8e11-c00ecfe57dc7,4,3,7,0,0,0,4,3,7,1,2
2023-11-24,abd420c5-e577-4d5a-b322-ece1c53a7d47,23,31,54,1,1,2,24,32,56,1,4
2023-11-24,abf8a74b-2289-4b7e-b87f-310ab2e17e26,28,47,75,6,0,6,34,47,81,1,5
2023-11-24,ac003fcf-f1f3-4a29-bed2-571216f12e20,5,5,10,0,0,0,5,5,10,1,2
2023-11-24,ac2c5027-4ddb-42c9-a47a-22c5fb7322c0,1,0,1,0,0,0,1,0,1,1,1
2023-11-24,ac4b07c4-b9f3-45f0-b697-9180ddc9d145,5,6,11,1,0,1,6,6,12,1,2
2023-11-24,ac531c79-7cdf-48d2-a457-e4ebdcb52ccf,199,201,400,10,15,25,209,216,425,1,13
2023-11-24,ac61ceae-bf8a-4df0-bdf0-1e417978bbe5,9,7,16,186,55,241,195,62,257,1,6
2023-11-24,ac795c34-daef-481d-afed-5456e8d4de7f,37,26,63,4,2,6,41,28,69,1,8
2023-11-24,ac917f36-0c3b-45d6-9ff6-3f7a7b522780,0,0,0,1,5,6,1,5,6,1,1
2023-11-24,aca43ba6-1708-4b6a-9367-90bb1178af74,0,0,0,0,1,1,0,1,1,1,1
2023-11-24,acbedfae-642d-44c4-b7e0-0a4dbcbff0df,173,162,335,1,0,1,174,162,336,1,11
2023-11-24,acd55605-5d03-4b60-bb61-0638a490e8ef,1,2,3,0,0,0,1,2,3,1,1
2023-11-24,acded5f4-1d4a-4043-a72e-d32b85ec872c,1,0,1,17,0,17,18,0,18,1,3
2023-11-24,ad0a2446-d3be-4267-8ae7-65fe105448c9,3,1,4,0,0,0,3,1,4,1,1
2023-11-24,ad221ac0-6d97-44e2-8279-10fce6425b12,105,93,198,28,19,47,133,112,245,1,25
2023-11-24,ad495d62-d6d4-4a7a-9510-7d44a52da684,71,103,174,15,3,18,86,106,192,1,13
2023-11-24,ad5e7fe3-aadb-4b7b-9fcd-e9d3bf1bf538,40,60,100,2,4,6,42,64,106,1,8
2023-11-24,ad8be8a5-b87c-4e3a-b414-55e81d8add49,7,2,9,2,0,2,9,2,11,1,3
2023-11-24,adae5efc-8afe-4f3c-bbc2-a18defd0f7c7,16,15,31,8,2,10,24,17,41,1,7
2023-11-24,adea7fab-537e-40e8-854d-618d71904fdc,3,3,6,0,0,0,3,3,6,1,3
2023-11-24,ae11016a-bdf3-47ae-9f98-b9c9c10f40ae,18,13,31,30,1,31,48,14,62,1,8
2023-11-24,ae23d4a1-15cf-4831-bd7c-7f66e5cb8511,0,0,0,1,0,1,1,0,1,1,1
2023-11-24,ae6ab98f-9317-41d7-8f71-2690b10cec06,14,29,43,5,7,12,19,36,55,1,3
2023-11-24,ae832e32-18f8-4f0c-8eb6-3efb6bfe9467,2,0,2,81,38,119,83,38,121,1,6
2023-11-24,ae916e28-ffb9-439b-886a-99f9ecf68f66,0,1,1,0,0,0,0,1,1,1,1
2023-11-24,aebbbfc3-77c7-4e70-a02e-c9e0d3b7b8c6,1,1,2,0,0,0,1,1,2,1,1
2023-11-24,aed045f7-f477-4252-911f-10610716f0f5,11,14,25,1,0,1,12,14,26,1,1
2023-11-24,aeefc516-6672-4e34-a5aa-688c4549b3a8,77,78,155,10,3,13,87,81,168,1,13
2023-11-24,aefc822d-0e01-4264-96c6-62fdc4d37126,8,10,18,14,1,15,22,11,33,1,3
2023-11-24,af12ad89-dd03-4478-97c9-60045f3fc9e9,1,1,2,5,0,5,6,1,7,1,2
2023-11-24,af286663-8d2e-4a54-a10b-b08d2f3157c2,9,14,23,0,0,0,9,14,23,1,5
2023-11-24,af3b573f-00f1-4fd2-ae14-4add5bda1933,97,97,194,1,0,1,98,97,195,1,3
2023-11-24,af434b76-08f3-4315-8f29-0d7257041b1d,0,1,1,0,1,1,0,2,2,1,1
2023-11-24,af88ed22-0173-4abd-9e79-bc7067ae7a4e,3,2,5,38,0,38,41,2,43,1,4
2023-11-24,afa62f9f-30bf-4977-917c-25a796f27a30,27,45,72,153,30,183,180,75,255,1,23
2023-11-24,afc0f1dd-1336-489d-8e2a-72e0a62676e3,3,0,3,0,0,0,3,0,3,1,1
2023-11-24,afcada23-853a-4ca1-912d-ead053c15b79,3,3,6,6,0,6,9,3,12,1,5
2023-11-24,afe62121-8cef-4d91-9ef0-60c64d6101e9,208,211,419,19,3,22,227,214,441,1,5
2023-11-24,b002d5ca-cc31-4aba-80e0-081cab457a93,1,0,1,3,0,3,4,0,4,1,2
2023-11-24,b016d8c8-7be9-4e38-ad71-e6281476a33a,16,10,26,19,1,20,35,11,46,1,4
2023-11-24,b01f6e58-e1e6-4eab-9e26-7d19258f055b,19,16,35,5,0,5,24,16,40,1,3
2023-11-24,b02f2754-175e-40ae-a08b-ac447fbb0a37,1,3,4,2,1,3,3,4,7,1,2
2023-11-24,b047d17e-1497-4b8b-a1a1-2ef5ac434a55,18,19,37,0,3,3,18,22,40,1,3
2023-11-24,b058d07f-839c-4cd6-98d2-3078453e250c,9,0,9,0,0,0,9,0,9,1,1
2023-11-24,b069e8e5-232a-476e-833b-6237f79fc3da,4,4,8,17,7,24,21,11,32,1,7
2023-11-24,b081255f-e912-493f-b7a6-ebdda6b0c5c9,16,19,35,29,19,48,45,38,83,1,8
2023-11-24,b08e8cfa-56b2-44a7-b73f-7c8810cce737,9,26,35,0,0,0,9,26,35,1,6
2023-11-24,b0a7ed97-0f79-4134-8611-ccbc1d62029a,9,19,28,2,4,6,11,23,34,1,2
2023-11-24,b0b3e817-c515-4a31-9417-6d4f451f2dc2,1,0,1,0,0,0,1,0,1,1,1
2023-11-24,b0cdf43d-92ea-4aaa-b104-d56ebcbcf461,28,35,63,5,2,7,33,37,70,1,6
2023-11-24,b0e8b8ec-15a3-4ec8-a0e1-7b5d26ab7ddf,0,10,10,15,0,15,15,10,25,1,3
2023-11-24,b1075ba0-7593-4a38-991a-0d9af595c976,176,154,330,31,12,43,207,166,373,1,7
2023-11-24,b11eb1eb-63ef-4e9d-9820-9e257af1e1f9,19,24,43,2,3,5,21,27,48,1,6
2023-11-24,b1423cbc-4306-41a5-8628-8526a798d2b0,1,0,1,0,0,0,1,0,1,1,1
2023-11-24,b158f1d4-31cb-46cc-87e1-07315223efbe,29,27,56,2,0,2,31,27,58,1,14
2023-11-24,b1757e2f-9532-47fa-89a4-05d79c8db104,41,38,79,33,3,36,74,41,115,1,16
2023-11-24,b17f5d0d-7ce3-43d5-8e03-273ba954d96a,1,3,4,9,0,9,10,3,13,1,4
2023-11-24,b1a6a203-45a3-4eae-8f03-f9e3a43648dc,8,7,15,0,0,0,8,7,15,1,1
2023-11-24,b1c131f7-873f-437b-9885-a7527a9f0a11,207,194,401,4,1,5,211,195,406,1,7
2023-11-24,b1cfadf1-5417-46ef-8596-0d3693e175ac,85,86,171,1,0,1,86,86,172,1,7
2023-11-24,b1d48c09-7751-4b6e-9afd-ed004a4eb10f,44,71,115,0,0,0,44,71,115,1,2
2023-11-24,b1fd4da9-8830-4b61-a3fc-032509758ba8,1,1,2,0,1,1,1,2,3,1,1
2023-11-24,b213274e-9350-40e2-bf7b-48935ff267c4,9,14,23,0,1,1,9,15,24,1,2
2023-11-24,b2229dcb-87dc-4389-931d-7339448a90a6,1,0,1,0,0,0,1,0,1,1,1
2023-11-24,b249afba-0f6c-4467-96fd-629a155bc6e6,34,62,96,29,31,60,63,93,156,1,13
2023-11-24,b274b3b0-d97a-41a7-b7ab-1ef8b541063d,43,56,99,0,5,5,43,61,104,1,2
2023-11-24,b282771e-3e03-4e5b-b877-8f0dc9bba87b,2,0,2,9,0,9,11,0,11,1,3
2023-11-24,b2917d9e-b604-4b5c-acc4-25d8a9ba2991,9,15,24,4,3,7,13,18,31,1,7
2023-11-24,b2d28d04-01bc-44b2-82ab-980fb8da15fa,6,9,15,51,11,62,57,20,77,1,4
2023-11-24,b2de4922-d39d-4f08-b9af-a13fb06d6762,1,0,1,0,0,0,1,0,1,1,1
2023-11-24,b2ffb293-ccf6-4c40-b474-49ce173d1a56,12,13,25,2,0,2,14,13,27,1,5
2023-11-24,b307c375-e3e8-4654-ac57-00041711ffc3,11,14,25,3,4,7,14,18,32,1,8
2023-11-24,b325e328-2f84-4e91-97f2-00b21b30ef84,14,11,25,1,9,10,15,20,35,1,8
2023-11-24,b3409d2f-48f2-48a5-be87-abed026aa43f,4,3,7,0,0,0,4,3,7,1,1
2023-11-24,b3562cf6-d86f-4ea5-abe0-fa923a8417b5,30,31,61,0,0,0,30,31,61,1,10
2023-11-24,b3652646-5e03-4aa2-97f9-2f4a9fd57092,21,18,39,0,1,1,21,19,40,1,3
2023-11-24,b38d2414-ddd7-4157-9c42-e6e474c2b671,3,3,6,0,0,0,3,3,6,1,2
2023-11-24,b396b14d-3e5c-4443-8432-9f8c2b16ffad,11,0,11,2,0,2,13,0,13,1,10
2023-11-24,b39e7657-7c22-4c93-a9dd-22af2e4a4f56,2,1,3,3,1,4,5,2,7,1,4
2023-11-24,b3a37727-d9e4-41b2-9d8c-762a30a159e1,0,2,2,0,0,0,0,2,2,1,1
2023-11-24,b3acb916-c2dd-4cad-938e-9e9d537f1d24,0,0,0,22,8,30,22,8,30,1,1
2023-11-24,b3c21a0d-5320-4926-a43e-a8b40a1cba68,22,8,30,3,0,3,25,8,33,1,14
2023-11-24,b3d7545f-7ead-476f-9b79-29d9a98575b5,18,14,32,4,0,4,22,14,36,1,4
2023-11-24,b404c11b-0018-480c-bcc2-275bea1f97d7,40,43,83,4,1,5,44,44,88,1,6
2023-11-24,b4175e00-7f43-4f46-9ab6-6f99491ccce2,1,4,5,0,0,0,1,4,5,1,4
2023-11-24,b4363b57-a047-4186-9539-dad3e9620630,1,0,1,1,0,1,2,0,2,1,2
2023-11-24,b43d2d46-2e65-4d61-92b6-098c4b8b0bf2,2,0,2,1,1,2,3,1,4,1,3
2023-11-24,b4499ff1-d232-4e82-a803-fbdc2cecf2b5,79,29,108,133,0,133,212,29,241,1,7
2023-11-24,b45f781e-05e4-407e-b046-80d30339afa1,15,21,36,17,7,24,32,28,60,1,8
2023-11-24,b47e3dd7-6ce0-4e98-b6bd-5cb779ebe6e9,237,173,410,14,5,19,251,178,429,1,16
2023-11-24,b4998e14-70c8-4355-83c9-d9d2728b9df2,1,0,1,18,0,18,19,0,19,1,2
2023-11-24,b4caad0a-35e4-444f-bf41-15c5ef137eef,7,4,11,154,6,160,161,10,171,1,5
2023-11-24,b4f35e8c-394c-4228-9b6e-adc73f74783f,6,3,9,1,0,1,7,3,10,1,4
2023-11-24,b504a475-b5fe-4d45-9366-a24c78652731,5,9,14,1,5,6,6,14,20,1,5
2023-11-24,b522d804-8a53-43de-a0d9-b1ba2d7fb64a,21,15,36,19,0,19,40,15,55,1,7
2023-11-24,b546a14e-fd09-44cb-8552-148c8a0b426b,72,75,147,0,2,2,72,77,149,1,4
2023-11-24,b56083d0-4992-4124-891b-00c196afddaa,1,2,3,2,0,2,3,2,5,1,1
2023-11-24,b56ce917-029a-40d8-9f93-44fe94affd1f,6,9,15,0,0,0,6,9,15,1,3
2023-11-24,b58bdcd4-092b-4a4a-ab65-22238614eefd,27,27,54,2,1,3,29,28,57,1,5
2023-11-24,b5a410a1-c19f-4555-94c4-5f6da21277b2,0,0,0,9,3,12,9,3,12,1,1
2023-11-24,b5c9c769-f684-41f9-832d-86e350ce416b,2,1,3,0,2,2,2,3,5,1,2
2023-11-24,b5e5174c-aed5-4395-8a64-e7075e2ac43c,1,0,1,8,0,8,9,0,9,1,2
2023-11-24,b6102ea9-a19f-4ec4-8b92-44c65b44eb92,22,28,50,31,5,36,53,33,86,1,7
2023-11-24,b620561d-602c-4474-a64f-84b3eb8cb2c8,0,0,0,0,2,2,0,2,2,1,1
2023-11-24,b63cd80e-6ed7-44da-ad31-156cb56d9dde,5,9,14,1,0,1,6,9,15,1,2
2023-11-24,b65a0a14-7100-478d-b543-d9dfdb8eeac4,1,2,3,0,0,0,1,2,3,1,1
2023-11-24,b6801413-306d-4ac0-b037-a99ba67f37d9,0,1,1,0,0,0,0,1,1,1,1
2023-11-24,b696023c-f9d6-4177-adc0-e0687b68ad35,4,1,5,0,0,0,4,1,5,1,3
2023-11-24,b6ac3c30-0bb9-4bb5-9dcd-7b2c26d6fbda,222,214,436,33,8,41,255,222,477,1,9
2023-11-24,b6ba1c06-be0d-4bf3-aadb-673eb7740021,14,29,43,6,5,11,20,34,54,1,4
2023-11-24,b6e057ae-4149-4992-87c0-cb4a1f8b9fab,16,15,31,3,0,3,19,15,34,1,6
2023-11-24,b6fe0542-6edf-43d3-baad-4ab7bb4f453b,12,11,23,10,5,15,22,16,38,1,5
2023-11-24,b717e793-2a9f-4c1d-a677-ad8279eeadac,11,5,16,45,3,48,56,8,64,1,5
2023-11-24,b72fd666-cdf3-49f8-9e94-fb067f2c0b01,3,1,4,1,0,1,4,1,5,1,3
2023-11-24,b7418857-3ead-438c-8d51-6abe13db90a0,42,52,94,7,4,11,49,56,105,1,6
2023-11-24,b756131c-f71b-435d-a805-1d9588dedc31,1,0,1,0,0,0,1,0,1,1,1
2023-11-24,b7652753-1b2e-4112-b53d-a38334ce55be,39,20,59,52,10,62,91,30,121,1,4
2023-11-24,b78e5679-12a6-4bdb-b416-dd1ab33f75e2,65,78,143,0,4,4,65,82,147,1,7
2023-11-24,b7a80751-47ef-4126-81cf-9c8d1c33d701,35,28,63,17,5,22,52,33,85,1,5
2023-11-24,b7b5c492-e6e9-4a35-8496-611f1be4dbd5,7,6,13,2,1,3,9,7,16,1,3
2023-11-24,b7d92a6b-b2e8-4d82-9b16-989e2cbdd207,7,6,13,6,1,7,13,7,20,1,6
2023-11-24,b81c27dc-6505-4b43-ae6f-1b35fc4c09c6,30,19,49,10,3,13,40,22,62,1,6
2023-11-24,b8279b05-8f29-4a13-8384-ff65c24ffaa4,1,9,10,1,5,6,2,14,16,1,4
2023-11-24,b85a8a5e-23a4-466e-ab5e-9b08a86aa55c,1,0,1,0,0,0,1,0,1,1,1
2023-11-24,b874060a-4a3d-43d5-9621-65526b392aff,215,268,483,10,6,16,225,274,499,1,7
2023-11-24,b8958e2c-3437-46d1-822e-0fab24c0287f,198,240,438,3,0,3,201,240,441,1,6
2023-11-24,b8b11be1-7ded-4df5-803f-cdd6366fb901,47,290,337,1,3,4,48,293,341,1,2
2023-11-24,b8d1a8c9-16e5-4fb4-90a3-66c8c0e2dec8,11,16,27,1,0,1,12,16,28,1,3
2023-11-24,b8ec7415-4924-481a-abd4-53551b0dd5dd,40,65,105,10,2,12,50,67,117,1,4
2023-11-24,b90cc86f-25c8-4737-a190-47279a1fdab2,24,22,46,0,0,0,24,22,46,1,5
2023-11-24,b925275d-dfb4-442e-98e0-33ad2b08770c,17,9,26,2,1,3,19,10,29,1,12
2023-11-24,b959549e-d251-4228-9e3e-2f7268d0f40e,9,2,11,1,0,1,10,2,12,1,6
2023-11-24,b961d6e8-975e-47ec-99dd-ec71ec32b104,9,20,29,1,6,7,10,26,36,1,6
2023-11-24,b97b7bd7-3b16-4fc7-beb6-1fea8acc2431,9,15,24,27,7,34,36,22,58,1,12
2023-11-24,b99e5700-69bc-459d-8aaa-a2a14e133a53,1,0,1,0,0,0,1,0,1,1,1
2023-11-24,b9c124a0-bff3-4a79-b0c7-3d89b1f80742,1,0,1,2,0,2,3,0,3,1,2
2023-11-24,b9d6af1d-754e-4e17-8d45-c23b106ef87a,0,2,2,0,0,0,0,2,2,1,2
2023-11-24,b9e763e3-cd01-41e8-b217-3d435a18ce4a,6,2,8,1,8,9,7,10,17,1,7
2023-11-24,ba043eb6-5950-4cf1-90cc-b4143d680eac,1,0,1,0,0,0,1,0,1,1,1
2023-11-24,ba13ecf0-c347-4ca4-b1a4-cd754cb0f6a1,60,59,119,7,0,7,67,59,126,1,7
2023-11-24,ba32ea82-1617-4fda-90f1-d75e0878ebb0,4,0,4,5,0,5,9,0,9,1,4
2023-11-24,ba535c90-b1aa-449a-91b5-51f8f7ed4078,0,5,5,18,17,35,18,22,40,1,2
2023-11-24,ba62e52f-d2af-4845-9822-8a1075b3538c,184,147,331,23,3,26,207,150,357,1,3
2023-11-24,ba885ead-069c-4b25-b858-a6df566f15b6,0,0,0,2,0,2,2,0,2,1,1
2023-11-24,ba946f34-a9bf-4047-9d9f-bbe07f63080a,1,1,2,0,0,0,1,1,2,1,1
2023-11-24,baae0070-dddc-43f2-a7db-51f6b6653616,11,13,24,0,1,1,11,14,25,1,4
2023-11-24,bac87304-52bf-4555-986b-b9fec4ef2f41,5,46,51,1,0,1,6,46,52,1,4
2023-11-24,badee9f6-e4fd-46de-97a4-5ba4b367116e,0,0,0,12,4,16,12,4,16,1,6
2023-11-24,bb0bd75f-b441-4d0f-a789-782c510b0b4d,6,6,12,24,1,25,30,7,37,1,4
2023-11-24,bb2095cd-ec59-4528-b6d5-1f458e3d91a0,46,37,83,7,0,7,53,37,90,1,2
2023-11-24,bb42fe10-6d1e-4626-961e-f8d76ad73f3c,64,99,163,2,0,2,66,99,165,1,6
2023-11-24,bb9cf5ac-a45c-44a4-b46d-3d37068cb51b,45,51,96,1,0,1,46,51,97,1,5
2023-11-24,bbad4804-6fbe-4871-844c-7f4b0ca44d81,7,6,13,0,0,0,7,6,13,1,2
2023-11-24,bbb71fb0-cf23-4a69-b8a9-3ae8a4996c7b,3,0,3,0,0,0,3,0,3,1,3
2023-11-24,bbc12200-190d-4d85-8e21-ada8b234d9ec,9,8,17,5,0,5,14,8,22,1,3
2023-11-24,bbcf299f-fe23-4654-b8c1-d7bd68a120ce,1,0,1,0,0,0,1,0,1,1,1
2023-11-24,bbe5d8f8-3bd6-4265-92d0-ba517564561b,24,6,30,2,0,2,26,6,32,1,12
2023-11-24,bc116b7f-3c9f-4e86-9a53-bd1b7c205da5,37,38,75,3,1,4,40,39,79,1,6
2023-11-24,bc33da7d-4b95-4940-a85c-0ae7374feaa8,1,1,2,0,0,0,1,1,2,1,1
2023-11-24,bc3d58ad-30ee-4337-ac19-d24d121f2cc2,17,20,37,3,3,6,20,23,43,1,4
2023-11-24,bc5bcdf0-7d29-4ee0-be8f-cd5001b92187,2,1,3,16,3,19,18,4,22,1,4
2023-11-24,bc78ddca-afb3-4ae5-90ab-89d446706c7b,12,14,26,9,7,16,21,21,42,1,5
2023-11-24,bc8f6d92-7878-4e58-9cd4-d9fc83b309a1,0,0,0,41,17,58,41,17,58,1,2
2023-11-24,bca98d0e-50af-4bf5-9a80-ff52e2f82c0b,4,6,10,36,14,50,40,20,60,1,4
2023-11-24,bcd20d91-45d0-4529-94bd-05b74d93ec9f,1,0,1,0,0,0,1,0,1,1,1
2023-11-24,bce4c2de-72cc-4a24-a800-95ffbda68a03,25,23,48,2,3,5,27,26,53,1,4
2023-11-24,bcfba13b-b6d4-45c5-8f2b-fc624e8f909d,6,6,12,0,0,0,6,6,12,1,1
2023-11-24,bd051f00-4910-4177-aa10-1264e719d72d,55,42,97,22,7,29,77,49,126,1,4
2023-11-24,bd211dbb-77a5-458e-ae9a-4ddad8d168e9,122,161,283,3,22,25,125,183,308,1,19
2023-11-24,bd2d3026-acad-4647-aa45-d20a1ad39951,8,5,13,0,0,0,8,5,13,1,2
2023-11-24,bd4aff93-b80a-41de-a310-eb382477e8ab,53,45,98,0,0,0,53,45,98,1,9
2023-11-24,bd6d9f18-0cc1-4628-8d06-d68634d4418a,1,0,1,19,0,19,20,0,20,1,2
2023-11-24,bd81c3de-2518-4d67-8266-021593201a33,1,1,2,253,32,285,254,33,287,1,3
2023-11-24,bd8c5bed-94d2-4970-bd07-d7a221f77b49,6,9,15,0,0,0,6,9,15,1,3
2023-11-24,bdb44a13-1beb-4495-84b0-c614517d9a14,46,51,97,1,1,2,47,52,99,1,7
2023-11-24,bdd017c1-7d87-4e6f-a026-c98f5bf4448a,1,0,1,0,0,0,1,0,1,1,1
2023-11-24,bde0debe-b685-4d78-a6f6-035e4343af63,0,1,1,0,0,0,0,1,1,1,1
2023-11-24,bdfd6d30-300d-463d-9221-355657d05b73,10,11,21,0,0,0,10,11,21,1,3
2023-11-24,be2c873b-f607-4874-9edc-ff41d9a80b02,1,2,3,3,1,4,4,3,7,1,3
2023-11-24,be40478a-3803-4184-9a73-0563e5aecc60,28,8,36,1,1,2,29,9,38,1,5
2023-11-24,be5c4be1-f5ba-4339-8c56-e2b275b4f65b,18,15,33,0,0,0,18,15,33,1,1
2023-11-24,be888ae8-3c5e-4508-92f8-c7c38ac9f426,1,1,2,0,3,3,1,4,5,1,3
2023-11-24,bea15bd9-b980-44e1-8e83-d95324300283,80,101,181,2,0,2,82,101,183,1,5
2023-11-24,beb9ceba-e0d9-47b2-aa99-7e10f8e09139,11,7,18,135,18,153,146,25,171,1,5
2023-11-24,bec3c5a9-c8e0-4d5b-9ed5-7f3d9683ccff,0,1,1,0,0,0,0,1,1,1,1
2023-11-24,beeb27c1-bd72-4722-83e8-2a7aba39b807,22,36,58,0,0,0,22,36,58,1,4
2023-11-24,bf0f5b7c-1a0e-4173-abcd-28e66da724c8,4,16,20,3,0,3,7,16,23,1,4
2023-11-24,bf223654-ea81-4fd5-ab2c-6d1534f2da9c,1,1,2,0,0,0,1,1,2,1,1
2023-11-24,bf308d1a-95ad-4b6c-8f5c-17a073a2b047,6,4,10,0,0,0,6,4,10,1,3
2023-11-24,bf52b39c-ce3f-4fc1-bd5a-83844bcee4d3,4,8,12,57,1,58,61,9,70,1,6
2023-11-24,bf564ce8-7931-4100-8a99-b53d31606bcd,299,258,557,56,24,80,355,282,637,1,12
2023-11-24,bf730ce0-2578-4b4d-97bf-5aae276f188b,17,12,29,0,0,0,17,12,29,1,2
2023-11-24,bf85dc81-2ae0-4919-81ef-2ebb57762563,12,21,33,0,0,0,12,21,33,1,2
2023-11-24,bf9fddeb-7f53-45da-b392-e4cdbd154dcd,11,8,19,1,0,1,12,8,20,1,2
2023-11-24,bfb9818e-ab61-42c4-9331-c0bde4254507,2,2,4,0,0,0,2,2,4,1,2
2023-11-24,bfd15789-d087-4da1-81f6-7852759ecd79,15,9,24,1,0,1,16,9,25,1,2
2023-11-24,bfe13317-a78d-4050-8e53-4a84e5e4fc13,418,352,770,40,10,50,458,362,820,1,11
2023-11-24,bfea656f-f3db-47e6-8b97-65cfab624bb2,136,149,285,10,2,12,146,151,297,1,6
2023-11-24,c0059b8a-ab0d-41c3-bff0-9b3762d7c958,11,9,20,0,0,0,11,9,20,1,2
2023-11-24,c01f769a-f862-4d79-9c25-9461a27a9ffd,67,73,140,63,19,82,130,92,222,1,21
2023-11-24,c07390a0-f1b7-440c-845a-89eb6b3cd819,19,15,34,35,7,42,54,22,76,1,10
2023-11-24,c09e060f-209f-43d6-8a1c-6f83bf360126,7,8,15,1,1,2,8,9,17,1,4
2023-11-24,c0b2d00f-4b29-4755-ac95-e6f2cbbbba07,4,2,6,0,0,0,4,2,6,1,1
2023-11-24,c0c87a02-a18b-4f89-8c71-2859b65751de,90,104,194,2,5,7,92,109,201,1,6
2023-11-24,c0dd7f6e-8279-49cd-9515-58096edf16af,1,5,6,0,0,0,1,5,6,1,1
2023-11-24,c0faeb6f-057e-46ff-b6b8-f9ad5625ada8,158,195,353,179,29,208,337,224,561,1,12
2023-11-24,c103018d-7a1e-4bbf-b595-c93e40bc1b15,8,4,12,0,0,0,8,4,12,1,2
2023-11-24,c12f51ae-a516-4185-8ac6-e06e75f72776,4,0,4,1,0,1,5,0,5,1,3
2023-11-24,c13ee5b4-ec22-4d89-88be-134b76f8df3d,7,10,17,0,0,0,7,10,17,1,3
2023-11-24,c155249b-5545-45a2-8026-2982c3be46c4,14,16,30,1,2,3,15,18,33,1,11
2023-11-24,c16af521-1ac9-4d0a-856f-de86fc87fa1e,3,0,3,1,0,1,4,0,4,1,4
2023-11-24,c184a2bb-a8b8-4e01-84aa-e1d894dc3db8,2,1,3,0,0,0,2,1,3,1,2
2023-11-24,c19a81f2-2de9-4572-b700-3d0b44450eca,1,0,1,0,0,0,1,0,1,1,1
2023-11-24,c1d2eff8-24f4-4f99-a766-23ddc4b17a54,19,25,44,93,46,139,112,71,183,1,6
2023-11-24,c1e13a49-c370-4de5-bafd-2ada9d5ff07e,0,1,1,1,0,1,1,1,2,1,2
2023-11-24,c205d382-75c3-4c2b-a940-63d4aa0e7a0e,1,2,3,0,0,0,1,2,3,1,1
2023-11-24,c21ac0bf-0316-48de-b295-c73d5f4fd9f4,7,7,14,11,7,18,18,14,32,1,5
2023-11-24,c22e0fce-3642-4035-a32e-fb9ea9628cb1,8,7,15,1,2,3,9,9,18,1,4
2023-11-24,c249ec9d-c086-4791-b9ba-e0f13e85771a,0,2,2,1,1,2,1,3,4,1,2
2023-11-24,c26d40d6-7c4c-432a-9c48-2b3173a402d5,53,61,114,2,1,3,55,62,117,1,23
2023-11-24,c2768c82-cdcf-4429-bf32-4370253558ad,136,191,327,9,5,14,145,196,341,1,20
2023-11-24,c28a02bc-e15e-4943-80c1-70a197abdc58,3,0,3,0,0,0,3,0,3,1,1
2023-11-24,c2a64d54-6424-4a56-ab0c-8aa9049a4d86,2,3,5,1,1,2,3,4,7,1,2
2023-11-24,c2b58c57-075e-4cd9-bf6d-c93ebe7a1c79,10,10,20,78,24,102,88,34,122,1,10
2023-11-24,c2c7d3e7-8d11-46fa-8521-e933b871c0a3,15,17,32,10,3,13,25,20,45,1,5
2023-11-24,c2d8ad40-b89a-4879-9153-24658898f006,3,2,5,1,0,1,4,2,6,1,3
2023-11-24,c2dd72b8-42f9-4851-a46c-6d9a34a49c98,2,2,4,0,0,0,2,2,4,1,2
2023-11-24,c30a033e-732e-43e5-ab45-fe39eaf45e3e,293,303,596,0,1,1,293,304,597,1,4
2023-11-24,c3127343-2669-4aaa-840e-3fe95e80f821,11,13,24,1,1,2,12,14,26,1,2
2023-11-24,c332f8b0-7820-4496-b375-843e1c6eb097,18,18,36,6,1,7,24,19,43,1,7
2023-11-24,c3612af9-7169-47ed-912d-8b29e89d5ec9,0,0,0,5,1,6,5,1,6,1,1
2023-11-24,c3704279-9507-4e46-a737-391ef27c60f9,6,5,11,1,0,1,7,5,12,1,1
2023-11-24,c37bce0a-f5ee-42e8-9d08-d26e255fde59,0,3,3,0,0,0,0,3,3,1,1
2023-11-24,c3948d96-d016-4c28-a9b9-069bc6a0c246,1,3,4,0,0,0,1,3,4,1,2
2023-11-24,c3af37be-df6f-4896-8537-23df571f3fc3,34,46,80,117,7,124,151,53,204,1,16
2023-11-24,c3c9c29a-b9c6-4074-9b9d-f225e0c3f51c,18,15,33,0,2,2,18,17,35,1,5
2023-11-24,c3db5faf-03d3-4316-b475-4805e19e7c49,4,4,8,3,2,5,7,6,13,1,4
2023-11-24,c3f6a9dd-6bc6-4d70-b631-22f002f53e2a,7,4,11,0,0,0,7,4,11,1,3
2023-11-24,c4081a97-94ad-403c-95b0-3ab342534035,1,2,3,0,0,0,1,2,3,1,1
2023-11-24,c42cb6b7-dfe4-421a-a5c2-b6b01bbb4a8d,49,51,100,42,21,63,91,72,163,1,10
2023-11-24,c44b5d0a-ee9d-41b5-bc7f-a547d99c0fdf,5,12,17,0,0,0,5,12,17,1,2
2023-11-24,c45f47fd-b616-4d99-ac0f-da3e4ce34861,8,29,37,0,0,0,8,29,37,1,3
2023-11-24,c46b07ac-6034-4382-b55f-b888ebfa7be3,11,9,20,0,0,0,11,9,20,1,6
2023-11-24,c48dcc0a-a4ee-4a07-8bfa-1e3b2aa54953,9,8,17,0,3,3,9,11,20,1,2
2023-11-24,c4a12c3e-7947-46ee-af38-462fda4f2351,9,7,16,0,0,0,9,7,16,1,3
2023-11-24,c4b3e94d-40bc-431a-8821-b2a11195c0a7,5,21,26,4,0,4,9,21,30,1,1
2023-11-24,c4ccd694-7753-4118-866e-c8187d3c66b6,8,12,20,0,0,0,8,12,20,1,2
2023-11-24,c4e6bc55-c8e7-45b5-b303-5eba5ad0854d,53,62,115,11,6,17,64,68,132,1,5
2023-11-24,c50e57de-2761-4763-a885-9cf2f2203aae,80,82,162,9,3,12,89,85,174,1,8
2023-11-24,c51f16a6-305e-4133-9212-f53c55a3d1d1,2,0,2,2,0,2,4,0,4,1,2
2023-11-24,c52e4626-0e12-4752-a444-18622f8d5f68,1,1,2,0,0,0,1,1,2,1,1
2023-11-24,c53d9ef2-20a6-4389-9e22-f877f0d59057,3,3,6,0,0,0,3,3,6,1,3
2023-11-24,c5701434-2844-4b39-8b28-a7343f6abc5d,2,1,3,0,0,0,2,1,3,1,1
2023-11-24,c5a34849-ef9f-4399-91eb-f18e6f140b1d,1,0,1,0,0,0,1,0,1,1,1
2023-11-24,c5b3dd58-a984-4e1b-abbb-e9141cc8f359,3,0,3,0,0,0,3,0,3,1,3
2023-11-24,c5f18278-9ba3-4b9f-872f-0d80c2753b55,49,39,88,14,20,34,63,59,122,1,14
2023-11-24,c5fb3179-6f82-4e5d-aab3-f7d7a92b8635,98,126,224,75,71,146,173,197,370,1,10
2023-11-24,c6111160-8213-4b1d-85f3-8e3de8d441b8,2,2,4,144,12,156,146,14,160,1,7
2023-11-24,c61dcd30-9087-408a-b82b-1840fd8058b2,3,0,3,2,0,2,5,0,5,1,3
2023-11-24,c6392398-6428-41c7-8718-52cd6838b185,12,14,26,1,2,3,13,16,29,1,1
2023-11-24,c657229e-f604-4028-9c79-526ee25edbee,7,6,13,0,0,0,7,6,13,1,4
2023-11-24,c672f0d2-3367-40e1-ae63-b10e8abd5a71,4,1,5,0,0,0,4,1,5,1,3
2023-11-24,c68575a2-ca14-4367-8a8b-24e6a1972508,35,53,88,2,0,2,37,53,90,1,5
2023-11-24,c697edc0-4029-4c82-a20f-7d7d3ac52bb5,8,8,16,1,0,1,9,8,17,1,2
2023-11-24,c6a865a2-396e-4a17-8ca9-988aab957b14,10,6,16,1,0,1,11,6,17,1,6
2023-11-24,c6b5b4f3-18df-41f6-99b6-0eccdbb395f0,1,0,1,1,0,1,2,0,2,1,2
2023-11-24,c6d989fc-6e6f-45c3-9d88-a522f09fb72c,0,7,7,0,0,0,0,7,7,1,1
2023-11-24,c6e2f74e-b6d6-466f-8743-02a8d81a2b19,6,2,8,0,0,0,6,2,8,1,1
2023-11-24,c6f13772-f349-44da-a65f-2358a24a38be,9,8,17,3,1,4,12,9,21,1,1
2023-11-24,c6f64833-1a29-482c-8d95-747eb99ef3ac,4,3,7,10,19,29,14,22,36,1,2
2023-11-24,c6fb9e62-b9df-406a-bed6-32df7b81d829,31,27,58,0,1,1,31,28,59,1,10
2023-11-24,c7130a42-e05e-40cd-a596-563e1ba3168f,5,10,15,16,7,23,21,17,38,1,5
2023-11-24,c7352103-0815-4524-ba8d-d73d1f6b2e83,1,1,2,1,2,3,2,3,5,1,2
2023-11-24,c73a9e91-58a1-4cb9-a0fc-6adb099b4434,10,4,14,2,0,2,12,4,16,1,4
2023-11-24,c764d852-d7ae-474a-804d-17bc4bf0962c,121,97,218,10,1,11,131,98,229,1,8
2023-11-24,c776fbee-abcb-43b7-8ceb-86f7e38c4782,12,14,26,8,4,12,20,18,38,1,5
2023-11-24,c78cccce-d2c1-445d-b8a1-fe6491654e82,8,4,12,0,0,0,8,4,12,1,5
2023-11-24,c79e8d98-47b0-4e7b-af89-220ea892203a,1,8,9,7,2,9,8,10,18,1,6
2023-11-24,c7b81735-0aa0-498f-8d88-8e200e6fd269,42,37,79,8,8,16,50,45,95,1,7
2023-11-24,c7d2a0e1-6bd2-439c-aef6-97ea34640048,0,0,0,50,0,50,50,0,50,1,2
2023-11-24,c7ec089a-204c-4bd7-9701-aa67dd1d9ce3,1,0,1,112,43,155,113,43,156,1,3
2023-11-24,c8037860-9df4-4c39-b518-ac1b5f42358b,4,2,6,3,1,4,7,3,10,1,5
2023-11-24,c8262b92-901b-4604-b46b-f5ddfde75d87,33,38,71,68,28,96,101,66,167,1,4
2023-11-24,c8345c18-ace2-435b-a675-77255b61f502,2,1,3,0,0,0,2,1,3,1,1
2023-11-24,c87f54fb-19c9-418b-acfd-9e5ab4e3af6b,3,2,5,0,0,0,3,2,5,1,1
2023-11-24,c8917bec-c39b-4a57-8e76-bd0a1e89f576,1,2,3,0,0,0,1,2,3,1,1
2023-11-24,c89e41b9-3d6f-4691-84ac-c4a6d0a61f3f,12,9,21,240,8,248,252,17,269,1,6
2023-11-24,c8b6237a-bf1a-4793-a4e6-47a56992cb09,14,11,25,87,1,88,101,12,113,1,4
2023-11-24,c8c7754d-fdb3-485d-9acb-eab9f4e56003,1,2,3,0,2,2,1,4,5,1,3
2023-11-24,c8e89f75-4705-4655-a0f1-161ed63bffcb,48,44,92,56,31,87,104,75,179,1,8
2023-11-24,c8ef9ad9-1897-403c-996f-75c4868aa8d8,74,83,157,1,0,1,75,83,158,1,6
2023-11-24,c9001b21-dcb8-454d-b687-5d9d195f89b9,5,4,9,15,1,16,20,5,25,1,3
2023-11-24,c91746e1-e79a-4e3a-9b56-54d46c7a26fe,18,31,49,0,0,0,18,31,49,1,3
2023-11-24,c926f94c-4427-497e-a043-c8246da469fe,0,0,0,0,9,9,0,9,9,1,1
2023-11-24,c93992b7-d2cb-4322-ba42-7f56546c2a01,1,0,1,8,0,8,9,0,9,1,2
2023-11-24,c94a6512-f6fb-4946-8a0d-4465c364aac3,71,89,160,30,34,64,101,123,224,1,7
2023-11-24,c958be2e-dd3b-4e1a-a54e-e9463ed1418d,116,134,250,0,0,0,116,134,250,1,1
2023-11-24,c96e831c-5825-4318-8143-674cb3f712e4,3,2,5,0,0,0,3,2,5,1,3
2023-11-24,c97cafe2-ee2a-4c84-8b2a-bb4fec3b1837,5,5,10,0,1,1,5,6,11,1,1
2023-11-24,786063a7-a911-44cc-8acc-6c69a5fd4f9f,4,0,4,0,0,0,4,0,4,1,3
2023-11-24,7876724a-e73a-4888-8137-160d8edccf5a,2,0,2,0,0,0,2,0,2,1,2
2023-11-24,788ad45f-36be-4daf-a271-fce83cd32b67,25,13,38,29,2,31,54,15,69,1,6
2023-11-24,789bc8fb-d977-4287-ab3e-cfa9c3244f44,11,16,27,11,4,15,22,20,42,1,4
2023-11-24,78b38f27-1fb2-4715-8204-5b0e8087f0fd,22,32,54,2,6,8,24,38,62,1,3
2023-11-24,78cdd086-66b9-4278-bf45-08d93d6db1ff,27,24,51,4,1,5,31,25,56,1,5
2023-11-24,78e6f638-d55a-44e4-931e-15cc7366b2a4,55,64,119,9,1,10,64,65,129,1,9
2023-11-24,78f809e2-0a67-4868-9f0a-fc39ab39069f,99,167,266,1,2,3,100,169,269,1,6
2023-11-24,7917a63f-ad1d-444b-b3fc-b9154d147e94,12,8,20,0,2,2,12,10,22,1,14
2023-11-24,79267845-46b7-4380-822a-d82a933fa135,4,0,4,0,0,0,4,0,4,1,4
2023-11-24,794d21bd-1ebf-4f4d-808b-29f2825af49e,65,89,154,4,5,9,69,94,163,1,10
2023-11-24,79653c01-f5ef-4dec-be6d-2c077a176126,0,1,1,0,0,0,0,1,1,1,1
2023-11-24,798bd1a0-ffdd-4c17-ac7c-7dc818d65d61,4,4,8,0,0,0,4,4,8,1,2
2023-11-24,79af66e1-41ed-423d-a295-83f27fbe8ecd,0,0,0,4,0,4,4,0,4,1,1
2023-11-24,79cd6e3b-cf71-473e-af52-a004c3082148,101,105,206,1,4,5,102,109,211,1,10
2023-11-24,79ddca29-4da8-47ad-8c9f-925b2c47106e,5,4,9,1,0,1,6,4,10,1,3
2023-11-24,79eaca00-6af3-48d5-bd6a-7f49ca2a5f28,2,1,3,0,0,0,2,1,3,1,1
2023-11-24,79f8c3b6-d4b7-41ae-960d-f3d849e87c4a,0,1,1,9,6,15,9,7,16,1,2
2023-11-24,7a14a9e0-e372-4b90-84ba-22f6a97820aa,1,0,1,0,0,0,1,0,1,1,1
2023-11-24,7a1bfd2c-42c3-49e0-bcf7-37ab79f98fac,37,45,82,0,0,0,37,45,82,1,6
2023-11-24,7a27fdb4-4bbb-4602-9812-9c7779c48f7c,0,2,2,0,0,0,0,2,2,1,1
2023-11-24,7a3de88f-9dc0-47ee-863e-45d64f8342e2,100,135,235,2,1,3,102,136,238,1,5
2023-11-24,7a538168-0832-4820-b6a9-e51d15419795,24,24,48,27,8,35,51,32,83,1,8
2023-11-24,7a6b5ef4-6ed5-4d17-ae79-59ecd4200960,66,54,120,36,15,51,102,69,171,1,7
2023-11-24,7a90d572-8ee2-44aa-80c0-ca0724c9a36d,1,0,1,0,0,0,1,0,1,1,1
2023-11-24,7a9d9496-5d68-4ec0-bc73-5d6ce40e275c,20,14,34,16,2,18,36,16,52,1,8
2023-11-24,7ab4467a-d618-44dc-9137-87913a2de56c,78,77,155,3,0,3,81,77,158,1,10
2023-11-24,7acbb850-c284-4688-8c31-f1307ab3e39d,44,65,109,0,0,0,44,65,109,1,6
2023-11-24,7ae09a1b-d81c-4ba5-b6a5-19aa99e3f7ef,4,8,12,1,0,1,5,8,13,1,3
2023-11-24,7ae96de8-57c4-4300-87e6-32a3028a7d5e,12,6,18,13,21,34,25,27,52,1,6
2023-11-24,7afb4801-dfa7-4ab5-954c-dff8792e4781,16,15,31,297,16,313,313,31,344,1,8
2023-11-24,7b2998a0-4447-4e49-88a3-e631de33a4c4,93,69,162,394,78,472,487,147,634,1,10
2023-11-24,7b462b6d-a01e-4a0f-bc72-bba468e29ef0,24,39,63,3,11,14,27,50,77,1,5
2023-11-24,7b6258ee-6fae-4e4b-a026-3f507ae4655d,8,12,20,0,0,0,8,12,20,1,3
2023-11-24,7b980875-7607-4531-8c74-2806ca0a65fa,10,4,14,67,8,75,77,12,89,1,4
2023-11-24,7bab23e1-2c5a-411a-807f-ba95991aed75,64,62,126,8,6,14,72,68,140,1,5
2023-11-24,7bcece9c-12c8-4f87-b7fe-0ab3dcdc8933,12,13,25,4,1,5,16,14,30,1,2
2023-11-24,7be2bea3-abcc-4896-a913-6aff3c970fef,15,36,51,0,2,2,15,38,53,1,2
2023-11-24,7bf6c51c-48b2-43ec-a88b-51d42c05025c,4,2,6,0,0,0,4,2,6,1,1
2023-11-24,7c101224-a1ec-41d1-a076-751b841cecb3,9,5,14,0,0,0,9,5,14,1,3
2023-11-24,7c4cc1fe-00c0-4167-aae3-34f992e39aa0,47,53,100,2,0,2,49,53,102,1,2
2023-11-24,7c54b676-a920-4373-94ae-6f12c1442c77,17,16,33,0,0,0,17,16,33,1,1
2023-11-24,7c792cec-8df1-4b7c-a27f-5242d76161f4,21,18,39,0,1,1,21,19,40,1,8
2023-11-24,7c95070a-cf78-408f-8ea1-202ffcbe2c1e,25,41,66,9,29,38,34,70,104,1,7
2023-11-24,7ca82e58-8b3b-4052-9daa-44630e95397b,33,57,90,0,7,7,33,64,97,1,1
2023-11-24,7cbd69b4-dcaf-4890-85e8-bfdcb16eb20b,0,0,0,1,0,1,1,0,1,1,1
2023-11-24,7ccc7533-f4a2-4358-9378-45655b605a67,4,2,6,0,0,0,4,2,6,1,2
2023-11-24,7cf47528-f294-457d-a46a-652f21bd6982,2,1,3,0,0,0,2,1,3,1,2
2023-11-24,7d000697-d2a7-4729-9f87-fa85a1db1e0a,6,5,11,0,0,0,6,5,11,1,4
2023-11-24,7d209ee0-06aa-498c-9fb0-9e1029aaf686,5,0,5,0,0,0,5,0,5,1,1
2023-11-24,7d2d44c8-e8cc-475d-89db-afd7b8844d29,2,2,4,0,0,0,2,2,4,1,2
2023-11-24,7d39a45b-12b6-458b-be89-56f746d50234,12,17,29,1,7,8,13,24,37,1,6
2023-11-24,7d499d4c-0602-4e4b-bf89-0ce57abff0b7,1,2,3,5,2,7,6,4,10,1,4
2023-11-24,7d74e16e-dc4b-4593-9c3f-e6ceff5a1025,7,6,13,3,7,10,10,13,23,1,5
2023-11-24,7d89506f-f1ab-45f2-9c41-79d1c5943106,20,18,38,41,3,44,61,21,82,1,5
2023-11-24,7dabbb66-b532-4727-963a-a61dea5bcd1e,258,264,522,0,0,0,258,264,522,1,8
2023-11-24,7db944e8-64b9-4847-9617-027a0116dfa1,0,3,3,14,0,14,14,3,17,1,2
2023-11-24,7dd393df-fb7e-4948-b045-89a0d007a083,3,5,8,2,1,3,5,6,11,1,2
2023-11-24,7df01ade-2955-4bf7-9c3c-12b6c45db0de,3,0,3,0,0,0,3,0,3,1,2
2023-11-24,7e059bca-05a2-4267-9205-386ae28d2dd1,12,15,27,0,0,0,12,15,27,1,3
2023-11-24,7e1a67e0-b3d5-4c19-bf94-fcdfad1ff1aa,21,7,28,4,2,6,25,9,34,1,3
2023-11-24,7e334237-67bc-4423-bbb1-4c307593c8dd,20,36,56,0,0,0,20,36,56,1,10
2023-11-24,7e441529-1853-46bf-bda1-eff583ccc102,0,15,15,0,0,0,0,15,15,1,2
2023-11-24,7e5b21a1-4055-4f05-ab98-9599c894b78e,1,0,1,0,1,1,1,1,2,1,1
2023-11-24,7e867fcd-b2e4-4dd7-a5e2-0c104a006b80,7,16,23,1,3,4,8,19,27,1,2
2023-11-24,7e8f2042-3805-4891-a70d-82a3043e6d31,0,2,2,0,1,1,0,3,3,1,2
2023-11-24,7ea516e5-6db1-4ba9-8efc-a6c4112853d4,35,45,80,2,0,2,37,45,82,1,5
2023-11-24,7eb336df-72bf-41c5-9c89-321e97959679,5,1,6,1,0,1,6,1,7,1,3
2023-11-24,7ed0c613-9940-41b5-9f4e-6b3f7897666c,17,9,26,1,0,1,18,9,27,1,3
2023-11-24,7ed9ff58-73f2-4fe3-a900-28572331a31e,11,12,23,0,0,0,11,12,23,1,5
2023-11-24,7efc8c1a-9205-4bde-b37c-371db4f0331b,4,4,8,0,1,1,4,5,9,1,4
2023-11-24,7f00a6bc-f681-44fe-9cba-e97a98c4e1af,5,6,11,14,2,16,19,8,27,1,4
2023-11-24,7f3cd4bd-7d57-4b11-86a9-d09aa080fb68,8,7,15,0,0,0,8,7,15,1,3
2023-11-24,7f4c7a8e-4658-40fc-ae07-62f2d811e6ea,270,343,613,11,2,13,281,345,626,1,11
2023-11-24,7f66c2b3-039d-4dac-b805-6d1cf574d1d3,0,0,0,2,0,2,2,0,2,1,1
2023-11-24,7f7da905-05d4-4dc7-ab76-7d0560e5160a,4,8,12,2,1,3,6,9,15,1,5
2023-11-24,7fa95d28-8ba6-476a-974d-a042029ba6cd,189,201,390,4,4,8,193,205,398,1,11
2023-11-24,7fbb6a96-7d50-493a-b505-9f57003ba980,2,1,3,4,4,8,6,5,11,1,5
2023-11-24,7fe5b7c6-853b-4183-8798-09d077cfbe65,4,7,11,0,0,0,4,7,11,1,2
2023-11-24,7feedcc9-eee7-4b73-a130-445340e525d2,18,39,57,7,2,9,25,41,66,1,10
2023-11-24,80005e55-6a9b-44d0-9f26-2fb4c222fb3f,27,22,49,19,1,20,46,23,69,1,10
2023-11-24,8032e4d3-0d48-4d08-99be-b8564445429d,45,61,106,81,19,100,126,80,206,1,4
2023-11-24,804c9604-f53b-4b3c-90fd-ecdf6ceec0db,3,5,8,0,1,1,3,6,9,1,2
2023-11-24,806e2af7-5870-4315-8581-0ec5b9533b32,0,0,0,1,0,1,1,0,1,1,1
2023-11-24,80bff6fc-326a-4cec-b021-ea642da9ef35,255,173,428,16,28,44,271,201,472,1,6
2023-11-24,80e4919e-926d-4e27-9af2-efac5feb5bf3,80,78,158,8,1,9,88,79,167,1,8
2023-11-24,80f4093d-cbb8-4a16-843b-e0d2e8f9a199,13,17,30,1,2,3,14,19,33,1,4
2023-11-24,81106bc4-0a80-4936-8edb-b0c8bda54834,6,9,15,0,0,0,6,9,15,1,3
2023-11-24,81261cda-9089-4575-8100-1edfee334b05,9,3,12,5,0,5,14,3,17,1,4
2023-11-24,8134d68b-6c7f-44be-b883-6f39dd7977b7,15,13,28,0,0,0,15,13,28,1,3
2023-11-24,813e586a-40b4-4537-b86a-9f279ca5df48,21,27,48,1,2,3,22,29,51,1,7
2023-11-24,815225f7-9ca4-46e2-8639-4c44717a3b0d,22,23,45,1,0,1,23,23,46,1,5
2023-11-24,81848733-a622-4184-b8f6-e8df40b622fd,29,37,66,3,11,14,32,48,80,1,8
2023-11-24,81a74e4f-fda9-441b-95fa-a0a6ffe1104a,0,2,2,0,0,0,0,2,2,1,1
2023-11-24,81beb800-0950-4d37-9a43-2463997b563d,0,0,0,3,0,3,3,0,3,1,1
2023-11-24,81db42d0-1d8b-49bd-bd56-8d056726fce4,1,0,1,2,0,2,3,0,3,1,2
2023-11-24,81ee943b-3880-40dc-9341-6f105d909572,15,26,41,0,0,0,15,26,41,1,9
2023-11-24,823b2223-0db2-4c80-9e96-dcda521dc9e2,2,0,2,0,0,0,2,0,2,1,1
2023-11-24,8255b562-5fa2-4ed4-acdf-a2b967e2130a,7,5,12,0,0,0,7,5,12,1,1
2023-11-24,826af891-b4a5-4847-b005-a022bacf4912,1,0,1,0,0,0,1,0,1,1,1
2023-11-24,82784a34-8d13-41ce-90d4-bee4c7abd4aa,15,21,36,1,0,1,16,21,37,1,8
2023-11-24,829fba76-9f57-450a-8472-59b3b38132e8,1,4,5,0,0,0,1,4,5,1,1
2023-11-24,82a8e4cd-11b5-4b23-a4ee-8f97df720002,3,8,11,0,0,0,3,8,11,1,1
2023-11-24,82c3cacf-b291-4631-ac58-6dbe9e3497f4,4,7,11,100,0,100,104,7,111,1,4
2023-11-24,82da602d-3d51-4791-964c-6a951d4cc984,6,7,13,19,1,20,25,8,33,1,3
2023-11-24,82f8c5e3-7b6f-4dae-a022-383ac8099a34,14,8,22,0,0,0,14,8,22,1,6
2023-11-24,831c5d47-790e-4c18-a5fe-6018a68278ed,1,0,1,2,4,6,3,4,7,1,3
2023-11-24,834caf5a-4b4d-4b15-abe5-4d7fbf389fde,40,51,91,27,19,46,67,70,137,1,10
2023-11-24,8369012c-98c1-4484-a3db-65dd533fc6cf,10,8,18,9,8,17,19,16,35,1,7
2023-11-24,8380f2a6-bd39-46f5-b850-df8a9bee25a3,15,9,24,7,0,7,22,9,31,1,5
2023-11-24,83860334-d665-4b0a-a496-904fc7710857,10,5,15,9,4,13,19,9,28,1,6
2023-11-24,83920e83-28c5-461e-abc0-759273548f84,5,5,10,0,0,0,5,5,10,1,3
2023-11-24,83a689cf-3001-427c-81dc-f03ae10c8a76,18,25,43,2,3,5,20,28,48,1,3
2023-11-24,83c112b4-0762-412f-9cbf-774a77498537,0,0,0,5,0,5,5,0,5,1,2
2023-11-24,83d27d11-15f5-4cfe-9743-82ca82b62cab,2,11,13,0,1,1,2,12,14,1,4
2023-11-24,83df1ef4-c21b-40ea-bed1-ea54358f4bb7,0,1,1,0,0,0,0,1,1,1,1
2023-11-24,8409a879-e799-4a77-bfa8-616eae42461d,6,1,7,1,2,3,7,3,10,1,3
2023-11-24,842216a4-adad-404e-8a16-ec379f0bb4af,2,1,3,13,0,13,15,1,16,1,2
2023-11-24,84582285-5a55-4469-bad2-5224810c3003,137,158,295,31,17,48,168,175,343,1,8
2023-11-24,8470a3c8-cefd-4ae0-8519-63360ade648b,14,26,40,0,1,1,14,27,41,1,1
2023-11-24,849d7920-8d70-4eb6-9d79-02953f78a0e1,70,75,145,34,19,53,104,94,198,1,11
2023-11-24,84a9cb11-54a8-45ee-b697-b0686ed5bd1a,0,0,0,13,17,30,13,17,30,1,1
2023-11-24,84cb00e8-8e26-4017-8cb7-e6f00ab9ad92,3,2,5,4,6,10,7,8,15,1,3
2023-11-24,84d6c22a-c239-43f8-8350-74c603460cd6,4,4,8,2,0,2,6,4,10,1,4
2023-11-24,84f0f54f-8437-4c4e-b453-d11dbf5a9123,12,12,24,9,1,10,21,13,34,1,4
2023-11-24,84fa8299-3136-46ee-b3ab-43bbc5cc2859,0,0,0,1,0,1,1,0,1,1,1
2023-11-24,850b8510-71b2-46cd-9805-983999810fc2,2,0,2,0,1,1,2,1,3,1,3
2023-11-24,85198137-e728-45b3-93a9-cb37536f823f,5,8,13,2,3,5,7,11,18,1,3
2023-11-24,853adf9b-c81d-499a-91d8-d2202fb60f78,1,3,4,0,0,0,1,3,4,1,1
2023-11-24,8548dab4-3106-4298-90d7-01b808003519,14,10,24,26,8,34,40,18,58,1,8
2023-11-24,855d534f-aacd-4bc7-8f1e-bf3d4f0e7277,58,61,119,0,0,0,58,61,119,1,6
2023-11-24,8585382c-5f9b-4012-a22a-9a68635bdb18,6,7,13,0,0,0,6,7,13,1,4
2023-11-24,8589cfac-6968-4a49-a210-bdc6e9a3a60b,41,42,83,1,5,6,42,47,89,1,8
2023-11-24,859a7b5e-072f-470d-9faa-2f24f5205529,8,14,22,1,1,2,9,15,24,1,4
2023-11-24,85a769ef-6208-4fc1-b615-8d62cf36a95c,1,9,10,3,26,29,4,35,39,1,3
2023-11-24,85be7a83-147c-441c-926c-b7adce23973a,16,17,33,45,0,45,61,17,78,1,5
2023-11-24,85d0f3f6-5e17-42a7-80ff-a586d5556f59,2,2,4,11,0,11,13,2,15,1,3
2023-11-24,85e2bda4-4465-4b7b-a501-3ede7c148871,13,12,25,2,2,4,15,14,29,1,5
2023-11-24,85fda4e2-704a-4cd6-91a9-2059e9ef0a72,3,6,9,2,2,4,5,8,13,1,4
2023-11-24,8614a8f7-d984-4536-a992-adcd421e07be,22,41,63,4,3,7,26,44,70,1,9
2023-11-24,862ff3ef-3b4a-43bb-adbf-d926a0e81e8b,11,25,36,0,0,0,11,25,36,1,4
2023-11-24,863d6da5-4eee-40aa-bd5f-863557f10f8d,4,6,10,5,0,5,9,6,15,1,2
2023-11-24,86508efe-95fd-4152-9454-5cdd1b8d4ac0,86,123,209,0,2,2,86,125,211,1,3
2023-11-24,866d5ab9-ff3f-40bc-be82-e9781484d216,234,222,456,80,25,105,314,247,561,1,4
2023-11-24,8686988e-b9c1-4fad-986a-1f1f8abfc9e0,3,5,8,2,1,3,5,6,11,1,1
2023-11-24,86a501c4-379c-4a65-9428-141c5a5a1e0b,11,1,12,36,0,36,47,1,48,1,5
2023-11-24,86c3b531-da6f-4f3d-965e-6637faa59408,650,779,1429,62,57,119,712,836,1548,1,15
2023-11-24,86dc174b-a074-47fa-ae65-75ea5eae11f5,18,35,53,0,1,1,18,36,54,1,3
2023-11-24,86e9d491-5ec3-44fb-a199-9e6df0ae6be2,9,12,21,9,0,9,18,12,30,1,5
2023-11-24,8702b465-7e5d-4b1f-911c-9f432fb25eeb,2,1,3,27,1,28,29,2,31,1,5
2023-11-24,870bb597-4fa3-498d-8d0b-53e941247100,12,11,23,0,0,0,12,11,23,1,5
2023-11-24,87277baa-436e-4b3d-bfe6-5d2515e8ee28,21,21,42,0,2,2,21,23,44,1,2
2023-11-24,874bb4d5-5687-4c1c-af95-ac7e78179443,1,0,1,0,5,5,1,5,6,1,2
2023-11-24,8767976d-4485-4740-ac9b-55724d8812e3,26,26,52,1,1,2,27,27,54,1,3
2023-11-24,8786f685-649f-425b-9840-361c31feb824,1,0,1,22,0,22,23,0,23,1,2
2023-11-24,879a42ad-04ca-4683-90e9-b53fea6789ff,34,51,85,2,1,3,36,52,88,1,4
2023-11-24,87b9aba1-cdf8-4c94-83b0-350b90e49344,9,17,26,1,0,1,10,17,27,1,2
2023-11-24,87cdf3e3-5f50-4ea7-8fe3-f4995f4f63b9,75,78,153,10,6,16,85,84,169,1,11
2023-11-24,87ef29b8-1010-4517-8f3d-94662a6fac36,6,9,15,0,0,0,6,9,15,1,3
2023-11-24,8803cff5-2ca1-4e7f-a081-b6219aced1c2,14,16,30,182,29,211,196,45,241,1,5
2023-11-24,8827bf1b-8375-4b99-8586-cface9ebe29e,7,12,19,0,0,0,7,12,19,1,1
2023-11-24,885108f6-8942-4780-afe9-696369c47b05,2,2,4,2,2,4,4,4,8,1,2
2023-11-24,885c3faa-8d77-463f-bfc1-58916e2c2498,1,0,1,0,0,0,1,0,1,1,1
2023-11-24,887285b3-34e3-4ec9-9224-f595b161b05d,3,0,3,22,0,22,25,0,25,1,5
2023-11-24,88868539-5ec4-458e-b46d-448e0d5bc383,6,6,12,205,45,250,211,51,262,1,3
2023-11-24,888e9e03-1730-4ab8-b347-b09eb6b37f1b,40,45,85,7,7,14,47,52,99,1,5
2023-11-24,889607ff-d2ca-4e93-960e-16294dba2f09,1,5,6,0,2,2,1,7,8,1,2
2023-11-24,88b7cda3-df9c-43ab-ba97-39322464e838,0,0,0,2,2,4,2,2,4,1,1
2023-11-24,88d1242b-40af-41a3-8294-429ad94ff0fc,31,33,64,2,0,2,33,33,66,1,4
2023-11-24,8908d81e-7040-42d6-9c66-7884ce753d5c,1,0,1,0,0,0,1,0,1,1,1
2023-11-24,8919b742-cac5-4fcd-bc4d-cd1870af5d32,12,0,12,1,0,1,13,0,13,1,9
2023-11-24,89437ee2-c9de-43bd-927d-adc8ee920b8b,10,8,18,0,1,1,10,9,19,1,6
2023-11-24,895b0740-cc5e-4ef6-b10f-4404ddb78472,8,10,18,0,0,0,8,10,18,1,4
2023-11-24,8966da14-09e6-4681-9e37-abeef9977899,9,8,17,1,5,6,10,13,23,1,6
2023-11-24,8977a963-24d0-458d-a427-0114c26c211e,9,15,24,3,0,3,12,15,27,1,4
2023-11-24,89a6336a-0852-4a08-8544-e12ff5d001f2,2,3,5,1,0,1,3,3,6,1,1
2023-11-24,89c18ef3-8d77-43fe-a04d-e33fd1061fc9,54,65,119,3,13,16,57,78,135,1,9
2023-11-24,89d09187-767b-4b20-bb6e-ad4ac83e57a1,0,0,0,8,2,10,8,2,10,1,1
2023-11-24,89dc9614-5453-484c-8c4b-d4baadf3ee48,9,7,16,0,0,0,9,7,16,1,1
2023-11-24,89fd04da-0d2c-460a-98a1-13f17a9b03f8,2,0,2,0,0,0,2,0,2,1,2
2023-11-24,8a2d1ade-4954-47eb-8b24-876c12264a54,2,1,3,0,0,0,2,1,3,1,3
2023-11-24,8a46d7d2-83a3-4095-baca-350a40dfd1d1,4,18,22,0,0,0,4,18,22,1,6
2023-11-24,8a63ddec-c5fd-4389-aff1-8c49f7cde52d,8,4,12,0,0,0,8,4,12,1,1
2023-11-24,8a79d371-9452-4cee-98ae-34a3a517167a,18,17,35,9,0,9,27,17,44,1,7
2023-11-24,8a8a25c4-acb8-4dcc-8bb1-75871b053219,7,6,13,0,0,0,7,6,13,1,3
2023-11-24,8ab9fe05-aa9f-4938-9b83-0f444b12e9c7,25,30,55,1,1,2,26,31,57,1,2
2023-11-24,8acc5756-3d3e-4e2b-abbc-af8874c2cc81,0,1,1,0,0,0,0,1,1,1,1
2023-11-24,8ae5be38-41a0-4bf7-bc2d-73dd397fe175,47,45,92,7,0,7,54,45,99,1,5
2023-11-24,8b0ae026-ec5e-4d07-882f-50b02c3cb34f,4,2,6,0,1,1,4,3,7,1,2
2023-11-24,8b23683e-e986-4857-a54c-140c4f5e63ee,2,0,2,1,0,1,3,0,3,1,1
2023-11-24,8b3b026e-b35b-4d19-bef9-d81a0ddce599,15,17,32,0,0,0,15,17,32,1,3
2023-11-24,8b58d2ed-e5c2-4e9f-a2a6-ead4caa1b080,90,98,188,85,64,149,175,162,337,1,6
2023-11-24,8b6ddbf2-4de5-4411-adce-9cbf4c68a91c,3,8,11,1,0,1,4,8,12,1,2
2023-11-24,8b8776ae-639e-43b3-9a2c-19aded44b226,69,67,136,1,2,3,70,69,139,1,7
2023-11-24,8b8f7dc1-4d23-4586-b1a0-06455bef6b6a,10,17,27,1,1,2,11,18,29,1,7
2023-11-24,8bae11d1-3be7-403b-8ff8-223704590070,2,1,3,0,0,0,2,1,3,1,1
2023-11-24,8bbc0f83-a8b9-4671-a63e-ace69edc208d,4,7,11,1,0,1,5,7,12,1,4
2023-11-24,8bc9e0b7-b2ec-424f-90e1-1668aa93d4b0,17,31,48,0,1,1,17,32,49,1,5
2023-11-24,8bf579db-acd0-4261-81f8-5f2875d0b0fa,5,7,12,0,0,0,5,7,12,1,3
2023-11-24,8c0dabe9-9701-469f-929d-ece8affc1f86,46,32,78,7,2,9,53,34,87,1,10
2023-11-24,8c17955c-75ed-4509-a4f5-fb35e068786f,10,3,13,1,0,1,11,3,14,1,6
2023-11-24,8c3afe9f-200a-4ad2-b8aa-13dc1de38d35,1,4,5,0,2,2,1,6,7,1,2
2023-11-24,8c4d6550-86f1-40b1-9f00-cc14f6d1d7f1,0,0,0,2,1,3,2,1,3,1,1
2023-11-24,8c59a9df-51ad-4ea7-905f-f158a202a2e1,1,0,1,0,0,0,1,0,1,1,1
2023-11-24,8c764778-2557-4167-b339-88734efa8aeb,3,1,4,1,2,3,4,3,7,1,3
2023-11-24,8c7b0660-7800-4356-8990-899070b6ecce,21,20,41,4,0,4,25,20,45,1,4
2023-11-24,8c8ac696-1d68-4a25-91dd-1d1c5a59e2d0,183,206,389,2,0,2,185,206,391,1,6
2023-11-24,8cabf345-a4c5-4166-be1b-3e93e73e8a69,80,72,152,12,1,13,92,73,165,1,10
2023-11-24,8ccf6641-5f52-4f60-a46a-3bb04b784def,3,0,3,0,0,0,3,0,3,1,3
2023-11-24,8ce6e85b-c539-432a-a094-6834ef01b9a7,15,16,31,0,1,1,15,17,32,1,3
2023-11-24,8d0a7efe-0b4e-4ff1-95b4-8ff3b5290e16,1,0,1,0,0,0,1,0,1,1,1
2023-11-24,8d289f6a-0997-433c-9245-90c1488fce72,248,224,472,9,1,10,257,225,482,1,8
2023-11-24,8d3eafa8-bd7f-408a-ac1a-8e584b0abd00,135,187,322,33,3,36,168,190,358,1,10
2023-11-24,8d522566-7c2a-4efa-8bc6-9da2ab7a4ed8,1,0,1,0,0,0,1,0,1,1,1
2023-11-24,8d7edc06-bd3a-4789-bd20-f0b1c17dc752,32,29,61,33,23,56,65,52,117,1,10
2023-11-24,8d98c8c1-66a3-462c-a481-169efc359d28,1,5,6,0,0,0,1,5,6,1,4
2023-11-24,8db493c5-53ca-4580-a0b7-eac583e9cdf1,1,3,4,12,11,23,13,14,27,1,2
2023-11-24,8dc38459-0c89-4654-9244-b7d5935e0af7,73,70,143,4,0,4,77,70,147,1,7
2023-11-24,8de7050d-0b43-471a-8c47-2acde609b893,23,29,52,21,0,21,44,29,73,1,3
2023-11-24,8e04f53d-428d-4ef2-813c-273451acfdfd,70,122,192,0,2,2,70,124,194,1,7
2023-11-24,8e16e006-84dc-4116-97e9-665b0be80ffd,0,2,2,23,0,23,23,2,25,1,2
2023-11-24,8e31b45c-bc89-4e1f-9f9f-12adedf21a1c,3,1,4,18,0,18,21,1,22,1,3
2023-11-24,8e39b62f-7bd8-40d6-9781-cad9a53931fa,2,3,5,0,0,0,2,3,5,1,3
2023-11-24,8e5ccdde-cd74-4689-a0c7-33ad5e6973a7,1,0,1,1,0,1,2,0,2,1,1
2023-11-24,8e689ac5-a4e2-42cf-a203-558d4d43286f,34,19,53,7,10,17,41,29,70,1,3
2023-11-24,8e7c2214-fcae-45f0-b64e-e47c7242cfdb,7,9,16,0,0,0,7,9,16,1,2
2023-11-24,8ea29747-7d18-4b12-b8e6-f804f7a7d8dc,7,12,19,0,0,0,7,12,19,1,4
2023-11-24,8ea4a4f2-b694-42ca-a2c8-722f567a2df5,13,22,35,1,0,1,14,22,36,1,4
2023-11-24,8ed2bf6e-1755-4c14-9c32-d9cdb31b1667,40,48,88,2,4,6,42,52,94,1,8
2023-11-24,8eeae507-d21f-4920-b9a6-90bf9b142f3d,9,24,33,1,0,1,10,24,34,1,7
2023-11-24,8ef7b214-f426-4d12-b9fb-53e944b5a289,29,39,68,145,56,201,174,95,269,1,8
2023-11-24,8f0f3024-f18e-44c5-b8a2-eac65de58b43,71,58,129,32,0,32,103,58,161,1,6
2023-11-24,8f1d54bd-1959-43a4-867c-c68f5165632c,4,9,13,25,4,29,29,13,42,1,4
2023-11-24,8f41300f-8851-423f-8361-86c381847602,29,39,68,0,2,2,29,41,70,1,7
2023-11-24,8f66306c-75f5-442b-9b47-01db5f4f8ff4,1,0,1,5,0,5,6,0,6,1,2
2023-11-24,8f7755e6-3525-4f16-83c3-8c4a592dcde9,1,0,1,1,1,2,2,1,3,1,2
2023-11-24,8fa3cb5d-53c2-43f7-9e4c-8476b6900c86,5,5,10,0,0,0,5,5,10,1,3
2023-11-24,8fbde6b3-a105-4244-a6eb-e790f6fe402e,2,1,3,1,0,1,3,1,4,1,3
2023-11-24,8fcf2d6b-4090-4b67-aa7f-7acc8720c00a,39,64,103,79,25,104,118,89,207,1,11
2023-11-24,8fdb019f-b679-4a0d-8dbd-6a23829772e3,8,6,14,2,3,5,10,9,19,1,4
2023-11-24,90003a53-3df9-496d-814c-3fa59729d9b9,0,2,2,21,2,23,21,4,25,1,3
2023-11-24,901b9a21-78d5-4988-b913-b70c51c42567,7,4,11,3,0,3,10,4,14,1,6
2023-11-24,903f0b15-b5a1-47e7-b4e2-ae021ff20080,249,293,542,10,19,29,259,312,571,1,12
2023-11-24,90596c0a-3a26-4737-8554-945c44d60004,16,26,42,207,150,357,223,176,399,1,5
2023-11-24,90745789-096e-40d3-b7e4-6372705c812c,1,3,4,1,0,1,2,3,5,1,1
2023-11-24,908d5d3d-872e-4693-9fcf-33b83f4bdedd,2,3,5,11,0,11,13,3,16,1,4
2023-11-24,909b81e8-d90d-411f-a758-f92efb2b12f6,15,21,36,0,0,0,15,21,36,1,8
2023-11-24,90a96074-9dd1-44c0-b372-71770e9b405d,424,279,703,26,39,65,450,318,768,1,8
2023-11-24,90c7a006-48b6-4dea-8f55-2deb7c36df64,2,4,6,1,1,2,3,5,8,1,3
2023-11-24,90cc610d-dcd0-45aa-b0dc-18ab13efbfe7,8,11,19,8,0,8,16,11,27,1,4
2023-11-24,90d96150-3db5-44be-89ee-f676e6b88b4a,107,118,225,33,8,41,140,126,266,1,8
2023-11-24,90e6c630-c39a-4230-b6fa-d6b6b7c2a731,63,60,123,10,4,14,73,64,137,1,5
2023-11-24,91036c0f-75da-4b1f-8852-d5bd7af66e89,0,1,1,0,0,0,0,1,1,1,1
2023-11-24,910dd4da-7489-440e-b6b9-be526ba7737d,76,80,156,29,17,46,105,97,202,1,22
2023-11-24,9118e408-579a-4eea-aafa-cbb640b546ed,1,0,1,0,1,1,1,1,2,1,2
2023-11-24,912e7f2d-fec6-4578-8b7c-36becf5a52e4,13,31,44,0,1,1,13,32,45,1,4
2023-11-24,915533d1-cee3-40e8-b94b-1f8688912d60,151,233,384,7,3,10,158,236,394,1,15
2023-11-24,9163c95f-39bb-4e21-bebe-294afc5c35b8,10,11,21,0,0,0,10,11,21,1,3
2023-11-24,917634a6-66eb-4fb8-b6f0-f4523e042c41,2,3,5,0,0,0,2,3,5,1,1
2023-11-24,91854687-4323-4fa9-a3c3-fc40f03167ff,9,15,24,0,1,1,9,16,25,1,1
2023-11-24,9197c25a-536c-4175-862f-4ab38eb762cf,298,271,569,18,3,21,316,274,590,1,9
2023-11-24,91b35c13-e9a1-4683-9536-0a639e3e795c,20,18,38,0,0,0,20,18,38,1,1
2023-11-24,91cbdaad-7a9a-44bb-a5ab-4e4aa3c73a9c,31,34,65,307,27,334,338,61,399,1,9
2023-11-24,91deb0de-4c53-48ff-a544-68b7931d98f8,10,13,23,0,2,2,10,15,25,1,4
2023-11-24,92062733-5d53-4b72-82e7-fc17a5b9e42c,1,0,1,0,1,1,1,1,2,1,1
2023-11-24,9229a5c1-79ea-4f14-ab12-8dbba0c42b5f,338,314,652,36,9,45,374,323,697,1,10
2023-11-24,922f9287-cab5-4e77-a5ec-550e78ff35c6,6,6,12,0,0,0,6,6,12,1,1
2023-11-24,926234c6-9125-44e5-9f62-5c9e82d887f9,0,0,0,142,0,142,142,0,142,1,1
2023-11-24,9268997e-b845-4f1c-b7d1-b3e36211a934,2,6,8,2,1,3,4,7,11,1,4
2023-11-24,928ad87f-fcc3-4b1a-b398-c3ceb75d864e,26,35,61,11,1,12,37,36,73,1,15
2023-11-24,929566e2-b8e5-4a79-b76b-d08eb555e779,28,29,57,5,3,8,33,32,65,1,5
2023-11-24,92b5fda2-9ef4-48f3-b159-bf6ca9700335,3,1,4,8,1,9,11,2,13,1,4
2023-11-24,92cd8f82-1d82-4446-aa20-9f0b216f5537,1,0,1,0,0,0,1,0,1,1,1
2023-11-24,92ed9821-fb5f-46c4-892a-ed53d5b5dbde,5,5,10,20,3,23,25,8,33,1,4
2023-11-24,93013d5b-27f1-4450-9efd-a20f8e93bec7,1,2,3,0,0,0,1,2,3,1,1
2023-11-24,933f0ede-1e36-450d-8b9f-d0bbefa60bb3,27,35,62,6,0,6,33,35,68,1,4
2023-11-24,9348c645-1bcc-4892-a3d2-b77a7f5d2b32,5,13,18,0,0,0,5,13,18,1,2
2023-11-24,934ee4bb-3959-4505-9866-19782a32c398,0,0,0,1,0,1,1,0,1,1,1
2023-11-24,935d18c7-3299-443c-91b4-db7b51ee78f7,19,14,33,0,3,3,19,17,36,1,1
2023-11-24,938ac523-82b6-489c-85c3-3f339e01764d,13,23,36,0,0,0,13,23,36,1,3
2023-11-24,93a05107-0eed-4cc1-948e-6a11a3b7cfba,0,0,0,1,0,1,1,0,1,1,1
2023-11-24,93aca29b-c84f-4b39-8972-06ec439002de,25,26,51,10,1,11,35,27,62,1,6
2023-11-24,93b5d72a-5210-4700-ab25-6206d7f82a67,4,6,10,1,1,2,5,7,12,1,2
2023-11-24,93e03b05-2a49-470b-8d03-6e27c9ff73fc,3,3,6,1,0,1,4,3,7,1,2
2023-11-24,93ea38ce-1ea8-467b-9c54-0b2e55e73c7b,1,3,4,0,2,2,1,5,6,1,1
2023-11-24,93f0db84-a042-42f4-96a3-e761e2a3d727,19,9,28,3,0,3,22,9,31,1,13
2023-11-24,93fa9246-feea-4163-9c2f-af7ecd66851b,31,60,91,6,4,10,37,64,101,1,6
2023-11-24,94132bf1-9bf8-4256-84b5-64bc38b503e8,29,41,70,8,8,16,37,49,86,1,5
2023-11-24,9423f4de-ac00-4a62-8235-a97c5d297604,21,24,45,9,6,15,30,30,60,1,6
2023-11-24,9453a0fc-41a8-4748-94ee-933c398e55b3,2,0,2,0,0,0,2,0,2,1,1
2023-11-24,94649058-ab99-41de-a0a0-4a516e3ff00c,8,7,15,0,0,0,8,7,15,1,2
2023-11-24,946d6673-1304-4935-84a2-d74cc862792d,1,2,3,68,21,89,69,23,92,1,3
2023-11-24,947d33ce-9dc1-45f5-afde-59ebd64468a5,57,55,112,62,42,104,119,97,216,1,10
2023-11-24,94a9b948-89c6-4251-ad81-8c276f755903,3,0,3,0,0,0,3,0,3,1,3
2023-11-24,94b73770-75bf-4d3c-9dad-6e84a1ccc01c,14,19,33,3,0,3,17,19,36,1,5
2023-11-24,94c70ffa-579e-439f-8f69-65e4ef09cbfa,6,3,9,3,2,5,9,5,14,1,4
2023-11-24,94d2b14d-27cd-45b7-854d-6abe1645cf72,156,189,345,0,2,2,156,191,347,1,5
2023-11-24,94e91c21-9606-4b62-9c5c-e10e3388b651,1,0,1,4,0,4,5,0,5,1,3
2023-11-24,9506bb8d-2b33-4737-b084-f45ccf5c5232,0,1,1,0,0,0,0,1,1,1,1
2023-11-24,951296dd-c1df-4fa6-b7c2-8e997b8c4d9f,16,25,41,6,0,6,22,25,47,1,4
2023-11-24,953541ae-b56b-4965-8d67-a21a52f85d05,4,1,5,55,1,56,59,2,61,1,3
2023-11-24,955590fd-822a-44ad-a91a-41a8e8d5271a,1,0,1,0,0,0,1,0,1,1,1
2023-11-24,95992c84-785e-47a9-897d-e1cc9c3b306c,22,28,50,1,4,5,23,32,55,1,5
2023-11-24,95b05670-282b-4981-a613-f017c40aa736,1,20,21,0,0,0,1,20,21,1,3
2023-11-24,95c4dff9-4709-4c99-aeaa-ca68dc6d1d71,0,0,0,4,1,5,4,1,5,1,2
2023-11-24,95dea624-d2ec-48da-a395-2315d1f583d6,10,7,17,55,21,76,65,28,93,1,4
2023-11-24,9601436e-b495-445f-b89b-659cc9c1a7ed,19,5,24,4,0,4,23,5,28,1,5
2023-11-24,961ff7f0-0da0-46af-9fc0-5c1aa12232bd,127,144,271,4,4,8,131,148,279,1,6
2023-11-24,96393530-dd54-4ff1-98e3-cd963a62f9b4,1,0,1,33,0,33,34,0,34,1,4
2023-11-24,964120a0-4d7e-4679-8d8a-bf5a55055234,205,206,411,195,109,304,400,315,715,1,7
2023-11-24,965f16a9-8245-4eb3-966e-8f0ce9f7652f,100,106,206,189,9,198,289,115,404,1,10
2023-11-24,967a771c-ffd1-489d-857d-38fddecc8f49,2,0,2,0,0,0,2,0,2,1,2
2023-11-24,96869c3f-8a5f-468b-b875-67a6d51a84d4,3,5,8,1,0,1,4,5,9,1,1
2023-11-24,96a66bba-cf47-45a5-adb3-c3c9728dd9f2,7,5,12,0,0,0,7,5,12,1,2
2023-11-24,96c3cd1b-ce2f-4a92-bc07-5f30ecd70796,4,8,12,1,0,1,5,8,13,1,4
2023-11-24,96d45eae-8c87-414f-b676-fc5280d73307,2,1,3,1,0,1,3,1,4,1,2
2023-11-24,96e8e2a2-aeec-4127-bee4-52bedaeb205e,73,102,175,28,21,49,101,123,224,1,12
2023-11-24,970b75a5-d7c9-424e-825d-d7af4fa87a8d,14,18,32,1,2,3,15,20,35,1,5
2023-11-24,972a85bd-8802-47bf-b882-446c644284a5,1,1,2,0,0,0,1,1,2,1,2
2023-11-24,973fabc0-5ec6-4388-a9c7-d4da65768b5e,4,5,9,0,0,0,4,5,9,1,2
2023-11-24,974b08ce-df7e-44c8-906f-ea21657ea802,0,0,0,1,0,1,1,0,1,1,1
2023-11-24,976566e2-a575-42b5-af79-ed3c50052864,39,11,50,5,3,8,44,14,58,1,4
2023-11-24,97836f93-a93d-4bb0-abcb-02f8757de691,2,7,9,0,0,0,2,7,9,1,2
2023-11-24,97969e3f-725d-418c-90bf-39a4f0e6aca9,345,332,677,6,12,18,351,344,695,1,4
2023-11-24,97b55c8e-ac4f-4fec-8437-a59a8af939b8,21,19,40,25,30,55,46,49,95,1,9
2023-11-24,97d185ab-911b-4ba1-aa43-5cd30593930b,0,1,1,0,0,0,0,1,1,1,1
2023-11-24,97df4122-fa05-4a4b-a748-d5fc0ab4e5ca,15,22,37,6,3,9,21,25,46,1,10
2023-11-24,97ff5e8a-b0b6-4fab-936e-e646df22ffee,185,165,350,19,12,31,204,177,381,1,8
2023-11-24,981a7aa1-9105-4a90-a858-84a6e3610749,20,16,36,1,0,1,21,16,37,1,6
2023-11-24,9831e61a-55cc-4fe7-abfa-03634419d292,0,0,0,1,0,1,1,0,1,1,1
2023-11-24,98421f77-dab2-4f14-959f-8d2f60763d58,46,79,125,13,9,22,59,88,147,1,12
2023-11-24,986e2403-b98d-4fd3-a85b-f4d49216fa75,76,64,140,23,7,30,99,71,170,1,17
2023-11-24,9886029c-3959-4221-92e6-69fafbe713e1,1,1,2,0,0,0,1,1,2,1,2
2023-11-24,98b0e0b6-5052-4d6a-9320-62825021a36e,86,70,156,11,1,12,97,71,168,1,3
2023-11-24,98c1f320-3691-4eb7-b365-6d28579b5d30,1,1,2,0,1,1,1,2,3,1,2
2023-11-24,98c9cb32-d2d8-4280-9f4a-6b63a3070c48,21,13,34,5,0,5,26,13,39,1,6
2023-11-24,98dbdd8d-eecc-4d79-9352-7197e908334a,31,35,66,6,23,29,37,58,95,1,7
2023-11-24,98ec3f6e-906a-4ffa-ae7c-f1fc7fba9056,75,104,179,0,0,0,75,104,179,1,2
2023-11-24,990c55fa-5698-4877-b454-d3ffbcfe4716,21,13,34,33,5,38,54,18,72,1,6
2023-11-24,99403467-eb17-4dda-9ed8-05550da7660a,1,4,5,0,4,4,1,8,9,1,4
2023-11-24,9963f486-2bd4-4714-8718-a609da430d21,9,9,18,3,2,5,12,11,23,1,6
2023-11-24,998050bb-61af-48f6-84f0-5e0ba8b3f1d7,18,16,34,8,4,12,26,20,46,1,6
2023-11-24,999ae4c4-bc27-4744-980b-567e0f46bc31,223,220,443,155,40,195,378,260,638,1,6
2023-11-24,99b8337d-5bfa-4100-a635-d21f553d4a33,5,5,10,0,0,0,5,5,10,1,2
2023-11-24,99bd8d7a-360e-44c2-88a2-54f5a4857983,15,21,36,6,1,7,21,22,43,1,3
2023-11-24,99daeac9-e409-4ae5-9e6f-bfb377e85273,16,25,41,44,0,44,60,25,85,1,6
2023-11-24,99eee6f9-5613-4dba-87be-b2768ff85dd7,2,2,4,0,0,0,2,2,4,1,2
2023-11-24,9a105a91-0b58-47d7-a8ec-b282a572d540,3,0,3,1,0,1,4,0,4,1,3
2023-11-24,9a2c4ad5-8b4f-493d-935a-8bd9d38bd281,37,56,93,2,0,2,39,56,95,1,5
2023-11-24,9a3a8094-2204-49df-aee7-ec649767d0d1,13,11,24,0,1,1,13,12,25,1,4
2023-11-24,9a46632e-06b4-4f44-b43f-66c123346e56,0,0,0,1,0,1,1,0,1,1,1
2023-11-24,9a70ff4a-f23d-4d4b-9bbb-594101b8831b,14,7,21,0,0,0,14,7,21,1,4
2023-11-24,9a839b0b-44cc-4ce9-85e0-f0b94a8572b4,1,0,1,0,0,0,1,0,1,1,1
2023-11-24,9a9aa7af-ae14-412b-ba58-22446e4ea69f,73,72,145,22,13,35,95,85,180,1,8
2023-11-24,9abd0b34-e770-44ea-a1bc-66a86b76fc1d,66,55,121,291,3,294,357,58,415,1,7
2023-11-24,9acf110e-4062-46a8-b6f4-d59f7d3f545f,12,18,30,0,1,1,12,19,31,1,4
2023-11-24,9ae0bcd8-1d74-4b56-9b95-462fb97db2d4,3,1,4,165,0,165,168,1,169,1,4
2023-11-24,9b03a59b-e2f6-4f11-a3ed-ba0ad887f934,11,16,27,46,4,50,57,20,77,1,9
2023-11-24,9b0e5e73-0072-41e4-890e-058494fa2267,40,36,76,0,0,0,40,36,76,1,8
2023-11-24,9b199a16-4afc-4688-ad0d-be9df08c4fbe,42,68,110,41,2,43,83,70,153,1,6
2023-11-24,9b26f90e-70c3-4680-9f64-90bd79651069,6,2,8,1,1,2,7,3,10,1,5
2023-11-24,9b3e7eb2-0cb9-435c-9d93-a4a32295b994,428,408,836,0,0,0,428,408,836,1,9
2023-11-24,9b4e1ccf-7761-452e-a37b-21c31b071866,251,212,463,3,0,3,254,212,466,1,11
2023-11-24,9b69c98f-ec8e-441d-aede-f977b966e01f,264,349,613,43,30,73,307,379,686,1,7
2023-11-24,9b7b64ca-ead1-4ae4-af3e-ec2edee3ce08,0,1,1,0,0,0,0,1,1,1,1
2023-11-24,9b834965-fc02-4cae-9404-0757ddfd4031,59,55,114,6,0,6,65,55,120,1,5
2023-11-24,9b9707d5-f98e-4607-99e4-07d94bfe1b8a,5,6,11,1,0,1,6,6,12,1,3
2023-11-24,9babe2f3-a7d6-4a28-ad0b-c09c8eb8ca1e,0,0,0,72,0,72,72,0,72,1,3
2023-11-24,9bbc84f4-a7fa-46f6-a507-c7faf1c4033f,15,15,30,12,23,35,27,38,65,1,9
2023-11-24,9bdc532e-3d35-4361-87dd-9ef8dddc74d7,3,0,3,0,0,0,3,0,3,1,3
2023-11-24,9be73ad0-d4d3-4c42-bbbb-21a78a8088e4,1,0,1,4,0,4,5,0,5,1,2
2023-11-24,9bf98ce9-0119-4bf0-9146-955d51318a96,6,1,7,4,13,17,10,14,24,1,4
2023-11-24,9c0d3809-f598-44bd-85fb-334541514f71,3,2,5,34,14,48,37,16,53,1,4
2023-11-24,9c31811d-6763-47df-bda2-430c3adc047f,11,8,19,0,0,0,11,8,19,1,5
2023-11-24,9c577f64-d70f-4de1-80c0-d88280da0891,11,26,37,26,1,27,37,27,64,1,4
2023-11-24,9c722582-7038-4dc3-8b9b-bf9f714a9297,28,14,42,47,23,70,75,37,112,1,5
2023-11-24,9c8fc546-6553-4987-a950-bf68679a9675,11,13,24,1,12,13,12,25,37,1,6
2023-11-24,9cb495ed-08ca-488a-9a4a-f692b03f87ed,2,3,5,1,0,1,3,3,6,1,1
2023-11-24,9ccc870c-d259-4c31-b786-af6bdf791a1a,3,5,8,0,0,0,3,5,8,1,2
2023-11-24,9ce0bff4-ad19-421e-acfe-f8477d0ba596,112,123,235,8,1,9,120,124,244,1,9
2023-11-24,9ce95191-1e73-4f33-9f09-fd5de4044435,9,8,17,25,0,25,34,8,42,1,4
2023-11-24,9cf9616b-8bbf-4352-bc5e-7880749bcfa1,8,3,11,2,2,4,10,5,15,1,5
2023-11-24,9d003307-af7f-4d0b-9187-5c5206b50530,12,6,18,7,9,16,19,15,34,1,9
2023-11-24,9d2101fc-f530-431e-bc15-561e6cf77a05,2,0,2,0,0,0,2,0,2,1,1
2023-11-24,9d2fc2de-7b84-4c9f-a55d-13de68d39897,50,49,99,20,4,24,70,53,123,1,13
2023-11-24,9d526299-e7c9-4f30-8473-3362c484f70d,2,4,6,1,0,1,3,4,7,1,1
2023-11-24,9d5686a8-3ed3-405a-9239-93a20a58ef95,2,3,5,0,0,0,2,3,5,1,2
2023-11-24,9d6787c3-fbcd-4263-ae0c-fbe6d915db22,3,4,7,0,0,0,3,4,7,1,4
2023-11-24,9d82ba08-9748-43ca-aa23-bb9a3444ba4f,2,3,5,3,0,3,5,3,8,1,3
2023-11-24,9d9bab77-ce56-473b-a6ac-90f3b3bb97bb,1,3,4,1,0,1,2,3,5,1,1
2023-11-24,9dabb6c7-faf7-4b7a-be18-7fd7484f8a36,42,26,68,3,0,3,45,26,71,1,17
2023-11-24,9dc2518c-b3d4-49d0-9d9d-48c89257991d,16,28,44,3,1,4,19,29,48,1,3
2023-11-24,9dd0242d-dc58-4f26-bfdd-2ac8545f266d,0,0,0,1,1,2,1,1,2,1,2
2023-11-24,9df51a81-a264-4d7c-9433-09a90c7a0029,8,3,11,3,1,4,11,4,15,1,5
2023-11-24,9dfeac3a-5904-4d63-ae3c-eac4229f19a5,1,4,5,0,0,0,1,4,5,1,2
2023-11-24,9e2a53c2-4abc-4bbc-8124-d96f311716c7,12,9,21,0,0,0,12,9,21,1,4
2023-11-24,9e3c9466-3782-49cf-8f4d-15ecbbaecf66,0,0,0,1,0,1,1,0,1,1,1
2023-11-24,9e4dfa28-b22f-4aff-816f-b449ac6b3d49,4,0,4,0,0,0,4,0,4,1,4
2023-11-24,9e6d6b4e-2c13-453e-b055-c774ed8a7661,11,15,26,0,2,2,11,17,28,1,5
2023-11-24,9e877258-b772-4be4-bd95-56a91f8662d6,45,56,101,1,1,2,46,57,103,1,5
2023-11-24,9ea3ae0e-2dd8-4492-bc96-442dc94bf4a6,4,4,8,1,0,1,5,4,9,1,2
2023-11-24,9ed9a0dd-9303-415e-bf61-f8d8c37ac428,0,1,1,0,0,0,0,1,1,1,1
2023-11-24,9ee766c0-bcbb-4bf7-938f-4442eeab2441,4,2,6,0,0,0,4,2,6,1,1
2023-11-24,9efb0e2e-d54d-4aae-bc50-8b70f2d2cf41,8,10,18,0,0,0,8,10,18,1,4
2023-11-24,9f0fe005-e48b-46f3-9868-2557f236163c,68,62,130,6,2,8,74,64,138,1,7
2023-11-24,9f2c57cf-68c2-434f-99d4-3e5dd3a2ed01,0,2,2,0,1,1,0,3,3,1,2
2023-11-24,9f3d42ad-9409-4305-924d-e9b166c0de12,2,3,5,28,5,33,30,8,38,1,7
2023-11-24,9f46bacd-7151-4a58-aa6c-673b458cdb6d,1,1,2,14,1,15,15,2,17,1,2
2023-11-24,9f7e765b-100b-4677-916c-bf91713090fc,3,1,4,0,0,0,3,1,4,1,2
2023-11-24,9f9424a3-8a1d-4b2a-9b69-617e4453aa2a,82,80,162,14,4,18,96,84,180,1,4
2023-11-24,9faff794-0100-42ac-ac1d-79a5d1c067a5,18,28,46,0,0,0,18,28,46,1,5
2023-11-24,9fc01984-d9b2-4987-af57-242de7d84ac3,0,3,3,0,0,0,0,3,3,1,1
2023-11-24,9fce595f-d7f9-436f-a578-5bb2f7c9f234,1,2,3,0,0,0,1,2,3,1,3
2023-11-24,a0052ab8-2254-4d96-8f7a-48c5331d42d3,15,12,27,61,2,63,76,14,90,1,5
2023-11-24,a02612ef-4366-41ee-aeb9-094f9821689d,4,9,13,0,0,0,4,9,13,1,2
2023-11-24,a03a9c15-3d8d-4d78-a743-5d869a18e98b,3,1,4,0,0,0,3,1,4,1,2
2023-11-24,a068c14f-7a1a-40f5-9087-9a729abbe98f,2,2,4,25,29,54,27,31,58,1,3
2023-11-24,a092ea23-7ad5-441b-86fd-96c68da95b8a,2,1,3,0,0,0,2,1,3,1,1
2023-11-24,a0c2e29a-e242-47ab-beb6-ba4f1b002ae3,1,1,2,0,0,0,1,1,2,1,1
2023-11-24,a0d84490-c770-4456-b83d-e45cd16bc991,450,399,849,82,35,117,532,434,966,1,7
2023-11-24,a0ed0ce3-7205-40e2-9990-0ae117089403,5,4,9,0,0,0,5,4,9,1,5
2023-11-24,a11b3067-da0c-40a1-bae6-d5f79842344d,7,10,17,73,17,90,80,27,107,1,4
2023-11-24,a13d74a6-50aa-42ec-8046-ffffa3dc7590,5,9,14,11,14,25,16,23,39,1,4
2023-11-24,a15cb811-1987-4f12-8c1f-7333ad1f604e,4,0,4,1,0,1,5,0,5,1,1
2023-11-24,a16c4f99-6b05-45f8-bfdb-f792d6e532ad,5,3,8,1,2,3,6,5,11,1,3
2023-11-24,a17b5f79-4e33-4ce5-87d6-fa1231ae6077,1,5,6,0,0,0,1,5,6,1,3
2023-11-24,a188263b-9b50-4a1e-b7e9-406a6e5a5aea,36,35,71,2,3,5,38,38,76,1,5
2023-11-24,a1b03ea4-5616-49ac-b5e6-3768d2fe2a0f,66,90,156,7,7,14,73,97,170,1,10
2023-11-24,a1c6a50f-1a79-4629-8b2d-312fd2711ddb,1,0,1,0,0,0,1,0,1,1,1
2023-11-24,a1d358a0-7262-46de-9331-b037f67c922b,49,58,107,0,0,0,49,58,107,1,12
2023-11-24,a1f7adad-fdc0-4f52-a14e-6a8ccbe37936,0,1,1,0,0,0,0,1,1,1,1
2023-11-24,a2065a2f-40dd-402a-b9b8-f21250fc66e0,185,279,464,13,11,24,198,290,488,1,17
2023-11-24,a2162203-fee7-46bb-9b8b-5065f5bcb9c2,2,0,2,7,0,7,9,0,9,1,3
2023-11-24,a24865c5-9391-4689-b840-dfc722c28719,2,0,2,0,0,0,2,0,2,1,2
2023-11-24,a26b3540-4fcb-43ac-b832-666aa884633d,35,43,78,46,23,69,81,66,147,1,7
2023-11-24,a283aa87-7436-44f2-8feb-cdc8e04c3d70,29,37,66,20,12,32,49,49,98,1,7
2023-11-24,a29e86d9-c690-4a62-b7ec-b4975e4d3889,77,43,120,0,1,1,77,44,121,1,1
2023-11-24,a2c32378-55ee-4c9d-bfc1-3de30c5a6dbe,8,11,19,13,0,13,21,11,32,1,4
2023-11-24,a2e67392-18ae-4f67-83de-ddfc7471f3d6,19,11,30,0,0,0,19,11,30,1,3
2023-11-24,a2f14fab-92f8-4d4a-b127-cb79265df916,11,9,20,3,0,3,14,9,23,1,6
2023-11-24,a30ca394-e386-4ea2-a8e5-1853f9fe3cda,1,0,1,0,0,0,1,0,1,1,1
2023-11-24,a32dd994-28c6-4408-84b5-dbdf7162b61e,14,3,17,4,0,4,18,3,21,1,10
2023-11-24,a3324d8b-82c7-4359-8687-438ed85e8c55,14,19,33,1,0,1,15,19,34,1,6
2023-11-24,a3562374-061f-4c84-8843-8256992ebd18,70,66,136,6,5,11,76,71,147,1,10
2023-11-24,a378980a-f531-486e-95d1-3729848c6575,0,1,1,0,0,0,0,1,1,1,1
2023-11-24,a388339b-54b2-486f-accf-7e6522b625e5,49,58,107,10,4,14,59,62,121,1,11
2023-11-24,a398b547-fd85-4d7f-828c-eae0a2889fab,43,34,77,12,5,17,55,39,94,1,10
2023-11-24,a3ac683b-7619-4cfa-b292-52370883cb33,1,0,1,0,0,0,1,0,1,1,1
2023-11-24,a3f93f85-174e-42c2-aef4-05fa87b5d9df,2,2,4,0,7,7,2,9,11,1,3
2023-11-24,a43a4e8b-3963-4f25-ae25-b5c85bbf0efb,2,2,4,0,0,0,2,2,4,1,1
2023-11-24,a4553fc1-d5bd-4ee6-9d66-65d4675b6698,17,25,42,68,9,77,85,34,119,1,3
2023-11-24,a473446f-3347-471b-a70a-0e8edfb3751d,0,2,2,1,0,1,1,2,3,1,2
2023-11-24,a4845fb5-9e12-40ba-904d-1d8fa805a0b3,1,0,1,0,1,1,1,1,2,1,1
2023-11-24,a4a2cf3d-ce59-49c3-a6c5-76cd68f06dc1,27,31,58,7,6,13,34,37,71,1,7
2023-11-24,a4b4e099-1637-41d8-b914-e4aba3238434,1,0,1,0,0,0,1,0,1,1,1
2023-11-24,a4e0fe88-b895-4cea-9aed-9685d03b44aa,3,0,3,4,0,4,7,0,7,1,4
2023-11-24,a4eefcde-c220-49ba-8b7f-c189fda502fd,1,0,1,0,0,0,1,0,1,1,1
2023-11-24,a503a30a-a89a-4274-bb75-8fd0d035adfe,6,5,11,0,0,0,6,5,11,1,1
2023-11-24,a52705e8-5daa-4bc2-897d-1f6148fa7014,9,9,18,0,4,4,9,13,22,1,5
2023-11-24,a53d4faa-5fe4-4c7c-85da-2f63640a3824,1,1,2,0,0,0,1,1,2,1,2
2023-11-24,a56131da-428a-4603-a466-006f3c9606e9,30,41,71,7,7,14,37,48,85,1,7
2023-11-24,a589d2e8-579f-4e28-8db9-b8c024e16dd7,23,24,47,10,0,10,33,24,57,1,5
2023-11-24,a5a51fbf-efcf-442f-b332-6defae8144c5,45,26,71,4,0,4,49,26,75,1,9
2023-11-24,a5c3b795-856c-4591-abc0-40a1ed8499ee,80,70,150,38,3,41,118,73,191,1,7
2023-11-24,a5cfb418-a6f2-4940-801d-7934dc14fcfa,2,6,8,3,3,6,5,9,14,1,4
2023-11-24,a5f7eda0-b57f-4ff7-8b00-a31f96ccdcba,24,18,42,1,1,2,25,19,44,1,9
2023-11-24,a60a2db2-81ba-4a80-aa37-b17631ffb109,1,6,7,0,0,0,1,6,7,1,2
2023-11-24,a62636e6-29d6-412e-b4df-76905e351b0c,72,40,112,11,0,11,83,40,123,1,3
2023-11-24,a6461b98-8aa7-43ab-87d6-e088b613ce4b,26,21,47,8,4,12,34,25,59,1,2
2023-11-24,a6597d39-a38d-4168-974e-03426d3e4855,16,22,38,0,1,1,16,23,39,1,2
2023-11-24,a66f0e58-1bd7-4d46-96a4-899e36731200,0,2,2,0,0,0,0,2,2,1,2
2023-11-24,a684e25e-b2bf-455a-8d80-07cad6127af5,7,6,13,0,4,4,7,10,17,1,2
2023-11-24,a69ddb3b-f2b6-43c5-9db0-1227b36ecd45,31,30,61,0,1,1,31,31,62,1,7
2023-11-24,a6ac0f01-eb0b-4d32-87ca-12f534d8b1de,2,0,2,36,4,40,38,4,42,1,5
2023-11-24,a6c09420-3b05-4c6b-9182-dcd58d2aa257,5,5,10,1,0,1,6,5,11,1,2
2023-11-24,a6e66d6b-8b53-4c5f-8b78-e058dcce846b,27,26,53,0,0,0,27,26,53,1,3
2023-11-24,a7090c49-73f9-4c47-8914-dbfc7d6a5128,0,0,0,2,0,2,2,0,2,1,1
2023-11-24,a7200b09-12fd-4d98-8913-f1ab92ef763b,34,28,62,4,0,4,38,28,66,1,6
2023-11-24,a72d7988-5b42-4a7d-b5c3-7b8af985e01f,1,2,3,0,0,0,1,2,3,1,1
2023-11-24,a744981d-45c8-44fe-a3e6-6f940b3bb128,22,59,81,0,0,0,22,59,81,1,1
2023-11-24,a759c6b0-a62e-461f-9d62-a1af4d333e60,3,0,3,0,0,0,3,0,3,1,1
2023-11-24,a7716bb2-952d-4e44-b7c9-9691c92fac64,8,1,9,0,2,2,8,3,11,1,2
2023-11-24,a78083d5-6ade-4ba9-9e6e-fd10ac3ba9b8,1,1,2,4,1,5,5,2,7,1,3
2023-11-24,a79a2a13-8b0d-46eb-9e4a-cea91b630d1c,11,7,18,1,0,1,12,7,19,1,2
2023-11-24,a7b4ccb1-367a-4948-8358-412822efb1d5,6,4,10,1,0,1,7,4,11,1,5
2023-11-24,a7c1c65a-60aa-4d01-a305-ec8c8bed690a,2,2,4,82,2,84,84,4,88,1,4
2023-11-24,a7d5d9ad-80a9-49c1-8ec0-a3f89fbc1672,3,1,4,0,0,0,3,1,4,1,1
2023-11-24,a7e0a438-f7a0-426a-b696-7eea395f7862,21,31,52,47,43,90,68,74,142,1,6
2023-11-24,a7ea0b6f-e859-41cc-9a90-a2218c5030aa,9,13,22,0,0,0,9,13,22,1,3
2023-11-24,a8063ddd-5ffe-4a5b-8d7e-b53a39e1938c,59,92,151,7,0,7,66,92,158,1,9
2023-11-24,a8482151-55da-40a6-8f66-29f27cbc7147,1,1,2,0,0,0,1,1,2,1,1
2023-11-24,a85ea283-d91d-4a87-a8d6-811bcc056c3e,10,10,20,7,10,17,17,20,37,1,8
2023-11-24,a86af597-dbf5-4d8f-b2b1-1f2afcc572ee,3,5,8,0,0,0,3,5,8,1,2
2023-11-24,a885f1a3-7be0-4305-9733-40cb4985d0e9,34,27,61,4,1,5,38,28,66,1,5
2023-11-24,a8999833-1c5d-4a0a-871c-78e5c9f10fdb,4,3,7,0,0,0,4,3,7,1,3
2023-11-24,a8b76fad-c8ad-490d-afff-7aee565322bc,0,0,0,15,5,20,15,5,20,1,2
2023-11-24,a8e08be3-3281-49e8-9621-75328a5b8951,10,27,37,2,3,5,12,30,42,1,5
2023-11-24,a8f6b240-94c7-49e1-a29c-a63d102a8eca,5,3,8,0,0,0,5,3,8,1,1
2023-11-24,a90ccd64-e751-409e-b49b-be4c9505b7e3,38,44,82,2,2,4,40,46,86,1,8
2023-11-24,a9259eb9-46fa-40ff-a13f-4cf9f89ae5a9,11,0,11,0,0,0,11,0,11,1,2
2023-11-24,a92dc346-dcb7-432b-bf56-1c7ec3312f2d,16,12,28,3,1,4,19,13,32,1,3
2023-11-24,a93a7eb0-ddf3-4afc-9ad9-9b981defb81b,4,1,5,0,0,0,4,1,5,1,1
2023-11-24,a957ce15-7165-4fb4-b5b0-250920c13b93,5,4,9,6,1,7,11,5,16,1,6
2023-11-24,a96f08d5-bdbd-4afa-b53a-af3649e3293f,4,7,11,2,5,7,6,12,18,1,3
2023-11-24,a97ce575-cc6e-4633-aed5-0bcf48dedaa2,4,0,4,5,0,5,9,0,9,1,4
2023-11-24,a996c285-280a-454b-880b-51102c4b53aa,18,11,29,1,0,1,19,11,30,1,6
2023-11-24,a9a59d42-d4f8-4b65-ab12-168f86a5f411,127,124,251,8,2,10,135,126,261,1,10
2023-11-24,a9c00a88-d074-46ce-940b-ff407db783d4,4,3,7,3,3,6,7,6,13,1,3
2023-11-24,a9cb7b6e-603d-4a0d-95f0-0f24e0d9ee75,5,6,11,1,0,1,6,6,12,1,5
2023-11-24,a9fa99b1-c183-4db5-81bc-f88a8fc4f2db,110,74,184,100,22,122,210,96,306,1,7
2023-11-24,aa12e76a-67b2-4c5c-8961-4cfc02196146,1,0,1,6,1,7,7,1,8,1,4
2023-11-24,aa25b6e5-e8b1-45a2-ad5c-6df28276db36,3,3,6,0,2,2,3,5,8,1,2
2023-11-24,aa3956b4-9817-424e-8103-8172cf5bd96d,7,13,20,2,1,3,9,14,23,1,5
2023-11-24,aa687400-8e7e-40e8-822a-78191c6a0480,36,21,57,0,0,0,36,21,57,1,2
2023-11-24,aa841c73-08fb-46cc-8f0c-380a579d3226,21,19,40,0,0,0,21,19,40,1,6
2023-11-24,aa99c188-973c-4137-a6a2-7be28e593f22,0,0,0,1,0,1,1,0,1,1,1
2023-11-24,aab2458d-f39b-41cf-9f7e-d6a5a7fe488a,2,1,3,1,0,1,3,1,4,1,3
2023-11-24,aadb8d4b-0293-486c-9c65-cb050acad277,22,5,27,4,0,4,26,5,31,1,17
2023-11-24,aaebc62a-77a0-4eab-aead-85a90628bae4,20,23,43,3,0,3,23,23,46,1,7
2023-11-24,ab126929-7436-444c-b9f7-5c011cba224a,22,13,35,0,0,0,22,13,35,1,3
2023-11-24,ab21e056-3bd9-4df4-91f3-bcf68b0cb6a7,1,1,2,0,0,0,1,1,2,1,1
2023-11-24,ab33388e-d252-4a24-9d32-f798ef3d51e8,8,8,16,0,0,0,8,8,16,1,2
2023-11-24,ab480b62-d87b-4849-9a3c-45feed860639,1,2,3,83,58,141,84,60,144,1,3
2023-11-24,ab68ebf2-3904-42b7-866b-27ed097b2415,1,0,1,7,0,7,8,0,8,1,2
2023-11-24,ab745e57-1a62-4022-8564-6ed263ce928e,21,25,46,0,0,0,21,25,46,1,6
2023-11-24,ab873d1e-824a-466a-8ec7-e5d7839aeb77,1,0,1,25,0,25,26,0,26,1,2
2023-11-24,abae81e5-299e-4e38-8bab-3113a87091c0,131,169,300,7,8,15,138,177,315,1,7
2023-11-24,abb6a2c4-7701-4e8e-8a0e-ae62ea43e094,0,2,2,10,0,10,10,2,12,1,3
2023-11-24,abc7fd92-c79e-4cdd-aef7-dec2ea09bd99,2,0,2,3,0,3,5,0,5,1,3
2023-11-24,abda2c62-bb5b-4fe0-b546-0a83c10151ec,13,14,27,1,4,5,14,18,32,1,5
2023-11-24,abfb26ce-26ab-4a19-bc80-0ac208068c4f,1,1,2,0,0,0,1,1,2,1,2
2023-11-24,ac052396-ca4e-4759-89b3-e05e86d4f287,179,180,359,21,8,29,200,188,388,1,8
2023-11-24,ac39002a-afdf-40f6-9e63-98a45ccf635f,1,0,1,0,0,0,1,0,1,1,1
2023-11-24,ac4f762d-a6c9-4b10-8602-b966d34348a8,15,15,30,25,5,30,40,20,60,1,6
2023-11-24,ac532039-5628-40f7-9aa0-1e9b765f4faa,65,51,116,5,2,7,70,53,123,1,6
2023-11-24,ac6f479f-70d8-4185-a6b6-64d96ae984ca,13,18,31,1,0,1,14,18,32,1,3
2023-11-24,ac84966f-cd29-44e5-8a60-71af3d2059a2,48,96,144,8,6,14,56,102,158,1,2
2023-11-24,ac972f4a-4f0e-4e83-9a81-051770540c20,1,0,1,0,1,1,1,1,2,1,2
2023-11-24,aca8ecd1-01cf-4f62-8a0d-7d219c5b713d,7,4,11,7,2,9,14,6,20,1,4
2023-11-24,acc8e34b-6dc9-4b24-9689-11bf90e8a63c,9,6,15,1,0,1,10,6,16,1,3
2023-11-24,acd7ff3c-217d-452d-b862-8ffb6ac7cf2f,65,88,153,1,1,2,66,89,155,1,6
2023-11-24,ace96bfa-7fb6-4cfc-b86e-754a76b749b3,1,0,1,0,0,0,1,0,1,1,1
2023-11-24,ad0bca0c-4ee0-49cf-931f-5656b3ff2ed1,4,6,10,5,0,5,9,6,15,1,2
2023-11-24,ad399f97-8db6-4e16-ae6b-f8937cc994eb,6,7,13,2,0,2,8,7,15,1,6
2023-11-24,ad4d5d94-51b1-4487-ba09-cabfd167e4cd,2,3,5,0,0,0,2,3,5,1,2
2023-11-24,ad7916de-1979-47ec-a748-920c5f76de04,224,292,516,72,41,113,296,333,629,1,13
2023-11-24,ad912022-cce3-4cd9-b10b-9c2a5e794e29,12,15,27,0,0,0,12,15,27,1,2
2023-11-24,adb74b2c-db35-4f1c-bf22-181718d29169,16,30,46,3,1,4,19,31,50,1,6
2023-11-24,adfb5b5e-9c72-4763-9bb2-c51f6fb6cc4c,1,0,1,7,0,7,8,0,8,1,3
2023-11-24,ae1a2eea-f37f-453d-a00e-2d88b2a2fb47,9,13,22,0,1,1,9,14,23,1,4
2023-11-24,ae280910-6920-4fe5-b249-cdd6e74bd7be,39,54,93,4,3,7,43,57,100,1,1
2023-11-24,ae719651-57f2-4ac0-b43c-26fec91673c9,10,8,18,1,2,3,11,10,21,1,5
2023-11-24,ae86a77a-fdc7-46f3-bf51-631cc3a163e8,0,1,1,0,0,0,0,1,1,1,1
2023-11-24,aea38a29-8cc4-43ff-9bdd-2ace3aa4ea9d,0,0,0,31,0,31,31,0,31,1,3
2023-11-24,aebf2dbc-fb4c-4362-9b6f-5d9c4b3bee66,5,2,7,0,3,3,5,5,10,1,2
2023-11-24,aed1d532-e7f3-485a-bcb9-2e0a297f2ec3,9,7,16,2,2,4,11,9,20,1,3
2023-11-24,aef116a6-2ea4-448d-8003-b812e1a8f56e,1,0,1,0,0,0,1,0,1,1,1
2023-11-24,af10437a-2dea-487a-8976-7bb3e0dc5fea,59,45,104,0,0,0,59,45,104,1,2
2023-11-24,af1dd538-b6ac-4ac9-a753-3f79fb2182b0,3,5,8,1,0,1,4,5,9,1,3
2023-11-24,af2a5970-0778-49a5-8f58-a7320b45b9c8,1,1,2,4,2,6,5,3,8,1,2
2023-11-24,af3e0a84-4bf9-496d-a694-9312002e7e48,1,1,2,7,2,9,8,3,11,1,2
2023-11-24,af453c99-fff8-477b-bd77-dcbe26f430bf,3,0,3,0,0,0,3,0,3,1,1
2023-11-24,af8b3db0-8171-4d9e-98ae-3503b54a016a,13,9,22,59,1,60,72,10,82,1,3
2023-11-24,afa793f6-3736-488f-9730-8e49d0b140cf,19,18,37,112,32,144,131,50,181,1,7
2023-11-24,afc7e940-b169-460f-994e-ef6684a757e2,2,4,6,8,1,9,10,5,15,1,5
2023-11-24,afcfa7d4-a60c-4d4c-8eb1-80c3c8694186,0,0,0,0,1,1,0,1,1,1,1
2023-11-24,afe682ae-a419-4d8c-9792-a244ac5c2e5d,3,3,6,12,4,16,15,7,22,1,4
2023-11-24,b00b481b-b246-4211-9d18-0e932d6ebf50,145,202,347,210,59,269,355,261,616,1,15
2023-11-24,b01818af-f231-445e-adc5-4e20d1193426,8,7,15,340,52,392,348,59,407,1,3
2023-11-24,b027f54a-f3f9-4f7b-a224-47b8be4f0b7e,7,5,12,0,0,0,7,5,12,1,4
2023-11-24,b0329f62-bf6a-47d5-8b21-748c2994c942,3,3,6,0,0,0,3,3,6,1,2
2023-11-24,b048f4a1-7dae-4c4a-ad31-37effb428644,10,17,27,2,3,5,12,20,32,1,4
2023-11-24,b05eb503-11ed-4954-8323-b0f86158a097,3,3,6,0,0,0,3,3,6,1,2
2023-11-24,b07022ce-f5f2-4e8f-9dcf-2238535dad75,40,28,68,117,17,134,157,45,202,1,6
2023-11-24,b08155d9-06d0-4ef4-a390-9ce5cf5dd187,30,26,56,1,0,1,31,26,57,1,2
2023-11-24,b0962a89-07c5-4b84-b52d-ae8b73810a04,29,45,74,0,2,2,29,47,76,1,3
2023-11-24,b0aa22a1-3b3b-4efb-9000-060524ac183a,1,5,6,1,0,1,2,5,7,1,2
2023-11-24,b0bccfef-4ad5-48b6-9d45-59c95409d0fe,43,43,86,162,13,175,205,56,261,1,10
2023-11-24,b0cf8516-403c-4c29-bf46-80fe682ca4a0,8,9,17,5,0,5,13,9,22,1,3
2023-11-24,b0e92b24-a1ce-462c-b306-735eb320cc85,5,3,8,1,1,2,6,4,10,1,1
2023-11-24,b113d3b5-7054-45cd-ba07-db8f36a4c850,45,84,129,1,5,6,46,89,135,1,5
2023-11-24,b125d2ca-4937-426c-866e-146661ef992c,13,14,27,0,4,4,13,18,31,1,3
2023-11-24,b14fe90f-3434-40be-a634-ec3c9d0ae28c,137,118,255,10,3,13,147,121,268,1,11
2023-11-24,b1603e27-f122-4282-81c3-2e37f36dd200,6,4,10,0,0,0,6,4,10,1,2
2023-11-24,b1779dec-129b-4a11-b86c-d43a59603fe3,8,11,19,2,3,5,10,14,24,1,3
2023-11-24,b18323cd-987d-4230-89c0-3dbce4c8daa6,3,5,8,0,1,1,3,6,9,1,4
2023-11-24,b1ab3ee1-8eed-4c22-9463-8fd13a709e63,12,11,23,2,0,2,14,11,25,1,7
2023-11-24,b1c77821-a4b4-453f-8d5e-cc919f694225,1,0,1,0,0,0,1,0,1,1,1
2023-11-24,b1d09be0-93ea-475d-bcc5-03eda856fbf2,0,0,0,2,0,2,2,0,2,1,1
2023-11-24,b1db624e-7159-4db9-8802-cc62dee8d331,85,66,151,12,7,19,97,73,170,1,12
2023-11-24,b2000755-0d3c-4bc2-ac24-3bcdac6ca979,0,0,0,3,0,3,3,0,3,1,1
2023-11-24,b2152dd9-baab-470b-9c38-4a194cf33b85,94,113,207,8,17,25,102,130,232,1,7
2023-11-24,b225ca4c-d161-4b2a-b942-736c2b970fb0,1,0,1,2,0,2,3,0,3,1,2
2023-11-24,b250ae03-bf7e-4cc7-8e25-4f7b2669d252,3,6,9,0,0,0,3,6,9,1,2
2023-11-24,b279d8e5-2c41-44f0-9cce-90fc7c50343a,34,57,91,7,9,16,41,66,107,1,6
2023-11-24,b2868b80-8d48-4e05-8614-ee4f466afef8,2,1,3,36,1,37,38,2,40,1,5
2023-11-24,b29aa517-6a41-4e00-b7c7-2fa589718d07,5,1,6,0,0,0,5,1,6,1,2
2023-11-24,b2d4bd00-3f0e-49cc-b6b0-6e39cbec07b3,20,22,42,0,0,0,20,22,42,1,10
2023-11-24,b2e61f54-74a9-44b3-9d02-1163a97267b0,6,3,9,16,2,18,22,5,27,1,6
2023-11-24,b2fffbff-0eaa-402c-9ffe-ac2861231468,7,10,17,0,0,0,7,10,17,1,2
2023-11-24,b30c285a-952b-43ce-91d5-828c0e8795a9,14,7,21,0,0,0,14,7,21,1,2
2023-11-24,b3323c5a-8da9-42ef-adb0-f6aec97be03f,14,9,23,0,0,0,14,9,23,1,4
2023-11-24,b34b263b-19f6-48e6-995f-7c104592c63a,3,4,7,0,0,0,3,4,7,1,3
2023-11-24,b3578537-11e4-4ec1-8ea6-b26b832c4b42,1,2,3,0,0,0,1,2,3,1,2
2023-11-24,b365afe6-9d4f-4b5b-b55d-a644293a7035,7,10,17,0,2,2,7,12,19,1,3
2023-11-24,b391ce7d-59f0-41b6-a2c0-a6ae07872e70,197,190,387,6,9,15,203,199,402,1,7
2023-11-24,b3976d4c-3b71-421d-b74b-8c7b18f1af28,30,37,67,1,0,1,31,37,68,1,3
2023-11-24,b39f5cbf-105d-4f2b-b789-049b53538d5e,0,0,0,1,0,1,1,0,1,1,1
2023-11-24,b3a67110-2268-4c17-a6ad-f4521fb2d988,3,7,10,0,0,0,3,7,10,1,2
2023-11-24,b3b39d1b-c6d1-4394-9161-29e2f6a36452,29,74,103,0,11,11,29,85,114,1,8
2023-11-24,b3c22391-4bc8-4ae0-8996-b2bfa450f8db,9,2,11,40,1,41,49,3,52,1,6
2023-11-24,b3d81ab2-2847-43ee-bedb-985f5a04d5e1,41,45,86,20,15,35,61,60,121,1,8
2023-11-24,b40a32d4-5e18-44db-825b-22ee716d0ae4,3,0,3,0,0,0,3,0,3,1,3
2023-11-24,b429cc81-add8-4fd5-941c-d835b2d4b363,6,6,12,3,0,3,9,6,15,1,2
2023-11-24,b436f0cb-6942-418d-be0a-99b04d1debad,1,0,1,8,0,8,9,0,9,1,2
2023-11-24,b43e1bd8-cd51-4254-974e-c1ceb91c9839,41,41,82,2,5,7,43,46,89,1,5
2023-11-24,b44dec72-7de3-4dd8-9691-3a6400999369,1,0,1,0,0,0,1,0,1,1,1
2023-11-24,b47822ff-5546-41ac-b9cf-c4a847776b61,4,0,4,3,0,3,7,0,7,1,3
2023-11-24,b487e34b-cd24-4d2c-918b-008bdcfbd11e,39,44,83,4,5,9,43,49,92,1,9
2023-11-24,b49b486f-ca7b-405a-a408-dab9cd00e8d2,0,1,1,7,0,7,7,1,8,1,2
2023-11-24,b4e5c3dd-ea4e-453f-ab84-1d8bd3606f17,28,28,56,5,3,8,33,31,64,1,2
2023-11-24,b4f48b95-0636-40ff-977c-23c08e2d98e0,17,26,43,114,6,120,131,32,163,1,5
2023-11-24,b51186e2-ea24-4714-aefd-261369333a6a,19,44,63,162,105,267,181,149,330,1,6
2023-11-24,b53767cc-bfd1-4bb7-8274-108892670600,0,0,0,5,0,5,5,0,5,1,1
2023-11-24,b5578cd5-a32f-4fd5-ad4d-52384f1726cb,49,51,100,2,0,2,51,51,102,1,10
2023-11-24,b5616e64-9da3-4f61-ae09-07bd22cb3daa,270,436,706,3,1,4,273,437,710,1,1
2023-11-24,b57511a0-1e25-4983-93e1-40a5c6ad53a2,1,0,1,0,0,0,1,0,1,1,1
2023-11-24,b58e1227-aa7b-45ee-9701-03007e6e4f43,22,37,59,1,0,1,23,37,60,1,4
2023-11-24,b5c24b54-6e5a-4896-bd60-d4126f30bc12,13,12,25,82,9,91,95,21,116,1,5
2023-11-24,b5cfa82f-664d-4fda-9e6f-c77b33299862,10,6,16,1,0,1,11,6,17,1,5
2023-11-24,b5e6aca8-6b95-4ec1-bf26-0c1272e26459,18,16,34,98,65,163,116,81,197,1,3
2023-11-24,b6150a1c-052f-4297-b697-7a67115380b2,0,0,0,1,1,2,1,1,2,1,1
2023-11-24,b6238f2f-f31a-4412-9979-3391d8ce4a65,10,15,25,5,4,9,15,19,34,1,4
2023-11-24,b63d5c3a-8dc5-4fdf-b2c4-8c733717423d,1,1,2,0,0,0,1,1,2,1,1
2023-11-24,b65f7404-fe1d-4287-84aa-ce6c807ec04c,17,22,39,0,0,0,17,22,39,1,2
2023-11-24,b68014a7-3142-45ec-88e9-018cf5ae0af1,307,428,735,0,6,6,307,434,741,1,4
2023-11-24,b6992e5b-8787-4c24-8a07-a2ad8f508d0b,3,1,4,4,2,6,7,3,10,1,4
2023-11-24,b6ad61f4-0806-43ec-a8ad-24a8ac6360a4,6,8,14,4,1,5,10,9,19,1,6
2023-11-24,b6bb309b-bd7e-4553-a42c-b3a1a7f0e0f3,10,14,24,22,22,44,32,36,68,1,4
2023-11-24,b6e4c156-6d6b-4654-af29-68c3195f7970,171,148,319,6,3,9,177,151,328,1,6
2023-11-24,b705a890-6ab5-496d-819e-c071fe146f35,5,8,13,0,0,0,5,8,13,1,2
2023-11-24,b7183adf-cde1-48a6-a3dd-bc1cb76e5041,2,2,4,48,6,54,50,8,58,1,5
2023-11-24,b7370e20-b379-4b8d-b16f-92e8007ee69d,7,0,7,0,0,0,7,0,7,1,6
2023-11-24,b7424c2b-3c3e-4805-b129-1498fc211ff3,100,69,169,12,7,19,112,76,188,1,4
2023-11-24,b75e3c53-3514-47e1-b329-50197478e3fa,1,0,1,0,0,0,1,0,1,1,1
2023-11-24,b772c5d5-b3b5-466f-9d6e-f0ac4309152b,7,15,22,3,0,3,10,15,25,1,2
2023-11-24,b796286d-4a0b-4d06-b2a4-97d03c68c8b6,4,0,4,0,0,0,4,0,4,1,3
2023-11-24,b7ae681c-c783-4c62-80e7-9cbf24f9e52d,3,2,5,0,0,0,3,2,5,1,1
2023-11-24,b7bf450a-5ffe-4b31-baac-d6cff352526d,10,10,20,18,29,47,28,39,67,1,6
2023-11-24,b7da6a44-f40b-4e49-9510-5cd339b84807,15,16,31,5,0,5,20,16,36,1,4
2023-11-24,b8238061-6f22-4149-b937-2481ab523442,20,11,31,33,5,38,53,16,69,1,3
2023-11-24,b83af322-b62e-414e-b8d4-540675623101,0,3,3,1,0,1,1,3,4,1,4
2023-11-24,b85c4eda-3809-4194-8de1-64f2277142bb,1,4,5,0,0,0,1,4,5,1,2
2023-11-24,b88b3e13-fbe8-44a4-9713-b7a4a16324d3,27,33,60,16,6,22,43,39,82,1,6
2023-11-24,b89902e7-d7b5-459d-8091-32719cda53a1,19,16,35,7,7,14,26,23,49,1,6
2023-11-24,b8b4d49d-0283-495b-9f98-d12f257f1eaa,64,56,120,5,2,7,69,58,127,1,8
2023-11-24,b8dc849e-6110-443e-939b-2104504ee511,1,2,3,1,0,1,2,2,4,1,1
2023-11-24,b8f9b330-6415-415b-b492-f5573c44c836,111,100,211,4,4,8,115,104,219,1,10
2023-11-24,b9157be6-2249-4752-b1ea-2f2c9606064d,2,0,2,55,20,75,57,20,77,1,3
2023-11-24,b941042c-4887-43e0-b88c-2e966d614996,57,55,112,26,16,42,83,71,154,1,10
2023-11-24,b95b5e80-5083-414f-aed4-68b3d1ad9826,74,132,206,163,15,178,237,147,384,1,32
2023-11-24,b971ec9e-161c-4601-b64f-6142af8b76cd,8,19,27,9,3,12,17,22,39,1,4
2023-11-24,b986aa68-0735-49f0-b6b6-9d7c418ab154,2,0,2,0,0,0,2,0,2,1,2
2023-11-24,b9ab4843-00f6-4bc1-a4b9-3cfbf6d670c3,3,2,5,0,0,0,3,2,5,1,2
2023-11-24,b9c6d7c9-1ef0-4e7c-8be9-0ee01ef4e4e9,9,22,31,5,2,7,14,24,38,1,8
2023-11-24,b9d8162b-106d-454c-9403-4762dba56559,41,37,78,10,6,16,51,43,94,1,3
2023-11-24,b9eaf440-753e-4f23-9d92-085e4e88fe03,103,149,252,52,66,118,155,215,370,1,18
2023-11-24,ba0badf5-f371-4837-9df3-42b2398ae1f9,25,22,47,0,0,0,25,22,47,1,6
2023-11-24,ba27859d-f589-479b-bdf3-0abb4ba74409,15,13,28,0,0,0,15,13,28,1,5
2023-11-24,ba3e1935-1e5f-41fc-8930-fc506b6e8aae,17,13,30,14,6,20,31,19,50,1,7
2023-11-24,ba5ad88c-cbf4-4123-bbf8-1c0f13720654,7,11,18,3,0,3,10,11,21,1,5
2023-11-24,ba7f7188-146a-4afe-86d9-04ca3e822e6b,1,0,1,0,0,0,1,0,1,1,1
2023-11-24,ba8a01bd-decc-4d10-8c26-c3b4a65b1f90,0,1,1,0,1,1,0,2,2,1,1
2023-11-24,baa66df5-6cd0-41cd-827f-95a2f9adfb43,0,3,3,0,0,0,0,3,3,1,2
2023-11-24,baaeab69-0058-40ef-8658-405c7bc9a121,11,15,26,121,107,228,132,122,254,1,8
2023-11-24,bacb789a-b8b0-43c1-ab99-35f82c522108,4,5,9,28,13,41,32,18,50,1,4
2023-11-24,bae5f3b4-5b55-4fe4-8a04-e0fa836d2f7f,10,21,31,45,21,66,55,42,97,1,7
2023-11-24,bb0c6e6b-ba3b-4077-a1d3-a2ea3e709b96,140,145,285,140,44,184,280,189,469,1,9
2023-11-24,bb2e67bd-2d03-461e-9686-a51f89803551,23,66,89,278,6,284,301,72,373,1,11
2023-11-24,bb63a51e-179f-4efc-8ae9-39a8c20ae887,574,569,1143,252,142,394,826,711,1537,1,16
2023-11-24,bb9d1b1b-da8f-4a6a-b8ef-956e52a7690e,17,28,45,8,6,14,25,34,59,1,8
2023-11-24,bbae6e7e-ba27-4744-9e9a-5ba4cd23f696,13,10,23,2,0,2,15,10,25,1,5
2023-11-24,bbb871bf-a269-428f-9a72-0f7b17ab8adb,9,12,21,56,39,95,65,51,116,1,8
2023-11-24,bbc1e22f-7683-4f20-98d5-0cbc6e71a627,4,4,8,35,1,36,39,5,44,1,5
2023-11-24,bbd2161b-305c-4a25-b3c4-d4c47a539245,0,1,1,0,0,0,0,1,1,1,1
2023-11-24,bbed60e4-3350-4328-9432-af4c1168a90c,6,7,13,1,3,4,7,10,17,1,4
2023-11-24,bc1944e4-8eef-4a6f-996b-2bde1970b87a,140,125,265,48,20,68,188,145,333,1,13
2023-11-24,bc34c0da-017a-44f2-8d7c-900b871546ed,2,0,2,0,0,0,2,0,2,1,2
2023-11-24,bc483043-a068-4e97-9f06-cd29d761f62a,9,8,17,8,11,19,17,19,36,1,4
2023-11-24,bc600d5f-e603-48d5-a4d5-bb051e761fb7,149,134,283,64,19,83,213,153,366,1,8
2023-11-24,bc7e1fd6-7a46-4c47-ba13-1fc55b8a8074,6,2,8,7,1,8,13,3,16,1,3
2023-11-24,bc941e9c-62d1-4028-9f90-e26e9b9b1fd5,38,28,66,14,12,26,52,40,92,1,4
2023-11-24,bcab52d0-337b-465c-aa9f-22defae8389a,2,1,3,0,0,0,2,1,3,1,2
2023-11-24,bcd5bcba-082c-4f1c-895b-d41e777a69b2,0,0,0,1,0,1,1,0,1,1,1
2023-11-24,bce8c17f-3c14-45b2-8487-dc42aa670d2c,8,7,15,1,1,2,9,8,17,1,6
2023-11-24,bcfe8106-a4f4-40dc-b8a3-4fc3ae1f8b0b,6,5,11,0,0,0,6,5,11,1,2
2023-11-24,bd197246-fb0b-406b-a5f7-bf40243358a5,33,18,51,8,3,11,41,21,62,1,7
2023-11-24,bd27a5ef-0aea-4fb2-8b5b-480bce0fa5ed,11,12,23,2,1,3,13,13,26,1,3
2023-11-24,bd355966-5dac-46cc-8eb1-db7fbf8316ea,12,8,20,0,0,0,12,8,20,1,4
2023-11-24,bd4c694e-3d9a-4ff1-bb73-80a552fd6ec4,7,21,28,0,7,7,7,28,35,1,5
2023-11-24,bd73b85f-c53f-41b4-becb-365f5353d884,27,32,59,2,3,5,29,35,64,1,6
2023-11-24,bd83e0a8-be7a-4780-8b26-332e8992811d,4,9,13,0,2,2,4,11,15,1,2
2023-11-24,bd938065-3b44-4ab8-9e10-4bcc231f47c1,9,17,26,4,10,14,13,27,40,1,2
2023-11-24,bdbdecb7-5fd5-47f8-bfd4-d7b726239bf4,37,40,77,2,1,3,39,41,80,1,10
2023-11-24,bdd2f7de-8d1b-4451-918c-46724ce0f0b4,71,69,140,38,10,48,109,79,188,1,8
2023-11-24,bde2bea1-3d57-4542-aff3-e68fc55a1033,1,0,1,0,0,0,1,0,1,1,1
2023-11-24,be041120-9feb-44d4-979c-f50afd9d0684,5,2,7,1,0,1,6,2,8,1,3
2023-11-24,be362977-4d29-49e2-8b7a-18319f3ae9d9,16,25,41,0,8,8,16,33,49,1,3
2023-11-24,be482c51-8fd0-4e77-b082-267f6d96ce94,11,14,25,2,0,2,13,14,27,1,5
2023-11-24,be622fa3-03b5-4688-8ad9-6aeffa992cde,12,18,30,2,0,2,14,18,32,1,7
2023-11-24,be96e904-7be0-43be-954f-cc3312b62ff1,1,0,1,1,0,1,2,0,2,1,2
2023-11-24,beaa4fe8-bc88-4d81-912f-2d02094b35c7,8,12,20,3,1,4,11,13,24,1,5
2023-11-24,bebf4b35-0ef6-4dd8-89f5-e6ea1601af2e,8,8,16,11,3,14,19,11,30,1,4
2023-11-24,bed3a0be-ca1f-4c09-b9db-5cb2ba1829e7,0,0,0,2,0,2,2,0,2,1,1
2023-11-24,bef8cfd3-62c7-4485-93b7-56fbdf2d0026,4,4,8,33,4,37,37,8,45,1,4
2023-11-24,bf11e448-b586-49de-b7ce-f785b1924a2a,90,115,205,4,3,7,94,118,212,1,4
2023-11-24,bf2266a5-c127-406c-928b-f7d8f76dda0f,1,3,4,0,0,0,1,3,4,1,2
2023-11-24,bf352705-5307-4d37-a43b-23c2cd8f0aaa,24,75,99,277,128,405,301,203,504,1,9
2023-11-24,bf53ce8a-2b4b-4929-8688-d8e75c0f82ba,110,93,203,13,15,28,123,108,231,1,3
2023-11-24,bf5abacb-1185-421d-8906-edf62ba88021,0,0,0,0,2,2,0,2,2,1,1
2023-11-24,bf78d44b-86bc-4de0-b7eb-90ffc6f1a8f3,1,4,5,2,0,2,3,4,7,1,2
2023-11-24,bf86213d-4e9b-4602-af34-9292420b6b11,27,13,40,1,0,1,28,13,41,1,2
2023-11-24,bfa6c9d9-cddd-463d-9a89-18438b6edd60,4,1,5,5,1,6,9,2,11,1,4
2023-11-24,bfbd8161-20a2-4c2d-9125-2de01bd6a1d1,5,7,12,1,0,1,6,7,13,1,2
2023-11-24,bfdd69d1-f7b8-4919-b9a3-9fb9cd74d9e8,3,4,7,1,0,1,4,4,8,1,2
2023-11-24,bfe83ef6-526f-4406-b924-d2c8e6d213ff,9,11,20,0,0,0,9,11,20,1,2
2023-11-24,bfef0734-fe29-45e3-bbec-7dd4f655b6f9,25,17,42,1,0,1,26,17,43,1,5
2023-11-24,c00d35d3-57da-42fb-8664-738da595ed64,34,31,65,6,1,7,40,32,72,1,7
2023-11-24,c026ff6f-f813-4a6c-8e5e-e4655fa06f18,32,28,60,6,14,20,38,42,80,1,12
2023-11-24,c0882766-0050-46c4-9df0-ef9bcf811a94,5,9,14,1,3,4,6,12,18,1,2
2023-11-24,c09fc0ab-639c-4d48-bfe2-6cb3e2c7a797,60,63,123,3,1,4,63,64,127,1,3
2023-11-24,c0b83ce7-7a35-4b34-b124-9c42ea085f9c,200,187,387,16,0,16,216,187,403,1,5
2023-11-24,c0d1c65f-e971-4dcd-b84e-0797e094d347,35,38,73,17,1,18,52,39,91,1,2
2023-11-24,c0ed9a27-9c5c-4d17-a0da-7fa55e9926bc,1,0,1,0,0,0,1,0,1,1,1
2023-11-24,c0fc9b67-29db-4e2c-b0dc-df2ed339277a,7,2,9,0,0,0,7,2,9,1,3
2023-11-24,c10ee022-d0eb-4c2c-9cf7-076e3ed8f32f,7,9,16,0,1,1,7,10,17,1,3
2023-11-24,c99077f9-b348-457f-ba99-2eeedb839192,2,1,3,0,0,0,2,1,3,1,1
2023-11-24,c9a61ffd-2f93-4a31-bfd3-52e2b732dadf,183,211,394,7,11,18,190,222,412,1,13
2023-11-24,c9c0b0b6-bb3a-4caa-9da6-2de57aa2ae53,7,10,17,53,30,83,60,40,100,1,4
2023-11-24,c9e0bbc5-4df6-4d4e-b9ef-a2b1946cbe45,2,0,2,105,9,114,107,9,116,1,6
2023-11-24,c9ebcd85-8929-4612-9131-f27cd0778d45,3,2,5,14,2,16,17,4,21,1,4
2023-11-24,ca0771c2-b499-41f0-98fe-701abeeae62a,3,4,7,0,0,0,3,4,7,1,2
2023-11-24,ca10b9cb-c6ee-49ed-8b52-f1ef5f7544c1,1,1,2,0,0,0,1,1,2,1,1
2023-11-24,ca23028d-95b7-4493-8964-f97ada4b6121,34,34,68,0,0,0,34,34,68,1,5
2023-11-24,ca3feb37-ca19-43bf-a59f-4b13fc66467e,33,32,65,4,0,4,37,32,69,1,7
2023-11-24,ca4f7025-ba69-40c2-8ebb-4e81405ffb69,103,109,212,39,13,52,142,122,264,1,9
2023-11-24,ca63d6d7-1672-469a-96c5-0a62e8622834,44,53,97,0,3,3,44,56,100,1,8
2023-11-24,ca6f7eec-045c-454d-95c9-3f388953d541,244,347,591,23,47,70,267,394,661,1,4
2023-11-24,ca8ba6b9-e79d-49da-bf79-2b670a071912,107,167,274,40,14,54,147,181,328,1,16
2023-11-24,cab5ea49-9ae9-46b9-b657-ee5dcd4a1372,18,16,34,3,8,11,21,24,45,1,3
2023-11-24,cac8e215-881e-4422-9230-e63a5305560a,105,87,192,8,2,10,113,89,202,1,9
2023-11-24,cad99c37-9142-4908-b295-792d6711aa94,0,1,1,0,0,0,0,1,1,1,1
2023-11-24,cb00f725-648e-4649-a436-0adee363ae96,1,4,5,0,0,0,1,4,5,1,2
2023-11-24,cb18dc21-413e-46c3-891a-327541fc3f6e,1,1,2,0,1,1,1,2,3,1,1
2023-11-24,cb3d5af3-7a23-41ea-a50b-fc4079484c19,64,69,133,2,0,2,66,69,135,1,7
2023-11-24,cb6e362f-dee4-4108-a7c6-f068a0910199,1,1,2,0,0,0,1,1,2,1,2
2023-11-24,cb80c9b2-ac5a-4e92-b6f5-408affc3f1b7,76,49,125,18,10,28,94,59,153,1,11
2023-11-24,cb93cbf2-f12a-42f7-ae7a-03c39bea74fb,85,87,172,0,3,3,85,90,175,1,9
2023-11-24,cbb69b41-b54f-44fd-ae69-371213b631c6,9,6,15,1,1,2,10,7,17,1,6
2023-11-24,cbd2569f-084c-4522-82a6-508caba8a99b,10,9,19,38,1,39,48,10,58,1,6
2023-11-24,cbf36a42-d4e7-40b7-84c9-02a0db0996c1,15,14,29,0,0,0,15,14,29,1,6
2023-11-24,cc03dfeb-e12f-47a4-b494-52c51be11534,0,1,1,2,0,2,2,1,3,1,1
2023-11-24,cc11fab0-0257-47e1-8cc4-8f78e4ac8ab4,4,0,4,0,0,0,4,0,4,1,2
2023-11-24,cc2635d4-9175-43c2-badb-23f27e08e1d4,1,4,5,0,0,0,1,4,5,1,2
2023-11-24,cc35392e-16fb-4c89-a4c3-0179c68a8299,3,2,5,1,0,1,4,2,6,1,2
2023-11-24,cc5d2dcb-a51a-4c22-bb24-ddf11916d4a9,10,10,20,39,5,44,49,15,64,1,5
2023-11-24,cc747685-60da-4d2b-a4b3-27071628fe18,2,2,4,0,0,0,2,2,4,1,1
2023-11-24,cc7dee62-84eb-444f-9e38-ee050d558e17,59,39,98,0,0,0,59,39,98,1,3
2023-11-24,cc9d76ad-7dfe-4315-ab4a-f2df20f17d14,59,77,136,8,33,41,67,110,177,1,9
2023-11-24,ccc5b1ca-b6c9-49db-9540-3de7f330f4a1,18,22,40,0,3,3,18,25,43,1,5
2023-11-24,ccd8bd6b-4a19-4a62-9850-6bd5f56cdb9b,8,0,8,1,0,1,9,0,9,1,7
2023-11-24,ccf5d7ee-9e0d-43b0-bdcf-f62dd4c16ac5,538,611,1149,10,11,21,548,622,1170,1,13
2023-11-24,cd087a08-c941-48e7-bcd6-0f3c3f51f957,3,2,5,1,0,1,4,2,6,1,3
2023-11-24,cd202704-49a6-45f5-b8b7-b0c7e4145e7b,89,106,195,7,10,17,96,116,212,1,16
2023-11-24,cd463e05-5651-4f38-b47b-3c13b0821314,6,6,12,18,6,24,24,12,36,1,2
2023-11-24,cd6084da-76df-4e3d-9cca-b3b780364c11,15,21,36,1,0,1,16,21,37,1,5
2023-11-24,cd75c505-e8f9-4be4-bd46-a9dd47038e55,6,4,10,0,0,0,6,4,10,1,1
2023-11-24,cd862e1a-da82-4934-8cc0-cf4ef5564097,1,0,1,0,0,0,1,0,1,1,1
2023-11-24,cd9976eb-1857-4895-b341-b025e47396c1,4,8,12,38,19,57,42,27,69,1,12
2023-11-24,cdab02f1-b448-42ca-9379-82a456b96d67,39,25,64,10,6,16,49,31,80,1,5
2023-11-24,cdca1c90-8982-4588-b506-76a33c025415,0,0,0,7,0,7,7,0,7,1,1
2023-11-24,cde145a2-0cde-449a-9309-a275cafc4a7f,1,0,1,0,0,0,1,0,1,1,1
2023-11-24,cdfe8335-68fc-408f-9bde-13dcd02672c1,3,4,7,0,0,0,3,4,7,1,2
2023-11-24,ce1a3d91-7439-4dbf-b303-c8a08ea00a4b,19,14,33,10,1,11,29,15,44,1,6
2023-11-24,ce244680-160c-4708-a5a5-3c61e750c4f8,2,3,5,0,0,0,2,3,5,1,1
2023-11-24,ce39ecaf-5290-4c36-a33e-da8a9c9de985,4,10,14,1,2,3,5,12,17,1,4
2023-11-24,ce5751cf-ab37-4b6e-88a0-680477828288,6,8,14,15,1,16,21,9,30,1,4
2023-11-24,ce798797-0f85-4f91-950f-bf8f2f6572f5,6,3,9,0,4,4,6,7,13,1,2
2023-11-24,ce8f082e-b2fb-4cc7-b656-7ef379ce9a03,10,9,19,1,0,1,11,9,20,1,3
2023-11-24,cebda94a-2317-460b-bf33-e47bd26f8bec,109,101,210,0,0,0,109,101,210,1,1
2023-11-24,cee3048b-f448-4ac4-9570-3aaf7d32c0b4,2,3,5,1,0,1,3,3,6,1,1
2023-11-24,cefc8be2-1c03-47c9-b6c2-ea65d5533467,7,14,21,0,0,0,7,14,21,1,2
2023-11-24,cf0d9c95-ce5e-4f07-b72f-3ba026e0a2c3,40,52,92,3,4,7,43,56,99,1,4
2023-11-24,cf1e8d90-3dc4-47d1-837c-17420d4b43c4,0,0,0,17,0,17,17,0,17,1,1
2023-11-24,cf252a45-8391-45a9-9f5d-47821dbc312f,53,65,118,21,11,32,74,76,150,1,8
2023-11-24,cf41fcc5-af93-481d-84cb-ccbe0b30c08b,0,0,0,1,0,1,1,0,1,1,1
2023-11-24,cf66c028-29e7-45bd-a2f4-51646ec2af4b,10,35,45,0,6,6,10,41,51,1,6
2023-11-24,cf6b9052-f9e7-4195-b1aa-c6459779f7a1,40,73,113,0,0,0,40,73,113,1,2
2023-11-24,cf8e7c46-ecaf-4484-becf-252ee6719d61,1,0,1,1,0,1,2,0,2,1,2
2023-11-24,cfabac43-7571-4bf3-865f-746d347decaf,2,8,10,0,0,0,2,8,10,1,3
2023-11-24,cfd886f3-8c4b-4108-ba2e-f236e4598a7b,0,0,0,1,0,1,1,0,1,1,1
2023-11-24,cfde4beb-47fb-438a-96c9-a936365ce761,6,4,10,52,10,62,58,14,72,1,3
2023-11-24,cff3465d-d311-4252-8ee5-0398cf2b526a,11,12,23,2,0,2,13,12,25,1,6
2023-11-24,cfffacfe-06c9-47b5-b2cc-66d3310332cb,14,27,41,3,1,4,17,28,45,1,5
2023-11-24,d010dd5f-3be0-4c7f-9c35-0a6d1f4dd1a1,48,48,96,6,2,8,54,50,104,1,8
2023-11-24,d04447d7-933e-4255-a166-d62013eda5d6,118,108,226,1,8,9,119,116,235,1,3
2023-11-24,d05ce9fc-3e23-4853-8978-45345bf5dbbb,381,335,716,16,7,23,397,342,739,1,5
2023-11-24,d06d389e-21ef-4291-ab81-23a6f8c7f6cb,2,1,3,0,0,0,2,1,3,1,1
2023-11-24,d0855fea-ab3b-47ce-a425-72d7897d39b1,59,50,109,0,0,0,59,50,109,1,5
2023-11-24,d09f3be2-0116-4811-b00b-96a13e76ab97,14,15,29,0,0,0,14,15,29,1,4
2023-11-24,d0acaf8e-1010-4a92-bfa0-445084e11c93,95,40,135,2,0,2,97,40,137,1,7
2023-11-24,d0c59da1-9ea9-41c6-8362-a556516066a2,0,0,0,6,0,6,6,0,6,1,1
2023-11-24,d0dd4d1b-416a-42ff-ab2e-94a40bddfbff,2,6,8,11,23,34,13,29,42,1,3
2023-11-24,d0f064b3-432a-437b-92d5-991398ca6088,28,31,59,22,4,26,50,35,85,1,8
2023-11-24,d0fa9543-e403-4149-9528-7fabc669514c,2,3,5,0,0,0,2,3,5,1,1
2023-11-24,d12221e3-d978-4a21-b3d0-fb58f16aff24,3,6,9,4,0,4,7,6,13,1,3
2023-11-24,d136ec31-4bac-487a-9e2f-42e1375c2eb0,10,10,20,12,0,12,22,10,32,1,3
2023-11-24,d15ad1bd-b19c-42dc-9b52-d933062ca65e,91,91,182,110,82,192,201,173,374,1,10
2023-11-24,d173a1a7-0ec6-44ff-abcf-523f5a846514,4,0,4,96,0,96,100,0,100,1,5
2023-11-24,d18cced6-88d2-4dbb-acab-2358baadeb90,27,44,71,7,2,9,34,46,80,1,6
2023-11-24,d19822d6-3ee0-4d93-bb61-cd5e9bd2f474,55,37,92,12,18,30,67,55,122,1,9
2023-11-24,d1ac619c-eb4a-46cf-a93d-2def81a53555,14,14,28,2,4,6,16,18,34,1,3
2023-11-24,d1c27dd8-6dac-4266-aa1c-8dc6cdb63326,62,54,116,5,2,7,67,56,123,1,8
2023-11-24,d1d22a82-ce8d-401d-9e40-c4a481918c10,6,7,13,0,0,0,6,7,13,1,1
2023-11-24,d200a711-50d5-440a-8e19-9cac12682691,7,1,8,0,0,0,7,1,8,1,3
2023-11-24,d225ef1b-7e76-45b6-bd4f-5bcc3a0a2944,6,0,6,0,0,0,6,0,6,1,2
2023-11-24,d249ad0c-50e1-4759-92d6-d0c9025d743b,5,4,9,0,0,0,5,4,9,1,4
2023-11-24,d25b6e1b-3cdc-4e3b-9a51-4890f0074dce,6,7,13,5,0,5,11,7,18,1,2
2023-11-24,d267f7f7-3322-4d75-af9a-9dd4b571e473,71,109,180,1,1,2,72,110,182,1,6
2023-11-24,d2939139-0ddf-458f-b4ce-8b68522e2dbe,9,10,19,0,0,0,9,10,19,1,1
2023-11-24,d29f9741-e83f-4d34-a22a-cd639dc56c68,0,0,0,98,0,98,98,0,98,1,2
2023-11-24,d2b1209f-51e6-436c-92a9-bb279c140c32,34,27,61,28,15,43,62,42,104,1,4
2023-11-24,d2bcc94a-c222-4196-a1d4-10d88789f2ae,0,0,0,35,1,36,35,1,36,1,1
2023-11-24,d2cf2b7b-dafb-4ad1-ae20-95a6cb848e48,1,0,1,0,0,0,1,0,1,1,1
2023-11-24,d2f13101-2615-458c-885e-802e10c33d0b,2,0,2,2,1,3,4,1,5,1,2
2023-11-24,d31e95f3-4eb4-4c02-9efd-84e7368d9bd3,11,11,22,15,4,19,26,15,41,1,7
2023-11-24,d35111b5-2be2-4d98-b7b1-c91e2f23ae61,3,1,4,0,0,0,3,1,4,1,2
2023-11-24,d36ec0eb-cd00-46e1-b933-59ab72bc017a,17,23,40,86,25,111,103,48,151,1,14
2023-11-24,d38867e4-59a4-42c9-a110-022fe34bd210,61,107,168,8,4,12,69,111,180,1,7
2023-11-24,d3cccdbc-3fef-46fb-aa0d-a0d061a6276e,3,6,9,0,0,0,3,6,9,1,3
2023-11-24,d3e3f8cf-cc34-4085-b325-447a129bc626,16,35,51,0,0,0,16,35,51,1,4
2023-11-24,d3f0000c-3dea-4af9-96fd-358c079bb8d5,7,2,9,0,0,0,7,2,9,1,2
2023-11-24,d3fd9431-5373-45a8-bd8a-3f8109208002,69,77,146,0,0,0,69,77,146,1,23
2023-11-24,d430b0f7-b664-4acd-9485-9e90b755a3f0,1,1,2,0,0,0,1,1,2,1,1
2023-11-24,d45cc0d8-b13e-4bf8-b162-86763ec53018,29,33,62,194,14,208,223,47,270,1,6
2023-11-24,d476a282-e466-4a08-bb00-b38ab19b39dd,1,0,1,0,0,0,1,0,1,1,1
2023-11-24,d4935043-395d-4ba1-a286-ab2d021f0c6f,1,1,2,0,0,0,1,1,2,1,1
2023-11-24,d4a6b25d-39f6-4e23-ba4a-ab5af286aa75,4,11,15,7,6,13,11,17,28,1,3
2023-11-24,d4c5d4f3-6242-437d-b866-4d309f2c32bb,57,71,128,11,4,15,68,75,143,1,6
2023-11-24,d4e3c896-3865-4225-8c04-7be82e85f02d,11,5,16,85,3,88,96,8,104,1,4
2023-11-24,d4f07f6f-150b-4d32-9b32-8e838f958d76,16,26,42,0,1,1,16,27,43,1,6
2023-11-24,d5252c26-e28a-414d-9a18-944fb5754e99,65,52,117,2,0,2,67,52,119,1,7
2023-11-24,d53dfca6-aa10-484d-9a50-69f2fa926f45,83,114,197,8,19,27,91,133,224,1,11
2023-11-24,d55d3e5b-1cbd-403f-bbde-368abd38a1d0,21,22,43,0,0,0,21,22,43,1,5
2023-11-24,d596935c-ed48-4103-a088-9a15970515ab,41,50,91,5,7,12,46,57,103,1,6
2023-11-24,d5ad6d39-fca2-489a-980f-246ee683a7b4,94,94,188,26,11,37,120,105,225,1,11
2023-11-24,d5c0ccdf-9784-40c9-8f29-e9782f884aef,1,0,1,155,2,157,156,2,158,1,4
2023-11-24,d5d27bc1-5d3c-4489-a459-8c27a7e21cb1,1,0,1,0,0,0,1,0,1,1,1
2023-11-24,d5fca110-29d6-48dc-86b5-c439b06cbcf1,42,56,98,130,75,205,172,131,303,1,12
2023-11-24,d6213cc6-5c3c-46df-8a69-d34a6cc45f05,56,98,154,4,14,18,60,112,172,1,7
2023-11-24,d62fc583-9a9c-417d-8a5a-728da66a7bbf,30,16,46,0,0,0,30,16,46,1,2
2023-11-24,d64ae80c-34de-418b-b7d7-607b1f7d257e,74,76,150,2,2,4,76,78,154,1,5
2023-11-24,d65fd3ea-d42c-4fae-a06a-2d5ce11affc6,6,8,14,8,0,8,14,8,22,1,4
2023-11-24,d68cb23f-9f0c-4437-acd7-40281f53cd8c,167,172,339,4,1,5,171,173,344,1,23
2023-11-24,d6a44574-7449-4212-9684-db646e730373,5,3,8,12,0,12,17,3,20,1,4
2023-11-24,d6ac1392-caf1-4587-8df8-2d66234a6800,22,25,47,0,0,0,22,25,47,1,5
2023-11-24,d6c308f5-19ba-434e-a361-dfd33789f2da,27,23,50,8,6,14,35,29,64,1,6
2023-11-24,d6d76d38-fbce-4e27-acaf-cbe280810d69,0,0,0,6,0,6,6,0,6,1,1
2023-11-24,d7035945-b9cf-4536-916b-2516b1549bda,10,17,27,1,4,5,11,21,32,1,2
2023-11-24,d719b239-60e4-4399-9d3e-557c259b3850,1,0,1,0,0,0,1,0,1,1,1
2023-11-24,d720e7d5-4805-4719-8cad-b8a4d8e4cc6d,5,4,9,0,0,0,5,4,9,1,2
2023-11-24,d74511d7-44a1-4ea9-bfb5-5bdef0cec99e,53,83,136,1,0,1,54,83,137,1,15
2023-11-24,d759dbb4-257e-47b9-83c1-373b23d70671,0,0,0,4,0,4,4,0,4,1,2
2023-11-24,d7759c30-fb88-4693-9811-a41b3d6444f4,35,54,89,0,0,0,35,54,89,1,3
2023-11-24,d783ac37-5d49-4e50-bd89-88dae305914b,0,0,0,2,0,2,2,0,2,1,1
2023-11-24,d7a23799-3b3a-4882-a898-3432a0f14ede,58,89,147,2,0,2,60,89,149,1,5
2023-11-24,d7bcdd58-6514-43ac-b5cc-fcf11e5fd85a,324,412,736,6,7,13,330,419,749,1,10
2023-11-24,d7ef5407-926c-4d88-afbd-a2b23249dac7,4,2,6,1,0,1,5,2,7,1,3
2023-11-24,d7f81fc0-5118-42ab-8538-1e9617a8a0fa,6,9,15,5,4,9,11,13,24,1,4
2023-11-24,d8053293-3448-4b48-adfa-a2009fe3049f,113,92,205,0,7,7,113,99,212,1,8
2023-11-24,d826f8dd-76a6-48c0-837d-fa21048b7774,21,15,36,1,1,2,22,16,38,1,7
2023-11-24,d841d7e2-66e2-407f-93d6-cb7fd4de5ce0,45,43,88,16,3,19,61,46,107,1,9
2023-11-24,d8540c13-1ab7-4548-933a-0a2cddefbd4b,16,16,32,0,0,0,16,16,32,1,2
2023-11-24,d871940f-6fb8-4c09-ba12-1d960c525761,10,32,42,2,1,3,12,33,45,1,4
2023-11-24,d8843c64-b799-43a7-b826-cdda69a3e6fd,2,1,3,0,1,1,2,2,4,1,1
2023-11-24,d8998347-5d30-4681-90c6-a132f099d7c3,3,3,6,67,16,83,70,19,89,1,4
2023-11-24,d8ad36e4-a2e2-4584-aadf-9b0befab0b45,8,19,27,12,2,14,20,21,41,1,2
2023-11-24,d8be1515-7e55-492f-a82c-63c709ce0f28,29,30,59,106,7,113,135,37,172,1,6
2023-11-24,d8d7d179-36a1-4e23-af56-bdfccbaca8e7,41,62,103,63,31,94,104,93,197,1,8
2023-11-24,d8e24f91-d336-4658-a1e4-a0bf905a23d3,0,2,2,0,0,0,0,2,2,1,1
2023-11-24,d8eeb796-22ba-4426-857b-903b359ee979,78,72,150,5,4,9,83,76,159,1,10
2023-11-24,d8fd9006-a949-4303-bccc-88022246b788,10,3,13,1,4,5,11,7,18,1,4
2023-11-24,d91039e9-4691-4edf-a6ab-bf22611297be,15,7,22,0,0,0,15,7,22,1,2
2023-11-24,d9402e35-31db-452d-81c1-12a10f747a46,0,3,3,0,0,0,0,3,3,1,2
2023-11-24,d96c2696-d1d7-419e-9372-c5d9bbe64333,17,28,45,13,7,20,30,35,65,1,5
2023-11-24,d978cc38-1fd6-4e6b-9ba9-8f7e185617fd,47,50,97,134,41,175,181,91,272,1,9
2023-11-24,d9926283-c7d5-4331-b5bd-57448abced3e,31,26,57,0,0,0,31,26,57,1,5
2023-11-24,d99fe628-540a-40f7-ab48-517562c2af66,5,6,11,1,1,2,6,7,13,1,3
2023-11-24,d9b1e370-df93-4902-b26b-5b906d78d1ff,20,19,39,6,1,7,26,20,46,1,6
2023-11-24,d9b6d548-f582-41a2-b68e-5a240985581d,28,60,88,2,0,2,30,60,90,1,7
2023-11-24,d9c1cdd5-2f4e-4358-a44a-f2b7cf001c1f,13,10,23,0,0,0,13,10,23,1,2
2023-11-24,d9d80ebf-9bea-4e69-97f7-8905e30c0068,15,16,31,0,2,2,15,18,33,1,5
2023-11-24,d9f16559-c520-4c5d-90cb-cdf02e6df806,36,47,83,8,8,16,44,55,99,1,6
2023-11-24,d9ffae77-ae06-4d82-830a-22057c02e13d,9,33,42,7,1,8,16,34,50,1,4
2023-11-24,da19d101-cca9-4e19-8b82-0a915b399108,3,2,5,2,0,2,5,2,7,1,5
2023-11-24,da2a608b-2551-4657-a331-5ed4564b32e5,61,38,99,2,0,2,63,38,101,1,3
2023-11-24,da510c99-53a9-41f6-a56c-05a707167303,13,14,27,53,22,75,66,36,102,1,9
2023-11-24,da65a653-0ae6-4529-8a7f-5ec67905e67d,16,18,34,3,0,3,19,18,37,1,3
2023-11-24,da77b98c-1399-4318-9277-cc14137645c3,32,31,63,0,0,0,32,31,63,1,1
2023-11-24,da865777-db43-4677-9ddc-95e6cc18573a,24,19,43,4,1,5,28,20,48,1,4
2023-11-24,dab33032-280f-4d02-be7f-f5a921b4d073,9,9,18,0,0,0,9,9,18,1,2
2023-11-24,dacbe142-4257-4342-9004-023bb2502a53,1,1,2,0,0,0,1,1,2,1,1
2023-11-24,dae24005-80b3-458a-aee1-7d1319c93e0f,4,11,15,0,2,2,4,13,17,1,2
2023-11-24,daf5a0f4-ec18-4af9-9e37-4037df0de8e2,8,8,16,0,0,0,8,8,16,1,6
2023-11-24,db110571-f960-46b8-8828-aedf65e58d6a,1,0,1,0,0,0,1,0,1,1,1
2023-11-24,db1c8a72-64dd-43d3-9422-53bd3459f937,17,8,25,19,13,32,36,21,57,1,6
2023-11-24,db316b11-a0a9-4ddb-8caa-14ca8730ea07,113,119,232,13,1,14,126,120,246,1,5
2023-11-24,db4a1d9a-1cb7-4c07-bffa-378bd9db5e5e,6,6,12,21,10,31,27,16,43,1,4
2023-11-24,db637ecf-8cd5-49c1-afa9-986949406d3b,7,4,11,1,0,1,8,4,12,1,1
2023-11-24,db78f64e-4c44-49a2-8806-4d22542be362,1,0,1,0,0,0,1,0,1,1,1
2023-11-24,db974525-5691-4903-8772-45e5ff9adc7e,36,31,67,1,3,4,37,34,71,1,5
2023-11-24,dba98456-ec52-4daa-b866-ffbfe75c223e,19,26,45,14,0,14,33,26,59,1,10
2023-11-24,dbc7277a-4900-4973-9d6d-8a9776db25ae,4,3,7,1,0,1,5,3,8,1,3
2023-11-24,dbdcaaac-361a-47cb-954a-49530dbb8bc3,155,172,327,7,17,24,162,189,351,1,11
2023-11-24,dbf3d42b-e804-43f8-83e0-4490e63db5ed,25,32,57,0,0,0,25,32,57,1,4
2023-11-24,dc13777e-f2d3-4998-84cb-49d08d684683,1,0,1,716,1,717,717,1,718,1,7
2023-11-24,dc2afa3d-b9c1-4295-8eef-b64a2b46b3e0,6,5,11,0,0,0,6,5,11,1,2
2023-11-24,dc409dfe-818f-4b21-9974-75863bbd5e42,11,7,18,2,0,2,13,7,20,1,4
2023-11-24,dc712d22-a225-4663-944f-74392bd22531,5,1,6,3,0,3,8,1,9,1,4
2023-11-24,dc8f4dbb-102c-4bc1-9dfc-b5d8f350a2c0,64,103,167,5,16,21,69,119,188,1,9
2023-11-24,dca05bf1-a873-4a57-86b5-df8d4207f27a,4,1,5,9,5,14,13,6,19,1,7
2023-11-24,dcc1a33e-eb83-4a70-92fe-34de2cd8d458,85,69,154,8,1,9,93,70,163,1,3
2023-11-24,dce635ff-b15e-4f4e-92fb-8cb6c87e9278,1,2,3,0,0,0,1,2,3,1,1
2023-11-24,dcf77736-0863-449f-bb39-1f87cc1d15bb,1,0,1,0,0,0,1,0,1,1,1
2023-11-24,dd0d2e30-9421-48d4-82a5-9c834978a597,23,23,46,1,3,4,24,26,50,1,9
2023-11-24,dd20a55a-02fa-45f4-b6e2-c4a4ba2a3b1f,1,0,1,0,0,0,1,0,1,1,1
2023-11-24,dd34fe61-e9f6-4961-9390-2fd51a0ab530,0,3,3,3,0,3,3,3,6,1,4
2023-11-24,dd6e0257-e1f3-4450-a220-4d469c763837,34,97,131,2,3,5,36,100,136,1,7
2023-11-24,dd73b6b5-b413-40f2-80ea-633a45df3654,74,62,136,6,1,7,80,63,143,1,6
2023-11-24,dd981a70-7237-4e31-9da6-6a3a4c893946,8,13,21,1,0,1,9,13,22,1,5
2023-11-24,ddb6495d-6e36-4a71-8e88-706dbbf99c2b,34,30,64,0,0,0,34,30,64,1,4
2023-11-24,ddc27aae-a193-4fee-b6b7-51514d2538d4,81,105,186,113,2,115,194,107,301,1,5
2023-11-24,ddf47c60-04e1-4a4e-b12a-6623cc6a425f,2,0,2,0,0,0,2,0,2,1,1
2023-11-24,de0e515f-45f7-4e12-8938-c540b05da436,10,4,14,83,3,86,93,7,100,1,6
2023-11-24,de203a4c-8359-43e9-829b-c43b8487292d,97,10,107,1,4,5,98,14,112,1,1
2023-11-24,de31989b-3bde-45dd-8b88-5a4442eae075,1,12,13,0,2,2,1,14,15,1,2
2023-11-24,de3b17d2-fc60-46b6-93c7-8b1b232ccb25,2,1,3,0,0,0,2,1,3,1,2
2023-11-24,de45cc6c-f27a-42c1-b526-659ad5ba1963,6,7,13,1,0,1,7,7,14,1,3
2023-11-24,de55454c-5a0f-4e7f-822a-099da912ef2d,42,37,79,3,3,6,45,40,85,1,5
2023-11-24,de7a752b-fa23-4591-b7a3-6af432ad99cb,0,2,2,0,0,0,0,2,2,1,1
2023-11-24,de96b5a8-6e79-4302-8e2c-36e4bc02f6c3,10,11,21,21,1,22,31,12,43,1,3
2023-11-24,deba5467-32df-4a1c-b782-6253bea46e6f,30,20,50,58,12,70,88,32,120,1,5
2023-11-24,deeab861-b392-44eb-bfed-2bc757fe0b6f,19,24,43,5,0,5,24,24,48,1,3
2023-11-24,defd2894-d655-409e-85a8-5a600f84ec09,4,3,7,0,0,0,4,3,7,1,2
2023-11-24,df10519d-5272-462c-b401-2a93e1a692c7,86,10,96,25,80,105,111,90,201,1,4
2023-11-24,df1c6bba-3c64-4183-a9dc-4fadb2109d83,2,4,6,0,0,0,2,4,6,1,1
2023-11-24,df30d24e-2cbd-4f4e-86e9-78eaf4d7dc96,2,0,2,2,0,2,4,0,4,1,2
2023-11-24,df4cd28b-1ecf-4883-8a99-b56272af9758,3,3,6,1,3,4,4,6,10,1,3
2023-11-24,df62ae18-f6ae-4a3f-b41c-7b041075a672,7,6,13,0,0,0,7,6,13,1,3
2023-11-24,df753f03-783f-469b-8262-3c866292e1e8,9,4,13,2,0,2,11,4,15,1,3
2023-11-24,df884fde-8ba7-43c1-a907-ee9f6c296ff6,55,26,81,2,0,2,57,26,83,1,3
2023-11-24,dfa472c2-2db9-47d7-bef8-e35757b0b51f,1,3,4,0,0,0,1,3,4,1,3
2023-11-24,dfde87af-37c3-4dd2-98e5-30c7ada71c6e,2,0,2,1,0,1,3,0,3,1,3
2023-11-24,dff20f04-82af-4310-9bbb-866391eb7147,12,6,18,0,0,0,12,6,18,1,4
2023-11-24,e00584e2-65c6-4e04-aab3-cfef6e0a74de,10,7,17,43,18,61,53,25,78,1,5
2023-11-24,e026ffb7-70a9-433e-a4e9-10f2d4c96055,14,18,32,2,3,5,16,21,37,1,7
2023-11-24,e032b8b6-f86f-4c5a-a76c-e9bc8a8f4e92,1,0,1,0,3,3,1,3,4,1,3
2023-11-24,e03a00f1-0c28-495c-8153-1cd9950a78ae,0,0,0,9,1,10,9,1,10,1,1
2023-11-24,e0575a99-8cc8-4a4b-a23c-9d7a281056e8,7,8,15,0,0,0,7,8,15,1,1
2023-11-24,e080f063-77bf-41db-8774-19a650cce2d9,5,8,13,2,0,2,7,8,15,1,3
2023-11-24,e09104f9-c72c-4d07-b50f-7eaded7dac0b,2,1,3,101,0,101,103,1,104,1,2
2023-11-24,e0a2a7ca-000c-4645-9a31-ee51272f2c8a,11,5,16,0,0,0,11,5,16,1,4
2023-11-24,e0dbffd7-7394-45e8-b493-b01d928abf87,81,85,166,27,3,30,108,88,196,1,6
2023-11-24,e0f19921-32c8-4158-bf5a-fc9fb9742189,3,3,6,1,0,1,4,3,7,1,2
2023-11-24,e122e5a8-52f7-424a-9ba4-370d0bd60f35,98,115,213,57,29,86,155,144,299,1,14
2023-11-24,e12e9318-7d83-4755-aec7-10e3cd038325,0,1,1,0,0,0,0,1,1,1,1
2023-11-24,e1406342-b205-4391-910c-28b722eed474,9,6,15,0,0,0,9,6,15,1,2
2023-11-24,e15e27db-9936-4992-bfbf-d4438b3f0af5,23,19,42,2,0,2,25,19,44,1,5
2023-11-24,e16ce4a3-1bbc-4bba-afbe-e8827c053271,4,4,8,1,0,1,5,4,9,1,4
2023-11-24,e1866899-9718-4b87-a19a-714db11f6158,3,6,9,0,0,0,3,6,9,1,2
2023-11-24,e197cbae-9f62-42f9-aae8-4ca32cf71ca1,3,0,3,0,0,0,3,0,3,1,2
2023-11-24,e19eda9a-8e52-4e1c-95c2-f792d8e77d0e,0,3,3,9,10,19,9,13,22,1,5
2023-11-24,e1b3cef3-5668-4955-91da-c316dae0d04e,1,0,1,0,0,0,1,0,1,1,1
2023-11-24,e1c3a426-89f6-4d0a-88fe-bf1936cac55e,9,3,12,0,0,0,9,3,12,1,2
2023-11-24,e1d7b7ca-45c9-472a-ad82-126e7cb3b0a2,145,93,238,4,0,4,149,93,242,1,5
2023-11-24,e2029c4c-d5b8-4b03-9ab1-746c0b01839c,7,6,13,15,0,15,22,6,28,1,6
2023-11-24,e2253598-4509-4e28-955c-45480934e929,32,47,79,2,0,2,34,47,81,1,7
2023-11-24,e22aba83-9007-4f9a-8717-c639b7dbcf7f,7,9,16,0,0,0,7,9,16,1,3
2023-11-24,e237c083-f3c9-441e-b9d7-75ac1ed6928d,10,18,28,0,0,0,10,18,28,1,4
2023-11-24,e2513182-6a67-4204-bd37-dc098ed9b3e5,14,9,23,1,0,1,15,9,24,1,2
2023-11-24,e289c84c-3670-42ab-bfd4-20e6e4cda4d5,0,1,1,0,0,0,0,1,1,1,1
2023-11-24,e290b09e-26f9-4eea-a067-2a0493718c47,1,2,3,0,0,0,1,2,3,1,1
2023-11-24,e2a6d416-f2f9-4c93-bb57-a678414944fc,8,4,12,1,1,2,9,5,14,1,2
2023-11-24,e2b719bd-5ea7-4a28-bbe3-48dafe0b22f0,44,53,97,0,0,0,44,53,97,1,7
2023-11-24,e2c729e3-fb4d-4f35-b94a-cab062045be3,0,0,0,1,0,1,1,0,1,1,1
2023-11-24,e2e8112c-8ecf-4613-b206-b3d8ceaaf908,2,0,2,0,0,0,2,0,2,1,2
2023-11-24,e2f8c13c-e320-470d-90bc-cdb56ad03c86,3,1,4,1,0,1,4,1,5,1,4
2023-11-24,e31bfbfb-21c6-43cd-92d3-a4244ed24c0d,3,3,6,0,0,0,3,3,6,1,2
2023-11-24,e325ff71-e5e9-40fe-bb70-6f6e7ad8c52b,0,1,1,0,0,0,0,1,1,1,1
2023-11-24,e34c3c5d-a9e3-48fa-9c69-36cb262e079e,1,0,1,0,0,0,1,0,1,1,1
2023-11-24,e35acfb5-4426-42db-b328-45b94cae8042,118,118,236,28,15,43,146,133,279,1,13
2023-11-24,e369d602-b62f-4476-96a9-abbcf3cc23ff,2,0,2,0,0,0,2,0,2,1,2
2023-11-24,e38b9ece-e334-4ec8-b5b5-cf511f1ef006,10,5,15,15,1,16,25,6,31,1,4
2023-11-24,e3accf97-7b4d-4bbc-8ffc-d0647fe032a8,10,18,28,1,1,2,11,19,30,1,2
2023-11-24,e3bcc085-62e7-4ab4-b26d-c648cc64f128,10,12,22,0,8,8,10,20,30,1,4
2023-11-24,e3da3474-c118-4d96-a77a-46f1dd499ba1,0,0,0,2,0,2,2,0,2,1,1
2023-11-24,e400be6a-f65f-4fbf-834b-9840eb653c67,0,0,0,1,0,1,1,0,1,1,1
2023-11-24,e42a21af-f914-4b29-ae1a-a5742a6d882b,12,8,20,2,2,4,14,10,24,1,6
2023-11-24,e446e277-515c-40f5-b346-a50b25ef8072,8,7,15,1,3,4,9,10,19,1,6
2023-11-24,e452327d-6d00-42a5-977f-99a201f69ba2,0,20,20,0,0,0,0,20,20,1,1
2023-11-24,e4597d9a-9cab-4118-936b-962cc2c730dc,113,113,226,10,5,15,123,118,241,1,9
2023-11-24,e4709f4a-802f-4503-999d-1eb6f53af363,5,14,19,32,5,37,37,19,56,1,4
2023-11-24,c130a657-af37-4d76-857a-3ff922f7f298,1,0,1,0,0,0,1,0,1,1,1
2023-11-24,c144e7c6-dfe3-490d-aac9-69008b0d06d8,67,69,136,3,0,3,70,69,139,1,4
2023-11-24,c1611961-379a-4bd6-aa7b-35a9840e5afd,1,4,5,0,0,0,1,4,5,1,2
2023-11-24,c173984c-7cd3-4b9b-8fd3-17a076e1340e,1,1,2,2,1,3,3,2,5,1,4
2023-11-24,c18c8259-b61a-4f01-ab67-d90a1db04b3f,1,0,1,2,0,2,3,0,3,1,2
2023-11-24,c19d131e-04f0-4fb3-a7cd-47d34842a7bd,52,57,109,0,3,3,52,60,112,1,4
2023-11-24,c1d59318-0e5b-41ef-bc0e-3b715003a2ba,142,23,165,1,0,1,143,23,166,1,3
2023-11-24,c1f97edd-bb38-4616-b8bf-230810139372,1,1,2,0,0,0,1,1,2,1,1
2023-11-24,c20d60e2-8130-499b-8e14-d58eb4454a25,3,4,7,29,4,33,32,8,40,1,3
2023-11-24,c21e0e7a-ee08-4485-b4d8-d049003acd54,31,28,59,3,6,9,34,34,68,1,8
2023-11-24,c23247c9-a288-4415-be08-300d9f9f531b,0,0,0,1,0,1,1,0,1,1,1
2023-11-24,c24ceb5f-1cf5-415f-9c99-9965c0268aa4,1,0,1,0,0,0,1,0,1,1,1
2023-11-24,c26fc33a-e366-429f-90d2-4afcd19475c6,61,83,144,0,1,1,61,84,145,1,3
2023-11-24,c2776b44-296b-4b4d-9f2c-538ef1bfd86a,1,0,1,0,5,5,1,5,6,1,3
2023-11-24,c28a2f4d-4c1a-4196-900e-7deb5e2e4170,2,1,3,0,0,0,2,1,3,1,3
2023-11-24,c2aa4daa-7ff9-4519-9e96-425ff305962d,4,3,7,0,0,0,4,3,7,1,3
2023-11-24,c2b9db1a-8fe4-49f2-a910-04a1c17e2eff,120,130,250,21,0,21,141,130,271,1,10
2023-11-24,c2cfcfc2-b222-4d7f-bf8d-ddb8842ce40a,220,209,429,11,5,16,231,214,445,1,7
2023-11-24,c2d9078d-02c3-4dc0-8d5e-3c7dabac7d2d,11,6,17,1,0,1,12,6,18,1,1
2023-11-24,c2df12be-f70a-461d-9924-c8e863777e01,8,10,18,43,10,53,51,20,71,1,5
2023-11-24,c30deca0-f93f-4659-b1bf-536017d82e96,25,21,46,1,0,1,26,21,47,1,3
2023-11-24,c3138f9b-beff-490b-b26c-b955af0596b3,4,5,9,0,0,0,4,5,9,1,2
2023-11-24,c351bf78-bb12-47ce-970e-04455960e1de,14,21,35,0,2,2,14,23,37,1,2
2023-11-24,c364875f-cbbf-48f1-b3f0-bd7f7b435cf0,14,12,26,6,2,8,20,14,34,1,7
2023-11-24,c376a3f1-cadf-4ba9-9415-9ab1c4d403a3,1,0,1,0,0,0,1,0,1,1,1
2023-11-24,c38a4b34-eb0f-4dc1-ad53-54fc25100362,2,0,2,0,0,0,2,0,2,1,2
2023-11-24,c39d7a99-4b93-4cbf-936f-c3d210422992,14,20,34,35,6,41,49,26,75,1,10
2023-11-24,c3b73f16-2f48-4537-aa23-1d3f919366c5,35,30,65,5,6,11,40,36,76,1,4
2023-11-24,c3caff52-7231-4795-b979-070b9c08b582,3,3,6,0,0,0,3,3,6,1,1
2023-11-24,c3deec6d-4501-494f-b86f-8019a688dc08,36,20,56,10,0,10,46,20,66,1,5
2023-11-24,c3fbd643-b6bc-4768-9e09-698f96ae583b,13,20,33,0,0,0,13,20,33,1,3
2023-11-24,c40e6165-4408-41a2-abfc-356c8f947aa7,3,7,10,0,2,2,3,9,12,1,1
2023-11-24,c42f84bb-90d9-40bc-818c-6232a52c8263,1,0,1,0,0,0,1,0,1,1,1
2023-11-24,c44e9f2f-d95c-4328-93cc-df1b97f7d30b,5,1,6,0,0,0,5,1,6,1,4
2023-11-24,c4618f09-b6fc-45e1-8931-8a8753543abd,13,17,30,240,3,243,253,20,273,1,10
2023-11-24,c476edae-32b1-40e5-89fd-0e4544cbe6fa,272,349,621,21,4,25,293,353,646,1,8
2023-11-24,c490e62f-0e93-43e8-a4d4-90f676f0d2fa,106,111,217,132,29,161,238,140,378,1,30
2023-11-24,c4a623a8-083b-4579-a88c-33298ca699bc,10,6,16,3,2,5,13,8,21,1,4
2023-11-24,c4b4335f-19b1-4a1a-bf1c-718623671f38,25,33,58,4,1,5,29,34,63,1,5
2023-11-24,c4d880c9-d67e-43ff-8820-1c0e92fcb8f6,41,46,87,51,14,65,92,60,152,1,9
2023-11-24,c4f19067-83d0-46bb-a2c6-720ccf9ea631,6,5,11,3,0,3,9,5,14,1,6
2023-11-24,c516e714-e8a7-4793-bf6b-25f0be27ace4,7,18,25,0,0,0,7,18,25,1,1
2023-11-24,c5253315-f25b-4423-8bc6-2c69a01b313a,13,13,26,4,1,5,17,14,31,1,7
2023-11-24,c53a557e-a7ab-450f-ab99-e21cdf2ab760,2,2,4,0,0,0,2,2,4,1,1
2023-11-24,c54e283e-0651-4c8d-9f69-6c06f64d498e,17,13,30,1,0,1,18,13,31,1,5
2023-11-24,c570253b-be52-4f4a-8303-1ad90ba31d55,4,3,7,0,0,0,4,3,7,1,1
2023-11-24,c5a4528a-fd49-48a1-b44d-25ea79258c58,9,9,18,3,0,3,12,9,21,1,3
2023-11-24,c5be0ccf-a9df-4b71-8559-013c12b2845b,1,0,1,0,0,0,1,0,1,1,1
2023-11-24,c5f38b16-c773-41ca-bd87-c7a749f609d3,0,0,0,23,0,23,23,0,23,1,1
2023-11-24,c605915a-6cee-45f0-bf73-f6669894163d,178,343,521,51,54,105,229,397,626,1,16
2023-11-24,c6179d70-eedf-468e-8228-7812b8a889bc,3,0,3,2,0,2,5,0,5,1,3
2023-11-24,c624dea4-0f17-451f-8a76-fc74d6a64030,5,41,46,0,1,1,5,42,47,1,5
2023-11-24,c64ed54a-1086-423c-93a2-807d82ca2591,1,2,3,0,0,0,1,2,3,1,1
2023-11-24,c6580b68-25c6-4544-b9e6-5c696f6b950c,11,18,29,45,0,45,56,18,74,1,5
2023-11-24,c67be6ea-7c23-428f-956b-f188669defd0,18,22,40,22,16,38,40,38,78,1,6
2023-11-24,c68c8f24-ca1d-48b9-967c-ed6f38eef6ec,0,0,0,0,1,1,0,1,1,1,1
2023-11-24,c6991e78-37a2-4af2-a4a9-30374b864f1d,3,5,8,2,2,4,5,7,12,1,4
2023-11-24,c6ab2dfe-b58c-4e86-880c-be8aff93fde5,63,48,111,3,1,4,66,49,115,1,4
2023-11-24,c6b8a9ac-91c0-4b55-b855-e37719e36060,9,10,19,0,0,0,9,10,19,1,3
2023-11-24,c6dbb206-afc7-4275-b400-e8b869c60831,15,12,27,0,2,2,15,14,29,1,4
2023-11-24,c6e305af-6a20-496a-850d-6a337870eae0,30,38,68,1,1,2,31,39,70,1,4
2023-11-24,c6f1e2c3-3c97-4f98-8ede-f784ccdd9818,4,2,6,1,1,2,5,3,8,1,3
2023-11-24,c6f6a53d-fb72-442c-bbc8-72cc9ba95da6,0,0,0,7,0,7,7,0,7,1,1
2023-11-24,c6fc6775-ccaa-41bc-8cf2-a3ea365caeda,55,62,117,0,0,0,55,62,117,1,1
2023-11-24,c71c8ff9-60b2-4986-be5b-f2d6ca5b6114,2,3,5,1,0,1,3,3,6,1,2
2023-11-24,c738d295-0c89-47bc-a591-7e47bbcb5220,9,13,22,3,1,4,12,14,26,1,6
2023-11-24,c74a8b48-e7d5-4541-9918-e325b0d5eaa9,5,11,16,0,2,2,5,13,18,1,3
2023-11-24,c769845e-af92-495d-ae1b-d9d5783de734,41,44,85,3,5,8,44,49,93,1,7
2023-11-24,c7789f4f-f387-412d-b9c0-68a52cfe233d,16,10,26,5,1,6,21,11,32,1,4
2023-11-24,c78f7c21-20b6-4dfa-805e-1f25df29b1f6,0,1,1,0,1,1,0,2,2,1,1
2023-11-24,c7a8b88c-f781-464d-997e-5d527d92db9c,3,4,7,0,0,0,3,4,7,1,2
2023-11-24,c7bc4574-9f15-46b8-a352-9654feaa674e,29,33,62,7,3,10,36,36,72,1,7
2023-11-24,c7dd8500-52be-4fa5-a88f-b956cccb1ccf,29,15,44,11,1,12,40,16,56,1,10
2023-11-24,c7f496d5-1e51-4ef8-a6ff-b2df6b220ecc,1,1,2,15,12,27,16,13,29,1,3
2023-11-24,c819b032-545d-4882-9755-0a2b19523a19,3,10,13,1,0,1,4,10,14,1,6
2023-11-24,c82b3420-5967-4846-beeb-e8624cddc845,10,1,11,0,1,1,10,2,12,1,4
2023-11-24,c851e99a-53ed-4800-b106-8be9d4585f78,73,48,121,4,2,6,77,50,127,1,5
2023-11-24,c8819c99-a863-4f47-9351-3f428fa57f69,7,4,11,0,0,0,7,4,11,1,2
2023-11-24,c89225fd-9c72-4887-bea3-40d81cace3d2,0,0,0,0,5,5,0,5,5,1,1
2023-11-24,c89f431b-226a-4e68-b45b-e90c85e4ec8c,1,1,2,0,0,0,1,1,2,1,2
2023-11-24,c8c1dcee-2014-43e4-9ef2-8580ddc5334e,0,1,1,0,0,0,0,1,1,1,1
2023-11-24,c8c89c74-ddba-4e26-aca3-0bec0fffec1e,5,6,11,0,0,0,5,6,11,1,3
2023-11-24,c8ebb1b9-52af-4b99-b6b0-3229ccc5a67f,92,113,205,0,0,0,92,113,205,1,12
2023-11-24,c8f064fd-42ca-41ec-a8e7-2b75fbdb0964,92,75,167,2,2,4,94,77,171,1,5
2023-11-24,c904199d-6d44-4e0a-bfbb-a4b7d3517adb,48,89,137,13,2,15,61,91,152,1,12
2023-11-24,c91e7015-9511-49df-9b26-378b73b909ab,0,3,3,0,2,2,0,5,5,1,1
2023-11-24,c927be9c-000d-4ecb-a91a-00c3676186a7,9,9,18,0,0,0,9,9,18,1,4
2023-11-24,c93ad25e-8074-4268-b928-2b630b352234,26,28,54,0,4,4,26,32,58,1,11
2023-11-24,c94b39a6-744d-45f6-8399-10061e1775ec,20,17,37,12,2,14,32,19,51,1,7
2023-11-24,c95b7798-6be7-4d58-8e94-9eac02184d1a,2,4,6,0,0,0,2,4,6,1,2
2023-11-24,c9725e4a-33eb-4afd-89f9-5a852adba273,34,34,68,29,4,33,63,38,101,1,8
2023-11-24,c97f9cbc-1c0f-4bba-a921-dcf85bc93b37,2,1,3,11,0,11,13,1,14,1,4
2023-11-24,e48b522d-8002-43d6-9e96-ef032f89dbaf,1,1,2,9,0,9,10,1,11,1,2
2023-11-24,e4b354cc-67e6-4f42-ad96-d88d03135e8e,172,216,388,9,0,9,181,216,397,1,3
2023-11-24,e4c840ef-5941-4ae0-a82e-696689467e4e,0,2,2,1,0,1,1,2,3,1,2
2023-11-24,e4e53849-35b8-47cb-970b-70329be4f7f7,1,0,1,0,0,0,1,0,1,1,1
2023-11-24,e513c0ff-da93-471d-a0ef-e586669e0489,51,74,125,2,3,5,53,77,130,1,10
2023-11-24,e52da7da-14b8-45b0-b218-8786e8865353,4,7,11,0,0,0,4,7,11,1,5
2023-11-24,e53322e7-6b4e-4d4c-a921-ad360416a63b,3,4,7,0,0,0,3,4,7,1,1
2023-11-24,e543f8d7-ee5d-44b6-9693-93c68ea489fc,2,3,5,0,0,0,2,3,5,1,1
2023-11-24,e550affd-97cf-418b-b8de-bbd72c9a8d98,23,48,71,0,0,0,23,48,71,1,12
2023-11-24,e5689d3a-ed0e-4222-baa8-b4e9ca38f844,40,32,72,4,1,5,44,33,77,1,19
2023-11-24,e5732f90-825e-4b2b-9268-842795e2f261,23,31,54,1,0,1,24,31,55,1,19
2023-11-24,e58ed9b5-9f81-4caf-8db6-a1d98c4a45d4,8,9,17,7,2,9,15,11,26,1,5
2023-11-24,e5b32527-1a86-49b2-93ed-cd6430b5d092,1,0,1,4,0,4,5,0,5,1,2
2023-11-24,e5c5a427-7c07-4cc9-8482-4940e025aba5,45,67,112,2,0,2,47,67,114,1,7
2023-11-24,e5dd66e7-375a-4746-b253-11e4bf6fe1c6,2,0,2,0,0,0,2,0,2,1,2
2023-11-24,e5ecbb70-e12a-4b46-9b96-8d6279eb48fb,36,41,77,3,14,17,39,55,94,1,10
2023-11-24,e5ffc3fa-1347-41d5-b78a-2ac6d0087b09,14,11,25,0,3,3,14,14,28,1,3
2023-11-24,e6328290-ac5b-4ac9-9b47-c34bea1a27bd,1,0,1,0,0,0,1,0,1,1,1
2023-11-24,e66d8e97-d99a-48ca-b8cc-997f63426e6b,3,6,9,82,23,105,85,29,114,1,5
2023-11-24,e685c447-d86d-4cfe-9df4-8184ebfcb410,9,17,26,23,6,29,32,23,55,1,5
2023-11-24,e6a2e9f8-a323-4576-8280-0b763c0895f3,0,0,0,10,0,10,10,0,10,1,2
2023-11-24,e6b4c044-9d89-4a0f-b30a-0cce1404677e,29,70,99,4,5,9,33,75,108,1,5
2023-11-24,e6bcb610-da36-4a25-88c4-c00c4c841694,61,61,122,0,0,0,61,61,122,1,2
2023-11-24,e6cabd71-8ed1-4c31-81cd-d472505ae95f,11,10,21,0,1,1,11,11,22,1,4
2023-11-24,e6f8c363-ba64-44e2-92ef-125eddc9692e,4,0,4,3,0,3,7,0,7,1,2
2023-11-24,e70c1165-9c32-4499-950c-e523240552bf,98,115,213,0,0,0,98,115,213,1,2
2023-11-24,e71ef6cc-27d2-4135-b3a5-ea0d1640a4bd,1,4,5,1,2,3,2,6,8,1,4
2023-11-24,e73860b4-720a-4f65-91d9-7e4a7572e161,10,9,19,2,0,2,12,9,21,1,4
2023-11-24,e74d6510-e3de-4484-bcd5-6f792c6bafb4,71,54,125,148,14,162,219,68,287,1,13
2023-11-24,e75ccf02-0e0c-455e-a50f-91b2322acb78,1,0,1,0,0,0,1,0,1,1,1
2023-11-24,e76d3fe8-d0c8-4885-8f28-7106b42e0db5,25,16,41,19,12,31,44,28,72,1,4
2023-11-24,e780f4bd-a918-4265-addc-2efca9d69f6f,0,1,1,57,2,59,57,3,60,1,2
2023-11-24,e7a2427e-5090-403d-a2e1-de32139163aa,5,4,9,3,0,3,8,4,12,1,4
2023-11-24,e7c42e61-d323-40b4-8a99-39abb293d37c,23,21,44,44,16,60,67,37,104,1,12
2023-11-24,e7f4f118-8af1-4c1d-856c-d817a0fd174f,33,36,69,1,0,1,34,36,70,1,7
2023-11-24,e80b36d0-d08f-4436-ae64-cec09c5cf84c,93,171,264,7,8,15,100,179,279,1,7
2023-11-24,e81a20ed-e609-4441-b35d-ffa5a4bb312b,11,5,16,1,0,1,12,5,17,1,2
2023-11-24,e847674b-dbd4-4664-8c63-695bfe4c188c,0,0,0,1,0,1,1,0,1,1,1
2023-11-24,e85dc19c-65d1-4349-8d93-ddfff9eab5bf,3,0,3,93,22,115,96,22,118,1,4
2023-11-24,e8646f2c-e08e-41ba-9116-86f2414f4c50,26,23,49,62,78,140,88,101,189,1,17
2023-11-24,e87504ca-ec58-48e0-9c66-36ad5a877751,5,1,6,83,5,88,88,6,94,1,5
2023-11-24,e8841398-f418-4fa0-aff6-8f2518220b42,23,14,37,1,2,3,24,16,40,1,4
2023-11-24,e89d2f85-a93b-4f41-b209-6d313eaf5483,54,51,105,0,0,0,54,51,105,1,2
2023-11-24,e8b5e6f9-e1bf-4751-8d72-ae5ddbcd4886,25,39,64,1,0,1,26,39,65,1,2
2023-11-24,e8c68642-d90e-4f00-afa3-59d9c7843e9d,4,2,6,8,1,9,12,3,15,1,5
2023-11-24,e8de18a2-21b7-4c74-8ea9-e7a5c890d2f2,49,66,115,4,3,7,53,69,122,1,13
2023-11-24,e8e90d68-be29-4a74-9b12-34fb547973b5,30,36,66,8,5,13,38,41,79,1,8
2023-11-24,e8fd16d1-ba37-43e4-b808-4bb623055b14,22,18,40,2,0,2,24,18,42,1,7
2023-11-24,e90b792d-dde8-40bd-96ec-2ab3b07dd358,1,0,1,0,0,0,1,0,1,1,1
2023-11-24,e92ee12d-4919-4612-9cd2-87c48aac4d19,1,0,1,1,0,1,2,0,2,1,2
2023-11-24,e93aa6d6-e41a-41e0-8731-4780abc3d386,116,150,266,23,0,23,139,150,289,1,11
2023-11-24,e947d7ab-7d34-4d05-8edc-e0ae06bd7d9b,3,6,9,82,3,85,85,9,94,1,5
2023-11-24,e960ba1c-47f8-42c9-b7c3-403ea0011527,26,30,56,2,1,3,28,31,59,1,3
2023-11-24,e96d7f10-f4b4-4271-a0c9-3e6410342e5f,46,56,102,0,0,0,46,56,102,1,5
2023-11-24,e993aeab-66a9-4f99-b3a9-3103a34e89b0,3,7,10,11,5,16,14,12,26,1,6
2023-11-24,e9a66a9a-3b1f-45c2-ad01-21b56cd4ec05,2,1,3,0,0,0,2,1,3,1,1
2023-11-24,e9b43f67-bbdf-48c0-85f1-65d3c158e79e,97,74,171,9,3,12,106,77,183,1,8
2023-11-24,e9d408fe-f50e-4183-b180-df0d90b381dd,100,69,169,63,31,94,163,100,263,1,9
2023-11-24,e9eeb73e-61ff-4c11-baac-1253e7c04a8c,10,13,23,0,0,0,10,13,23,1,3
2023-11-24,ea0453ce-e769-411d-93f6-8cbbf57f405e,27,28,55,3,1,4,30,29,59,1,4
2023-11-24,ea1cfdd0-8f40-4cde-9f08-674ec5155215,28,37,65,0,0,0,28,37,65,1,4
2023-11-24,ea2fbb67-2206-446b-a3c3-6d184e8b0f92,1,2,3,0,0,0,1,2,3,1,1
2023-11-24,ea5045a6-0892-4d76-abbd-51be8f2f5183,23,19,42,0,2,2,23,21,44,1,3
2023-11-24,ea6790cb-202d-4857-ba93-ca6a49a38b73,0,0,0,1,0,1,1,0,1,1,1
2023-11-24,ea8e6f66-c018-4203-ac37-325a6dad06cf,1,0,1,0,0,0,1,0,1,1,1
2023-11-24,eaad5f97-0291-47aa-bbef-78cf14b2ff7c,8,6,14,1,2,3,9,8,17,1,3
2023-11-24,eabfbbcf-7a28-49cf-96b4-8a8ef5bbda3d,9,7,16,40,22,62,49,29,78,1,3
2023-11-24,eaca726f-8274-4a1e-99ac-6dca1a357a21,8,8,16,0,0,0,8,8,16,1,4
2023-11-24,eafc02b6-8caf-4b1e-88e6-6be6a1571436,27,28,55,7,6,13,34,34,68,1,3
2023-11-24,eb342139-aedb-4099-bb94-1684aa4cead9,9,5,14,16,4,20,25,9,34,1,3
2023-11-24,eb3ef409-9054-4d8e-9b42-880ef3bdd660,4,38,42,1,1,2,5,39,44,1,5
2023-11-24,eb6072e6-a3dd-47a7-888a-2d02e0bf2b8c,1,3,4,16,1,17,17,4,21,1,3
2023-11-24,eb6c79d8-ec19-4916-9fc5-03a306b590b0,97,127,224,3,0,3,100,127,227,1,11
2023-11-24,eb7275d2-7188-494e-a69b-9f69f579f8a0,44,88,132,16,17,33,60,105,165,1,5
2023-11-24,eb7fbbc1-ac66-49ee-9717-e771100501de,5,6,11,0,0,0,5,6,11,1,4
2023-11-24,eb8958b8-5fe5-4bcc-b7b9-9fdd42e4e746,33,72,105,20,5,25,53,77,130,1,6
2023-11-24,eb9ad531-7d78-42a0-9ca0-e571ff6ac374,4,3,7,25,3,28,29,6,35,1,4
2023-11-24,eba09c47-7ed9-469a-ae99-42d9dd8a376e,27,27,54,0,0,0,27,27,54,1,7
2023-11-24,ebb092b0-0a34-484f-ade4-ac5ca48fd411,0,0,0,127,2,129,127,2,129,1,2
2023-11-24,ebbeba9c-5083-4d17-ba5a-ad91115ea732,7,12,19,10,1,11,17,13,30,1,3
2023-11-24,ebfdedb9-6ad3-48ca-a29f-ee268409dce0,2,1,3,7,0,7,9,1,10,1,3
2023-11-24,ec17c78a-974c-437a-b8fe-4f3509dcfea8,110,82,192,47,29,76,157,111,268,1,16
2023-11-24,ec42a712-13e8-420f-ae25-30d050432362,3,7,10,9,5,14,12,12,24,1,2
2023-11-24,ec589bf3-1351-45c6-b105-23b976639a82,16,24,40,4,7,11,20,31,51,1,4
2023-11-24,ec7d0ea8-39ec-4ecf-b657-e73c9de16c45,1,1,2,0,0,0,1,1,2,1,1
2023-11-24,ec92081e-e63f-4e9c-8a71-2814d7c04897,12,6,18,85,4,89,97,10,107,1,9
2023-11-24,eca992c9-a74f-43a5-a212-0f2ff8b819c4,2,1,3,1,0,1,3,1,4,1,3
2023-11-24,ecadc66a-ba04-469d-9b18-18bcf46e5eb5,1,2,3,0,0,0,1,2,3,1,3
2023-11-24,ecd2e699-4a57-47ac-9177-910dec402604,8,15,23,7,0,7,15,15,30,1,3
2023-11-24,ed03ed99-99b4-4960-a67f-acc801bffffc,12,15,27,0,6,6,12,21,33,1,6
2023-11-24,ed2ae444-d1c4-4e8b-b668-4a7bee450a14,9,11,20,2,0,2,11,11,22,1,2
2023-11-24,ed4b5199-0492-4ce8-b8dd-7910c32e116a,8,15,23,10,15,25,18,30,48,1,5
2023-11-24,ed55e168-9c5d-4a81-ad32-d8297bc51dd8,342,194,536,20,3,23,362,197,559,1,14
2023-11-24,ed71ffe7-5504-4335-909b-33abeaa615fb,11,10,21,1,0,1,12,10,22,1,6
2023-11-24,ed9e8975-3a46-4a68-86b6-21d93dad2881,0,0,0,0,2,2,0,2,2,1,2
2023-11-24,edc3fe0e-71c7-4c24-b436-cdfb327941ea,2,5,7,0,0,0,2,5,7,1,1
2023-11-24,edebf9af-487d-4e24-bc83-ec1bc7873745,64,33,97,94,32,126,158,65,223,1,4
2023-11-24,ee0cd5ae-c41d-46c9-a339-068d8cfba9d1,0,0,0,1,0,1,1,0,1,1,1
2023-11-24,ee27fa88-e7d6-440e-a340-376d99f82f17,104,125,229,15,12,27,119,137,256,1,9
2023-11-24,ee57bdf3-0886-4aea-92ea-93b7b139edc5,1,0,1,216,64,280,217,64,281,1,3
2023-11-24,ee6cb0a3-35a6-4e19-8384-b413f1e22143,24,36,60,4,0,4,28,36,64,1,5
2023-11-24,ee872282-ebac-4254-9263-ee99ea76cfca,14,26,40,1,1,2,15,27,42,1,7
2023-11-24,ee97d124-4558-475a-9418-fca42e91186e,3,0,3,43,6,49,46,6,52,1,4
2023-11-24,eec147bf-5b60-497c-9bd6-1493f19b3992,34,26,60,0,3,3,34,29,63,1,6
2023-11-24,eed738b0-f958-4d23-a81c-3de778e759e5,11,9,20,0,0,0,11,9,20,1,3
2023-11-24,eee259cd-b2cd-4a14-97c3-33c0ba2e5bd2,1,1,2,0,0,0,1,1,2,1,1
2023-11-24,eee7fe67-e28a-4f9f-8cce-0fcfad93922b,2,2,4,0,0,0,2,2,4,1,1
2023-11-24,ef040b8d-1a0e-4040-ae7b-5ec3334bc285,1,0,1,0,0,0,1,0,1,1,1
2023-11-24,ef0eb0ab-3748-4e5b-b3cb-c153dd947f63,8,8,16,0,0,0,8,8,16,1,2
2023-11-24,ef23d322-6d5c-4377-89d1-42f6110ebeae,5,5,10,1,0,1,6,5,11,1,2
2023-11-24,ef312907-2d60-41cf-917c-a0135fd695e1,14,11,25,0,0,0,14,11,25,1,1
2023-11-24,ef4579b0-0b94-4055-ab61-cf79862b1f2c,1,1,2,0,0,0,1,1,2,1,1
2023-11-24,ef492ce1-d5e7-445e-a1b8-1934289405dd,16,6,22,6,0,6,22,6,28,1,9
2023-11-24,ef5ab79f-65d0-4de2-a33c-cd2b5b3d13b7,2,1,3,1,0,1,3,1,4,1,1
2023-11-24,ef73a9b3-eba4-4a1f-b3b8-d18407ce1045,13,12,25,2,0,2,15,12,27,1,8
2023-11-24,ef88c19d-ccbb-4380-8fd2-5446985e80cb,3,3,6,0,0,0,3,3,6,1,3
2023-11-24,efd2a495-bd48-4d5d-a124-558871e4192f,5,1,6,0,0,0,5,1,6,1,2
2023-11-24,efe1d2de-89eb-49a8-b05e-b1c14749e804,0,0,0,2,1,3,2,1,3,1,2
2023-11-24,f002dc8c-856a-49b9-8d82-aabf025d2736,30,31,61,0,9,9,30,40,70,1,2
2023-11-24,f028770d-571f-40c8-8cf7-c9987a4a2f2a,32,20,52,37,14,51,69,34,103,1,5
2023-11-24,f04e6805-ed27-48e3-8613-78daed7b4694,2,0,2,1,0,1,3,0,3,1,2
2023-11-24,f076e956-9948-4e4b-87a8-eccc4f96522c,2,1,3,0,0,0,2,1,3,1,2
2023-11-24,f0aaa73c-9043-491f-a020-4d6746ddad3f,10,9,19,67,0,67,77,9,86,1,7
2023-11-24,f0d80704-5177-4572-804e-eb4905107376,3,4,7,22,30,52,25,34,59,1,5
2023-11-24,f0e25036-11d7-4f79-b9df-657fce8b1cc3,1,2,3,0,0,0,1,2,3,1,1
2023-11-24,f0f1ee8b-21df-4fb9-a7dd-d25bef8acee2,16,20,36,0,0,0,16,20,36,1,3
2023-11-24,f10c8f85-ddd9-43f8-a369-74277d23e10b,7,3,10,1,1,2,8,4,12,1,2
2023-11-24,f1313c58-3a07-401d-8bd5-0e6d52d23193,10,6,16,46,37,83,56,43,99,1,5
2023-11-24,f13d7d40-af7d-40fd-96e2-3cb839d42fe4,0,2,2,0,0,0,0,2,2,1,2
2023-11-24,f15250af-2425-443f-9f41-165f32ca6a43,1,0,1,1,0,1,2,0,2,1,2
2023-11-24,f161ed0c-5807-4cdc-af2c-b0b642148f45,4,3,7,0,1,1,4,4,8,1,3
2023-11-24,f16ca4dd-a0ae-458d-a3f4-535b71de7a25,1,0,1,0,0,0,1,0,1,1,1
2023-11-24,f178d8a4-8d67-4dd6-b047-778476d27272,3,0,3,0,0,0,3,0,3,1,3
2023-11-24,f1901b53-ff6a-43f1-81b2-0e4736c19ed5,20,18,38,12,5,17,32,23,55,1,7
2023-11-24,f1accb0d-bd8a-44b2-9db2-4e4eb430e1b7,35,54,89,0,7,7,35,61,96,1,8
2023-11-24,f1b98557-7cae-40eb-89c2-c9c5e7a75ab0,1,1,2,2,0,2,3,1,4,1,1
2023-11-24,f1e09cb9-03ef-4df1-bc18-adf18d564e92,3,7,10,0,3,3,3,10,13,1,5
2023-11-24,f208b869-2297-4445-b8aa-5382d486a98e,6,7,13,9,3,12,15,10,25,1,4
2023-11-24,f212aaca-134a-4da9-9716-87c63672534a,9,0,9,2,0,2,11,0,11,1,3
2023-11-24,f227afa5-4cde-4749-b761-28090c30eb7d,73,50,123,35,7,42,108,57,165,1,7
2023-11-24,f2379c6c-bb40-4205-b32a-44f305e96b0d,42,33,75,73,5,78,115,38,153,1,5
2023-11-24,f25e7e1e-2ab4-4472-b9e2-53d35796e43f,19,25,44,2,1,3,21,26,47,1,11
2023-11-24,f26c0c00-8a39-4ca9-8141-40422b93af69,1,4,5,2,6,8,3,10,13,1,2
2023-11-24,f27a4e71-a673-42ef-acdd-189428d0522d,108,97,205,4,14,18,112,111,223,1,7
2023-11-24,f2930a78-bc2d-417d-8315-e2601c0bcf79,3,5,8,2,1,3,5,6,11,1,4
2023-11-24,f2ac053d-fa36-4fe2-8e31-688433867ee5,5,7,12,0,0,0,5,7,12,1,3
2023-11-24,f2bc1224-0906-4f29-a74d-ab4458879f0c,1,1,2,1,1,2,2,2,4,1,1
2023-11-24,f2db09ef-67ee-4de7-acd3-ffb3e1030905,14,15,29,9,1,10,23,16,39,1,6
2023-11-24,f2f94a57-6be3-4c3b-9a16-852e9e92c25e,0,0,0,1,0,1,1,0,1,1,1
2023-11-24,f2fed6f8-9ce4-4898-b68d-5ba5d2ee3fef,64,86,150,6,12,18,70,98,168,1,12
2023-11-24,f30177cf-2536-444c-9e33-55b024be287a,8,7,15,7,1,8,15,8,23,1,8
2023-11-24,f30be893-98f7-4452-8938-de15095f633a,6,7,13,13,0,13,19,7,26,1,2
2023-11-24,f31f615d-fce9-40cc-8951-e159372e198d,38,44,82,0,2,2,38,46,84,1,1
2023-11-24,f34a876a-8300-4649-9512-ec8cde74e66f,20,24,44,8,15,23,28,39,67,1,6
2023-11-24,f36518f2-f5e5-4797-acae-893f04332e9e,6,4,10,3,0,3,9,4,13,1,5
2023-11-24,f371457b-b9e9-4506-bac9-993a59d3bd2e,0,0,0,2,1,3,2,1,3,1,2
2023-11-24,f384248f-ef3e-4182-a144-170a606e46f8,47,59,106,0,4,4,47,63,110,1,6
2023-11-24,f3962159-ce57-4cbc-84db-22f0fd49dccc,4,4,8,1,0,1,5,4,9,1,2
2023-11-24,f39d61ca-c82f-4bbd-b339-e7972ff84ee7,487,480,967,39,15,54,526,495,1021,1,6
2023-11-24,f3b46ba7-d0bc-4aac-ad9d-48e9a988a071,36,35,71,3,7,10,39,42,81,1,10
2023-11-24,f3cd01f8-014a-4d47-9113-8deafe201fa4,1,0,1,0,0,0,1,0,1,1,1
2023-11-24,f3eeb071-0ef1-4196-8e2a-4ccd3db553e1,5,2,7,3,0,3,8,2,10,1,5
2023-11-24,f3fde6e8-3414-4ae6-b04f-9ac6ec29dea3,3,5,8,0,0,0,3,5,8,1,3
2023-11-24,f42d7545-135b-4b76-bb21-bd9420fa3e49,15,14,29,10,0,10,25,14,39,1,3
2023-11-24,f4470b60-739d-46d9-9dfa-857129a41e07,20,17,37,1,0,1,21,17,38,1,3
2023-11-24,f46cba73-8ccf-4a93-9dce-06224df489fe,138,84,222,21,5,26,159,89,248,1,4
2023-11-24,f48c2eb1-c81e-452a-9b51-e23af30dc37d,0,2,2,0,0,0,0,2,2,1,1
2023-11-24,f4aada59-c131-4e0a-a927-f2aea7781dbe,23,15,38,21,0,21,44,15,59,1,3
2023-11-24,f4cff242-08cf-4066-b6a6-20f38ae95e2d,24,21,45,6,1,7,30,22,52,1,6
2023-11-24,f501a8c7-e165-4c6e-90d2-bf715ff188ef,15,2,17,0,0,0,15,2,17,1,3
2023-11-24,f5118c44-43b9-421d-940f-a97a2296c798,0,0,0,1,1,2,1,1,2,1,2
2023-11-24,f52f21c2-1462-4147-9bcf-953007e8af4c,13,18,31,6,1,7,19,19,38,1,3
2023-11-24,f54730dc-0293-442d-8c7f-d960c579f78b,5,4,9,5,4,9,10,8,18,1,2
2023-11-24,f5608054-96b0-473a-82b9-de5c8e1fe4cc,33,28,61,11,1,12,44,29,73,1,7
2023-11-24,f5847656-4148-4a68-af77-6f8dbfc71ed9,19,30,49,10,3,13,29,33,62,1,4
2023-11-24,f599fc84-3725-436f-b6cf-e0cfa6a677bb,59,43,102,9,3,12,68,46,114,1,5
2023-11-24,f5b20557-141f-40ff-8ad1-43600774cc43,67,60,127,4,11,15,71,71,142,1,12
2023-11-24,f5bf0d61-daae-493e-833c-cd7a638f8c72,10,8,18,4,0,4,14,8,22,1,3
2023-11-24,f5c38cb5-360a-4684-bf07-1f5febede31e,0,3,3,63,0,63,63,3,66,1,4
2023-11-24,f5dead3c-fead-42c8-b805-d3cf0869cb00,19,32,51,1,8,9,20,40,60,1,5
2023-11-24,f5f93f6a-3028-4a5d-a24f-aac9bd433833,0,0,0,29,16,45,29,16,45,1,2
2023-11-24,f6174f89-1fc8-4d32-822b-292e41e52822,3,27,30,0,0,0,3,27,30,1,3
2023-11-24,f61ea6c4-75fc-4b78-ada0-9bf34480c715,34,48,82,3,2,5,37,50,87,1,5
2023-11-24,f647ec53-5fae-4af3-89df-76f64d8a2456,0,0,0,7,1,8,7,1,8,1,1
2023-11-24,f6556cc3-d07c-4072-bcbd-5fce765eeaf1,9,7,16,2,1,3,11,8,19,1,4
2023-11-24,f66af16b-4247-4881-8a4a-bace7380332d,3,2,5,0,0,0,3,2,5,1,3
2023-11-24,f6823917-af9b-4e8c-8cd7-8558feb60c1f,14,20,34,2,1,3,16,21,37,1,9
2023-11-24,f6ac529b-2962-4a1a-917d-92112b0df8bd,66,25,91,5,0,5,71,25,96,1,2
2023-11-24,f6c5c5e3-b9b7-4622-b7be-9b5531a73238,2,6,8,1,0,1,3,6,9,1,2
2023-11-24,f6db4091-47d4-4360-9d61-0ddefef1850e,1,2,3,4,3,7,5,5,10,1,2
2023-11-24,f6f2357a-5788-416a-b877-ad9f4c36d7a5,20,15,35,27,7,34,47,22,69,1,6
2023-11-24,f6fe0e23-023e-4a64-b00e-768848b62b67,0,0,0,8,6,14,8,6,14,1,1
2023-11-24,f724930b-8825-44c7-9747-59b7167bda3b,9,13,22,0,1,1,9,14,23,1,3
2023-11-24,f731e5e9-00dc-4ae0-85d4-f3e66e12ecd6,5,2,7,5,3,8,10,5,15,1,5
2023-11-24,f73f03a1-03a8-4045-be81-ea857dd5fb27,49,44,93,0,0,0,49,44,93,1,6
2023-11-24,f771f6c8-6403-402d-b06c-4a7bc8ef8e58,7,10,17,2,2,4,9,12,21,1,2
2023-11-24,f7a3187e-dd60-471c-86ee-3895d30fa321,1,0,1,0,0,0,1,0,1,1,1
2023-11-24,f7b731f4-e9b4-4627-9bb1-04b325a5a2bd,9,10,19,56,21,77,65,31,96,1,4
2023-11-24,f7bea35b-c4e2-44bc-969e-a1e24612b113,28,23,51,12,1,13,40,24,64,1,5
2023-11-24,f7d15796-5917-4eab-b3a2-3038c5fc2ce5,3,5,8,0,0,0,3,5,8,1,2
2023-11-24,f7e12bad-8341-416f-a30b-3dc0a35c68f7,1,0,1,3,0,3,4,0,4,1,2
2023-11-24,f7f66bc1-4332-45e0-be85-08bbce96b219,0,0,0,0,2,2,0,2,2,1,1
2023-11-24,f81323bc-71fb-497c-9b51-009c1036e803,21,32,53,148,96,244,169,128,297,1,8
2023-11-24,f8280741-e0da-4b15-b65d-8faab5b040b6,21,21,42,0,7,7,21,28,49,1,3
2023-11-24,f83bc4e4-5842-4765-be94-b6a766a2003d,0,0,0,0,1,1,0,1,1,1,1
2023-11-24,f84e3a4e-2c7d-420d-87a3-a456df499525,3,0,3,0,0,0,3,0,3,1,1
2023-11-24,f876cce7-515f-47f0-af2e-31e03f2a35b1,132,211,343,1,0,1,133,211,344,1,9
2023-11-24,f88581e0-8f80-4b97-8b5a-60704b9ed4d5,92,69,161,58,36,94,150,105,255,1,9
2023-11-24,f89c729b-2a6f-4fd7-8ba8-2ac522207b2b,33,25,58,20,1,21,53,26,79,1,10
2023-11-24,f8b6447c-4ee1-47be-89d1-679678c37f6a,62,53,115,4,0,4,66,53,119,1,4
2023-11-24,f8cff1c3-705c-4492-a9de-acc68e8142d0,0,2,2,0,0,0,0,2,2,1,2
2023-11-24,f8ffc78d-4fbe-40f2-9154-fc53dddcb422,1,4,5,3,0,3,4,4,8,1,2
2023-11-24,f916a7ac-9cb6-4f07-ae22-adf2548974fb,15,15,30,3,1,4,18,16,34,1,10
2023-11-24,f927c28d-5dbb-4096-8707-8390ba7534bb,1,2,3,0,0,0,1,2,3,1,1
2023-11-24,f93ea1cf-4b85-4648-b805-2261c93fd8ca,39,22,61,3,3,6,42,25,67,1,3
2023-11-24,f94cca25-8f72-4012-9a82-66d15c7219d8,2,2,4,8,1,9,10,3,13,1,4
2023-11-24,f95b3261-990a-4cda-9c86-69fcc4204765,55,104,159,1,1,2,56,105,161,1,9
2023-11-24,f963efb1-2361-4879-ac95-bb16230747e2,11,29,40,0,0,0,11,29,40,1,4
2023-11-24,f983ab95-0489-4310-9adf-2fa67452e64a,67,75,142,25,11,36,92,86,178,1,9
2023-11-24,f99a32ff-05c1-4bee-96c9-2b9e37f77993,1,1,2,4,0,4,5,1,6,1,2
2023-11-24,f9be354f-15b6-4f6a-aafe-c6ea6c6f8b3d,20,20,40,2,3,5,22,23,45,1,12
2023-11-24,f9d9cb75-55fb-40e3-97c6-d215ba4f9f03,35,31,66,0,0,0,35,31,66,1,3
2023-11-24,f9f858fc-72b8-49bf-8772-49a9496cd01d,2,2,4,140,1,141,142,3,145,1,3
2023-11-24,fa285bf1-be48-4b57-857f-2a879a6fcc06,4,6,10,0,0,0,4,6,10,1,2
2023-11-24,fa3d522d-c238-4532-9cff-7e52c2f894d0,12,9,21,1,0,1,13,9,22,1,3
2023-11-24,fa4dcc72-7f7e-480e-9ad9-b2ce938cc5f2,0,0,0,1,0,1,1,0,1,1,1
2023-11-24,fa59f3b2-868c-4c74-a177-415f044d8e59,46,46,92,0,0,0,46,46,92,1,1
2023-11-24,fa7b9603-23fd-4b91-9dda-744f22dc9868,55,51,106,8,8,16,63,59,122,1,9
2023-11-24,fa979c38-fc62-4211-ad46-90a689e5aafb,9,11,20,3,0,3,12,11,23,1,7
2023-11-24,faa825d3-f586-4cdb-8d92-f0a86085edf8,3,2,5,0,0,0,3,2,5,1,2
2023-11-24,fae2df23-b3ca-4922-a651-d7b8e433bc20,0,5,5,0,1,1,0,6,6,1,3
2023-11-24,fb0638b2-6728-4b68-94f6-2dea118aa1a3,101,119,220,2,0,2,103,119,222,1,11
2023-11-24,fb27cd2f-d438-47bf-bd30-ecf12fe4f306,0,1,1,0,0,0,0,1,1,1,1
2023-11-24,fb402dab-179c-4640-9b07-305c5311eab1,4,0,4,1,0,1,5,0,5,1,4
2023-11-24,fb65f57b-af31-4cab-81a4-b18863b8d1c6,40,68,108,39,51,90,79,119,198,1,7
2023-11-24,fb710d7c-534e-4ad7-8306-0ed8a5ec8e45,2,0,2,0,0,0,2,0,2,1,1
2023-11-24,fb7b6fa5-3e81-42f1-b0bc-8864ad124561,174,205,379,1,3,4,175,208,383,1,2
2023-11-24,fb8ea9fb-ac79-40f5-9a91-ac1eb6e2d619,3,5,8,0,1,1,3,6,9,1,3
2023-11-24,fbac039e-fd28-4bf5-b4b8-53dc50a06686,0,2,2,0,0,0,0,2,2,1,2
2023-11-24,fbbd0fe7-2384-4bab-a512-b445a28edb66,102,107,209,49,6,55,151,113,264,1,5
2023-11-24,fbcd4673-8e15-4234-b537-8f176fcc4935,0,0,0,2,0,2,2,0,2,1,1
2023-11-24,fbe4c8d6-84a9-48a7-9b14-2018e7790b49,4,2,6,0,0,0,4,2,6,1,2
2023-11-24,fbfec293-c2eb-4cfe-a9aa-8b6c8af4f87e,34,63,97,4,7,11,38,70,108,1,9
2023-11-24,fc1c1c89-4b7a-4189-9b85-f75fe159a372,53,34,87,17,13,30,70,47,117,1,6
2023-11-24,fc29176c-7a01-4b7e-adef-8e86ec60516d,44,33,77,3,5,8,47,38,85,1,4
2023-11-24,fc3d1589-00ab-43ce-bdcf-55b869af0920,82,82,164,1,0,1,83,82,165,1,6
2023-11-24,fc7b2acd-c374-490b-ba79-4d54f922a09b,1,0,1,0,0,0,1,0,1,1,1
2023-11-24,fca1d0f4-2c41-4e0e-9cbc-4ae8c0a361ca,1,3,4,0,0,0,1,3,4,1,1
2023-11-24,fcb6e45b-c096-4c03-9aa3-4b6b9d36e19b,4,2,6,16,10,26,20,12,32,1,5
2023-11-24,fcd2ec9f-8643-4da6-953a-0234c18b730e,2,0,2,29,20,49,31,20,51,1,2
2023-11-24,fce890a9-0426-4f57-9e81-74ba5da6fc48,10,15,25,76,32,108,86,47,133,1,15
2023-11-24,fd1f4e2a-5997-4ccc-a285-d1a423dc2558,86,105,191,0,0,0,86,105,191,1,2
2023-11-24,fd2ccf61-80c1-4967-8ab7-e9976022a5dd,16,8,24,31,2,33,47,10,57,1,6
2023-11-24,fd571276-8031-44a5-9e9f-14c4e0a59ad2,26,0,26,0,0,0,26,0,26,1,4
2023-11-24,fd779f2b-d67f-4fd3-a4fd-3bb46d6543b0,0,1,1,0,0,0,0,1,1,1,1
2023-11-24,fd885e33-f916-42be-8dae-845846b6db6a,6,1,7,2,0,2,8,1,9,1,7
2023-11-24,fd9e1a41-4b7d-4ddd-b9c5-92c52754dc61,35,59,94,69,57,126,104,116,220,1,9
2023-11-24,fdb89f27-afc9-4b62-bf8d-b84f7e06aab6,0,0,0,2,0,2,2,0,2,1,1
2023-11-24,fdc2efcb-973c-48c2-a1c1-38328ba612c1,124,175,299,143,124,267,267,299,566,1,6
2023-11-24,fdef60ef-e301-4379-b38c-3488a0fbf279,1,1,2,92,16,108,93,17,110,1,2
2023-11-24,fe0ee6c0-bd64-46ee-8493-1760f1daebe3,7,5,12,0,0,0,7,5,12,1,2
2023-11-24,fe352736-fcf4-41c8-bebf-56da27263957,34,31,65,2,3,5,36,34,70,1,5
2023-11-24,fe59ce0e-0ad2-4298-9008-c4a22e8eb6bc,42,52,94,0,0,0,42,52,94,1,6
2023-11-24,fe798d98-0289-4f1b-b1a3-0e2af36d3248,29,35,64,94,0,94,123,35,158,1,11
2023-11-24,fe95e1ee-73e8-43c7-9528-cbf9040edffb,38,52,90,3,1,4,41,53,94,1,5
2023-11-24,fead9107-5302-47d5-9308-6464a1fe5336,2,0,2,3,3,6,5,3,8,1,3
2023-11-24,feb558cf-5d7b-4841-a17b-3f55df51a6b7,203,192,395,9,6,15,212,198,410,1,8
2023-11-24,fedd38ca-1da5-4d8e-a037-3d44204d7d08,0,0,0,7,1,8,7,1,8,1,1
2023-11-24,fef05cb4-1d8c-4090-bf0e-6a154ef49c94,0,1,1,0,0,0,0,1,1,1,1
2023-11-24,ff37459f-7f4a-48d3-afb4-64376046d9cf,61,65,126,4,3,7,65,68,133,1,11
2023-11-24,ff52eb2f-856e-4ac4-9dfb-1df4c1bf19bd,0,1,1,0,0,0,0,1,1,1,1
2023-11-24,ff59dcd7-9d54-403a-bbb1-c1450f343101,3,3,6,1,1,2,4,4,8,1,3
2023-11-24,ff645509-432c-4978-bdae-8cb6a461dd42,1,2,3,0,0,0,1,2,3,1,1
2023-11-24,ff7670fd-9252-48e1-a692-9a37d9f2ca96,2,2,4,0,0,0,2,2,4,1,2
2023-11-24,ffbce115-a18f-41a4-9350-5f5423e1b03b,1,2,3,0,0,0,1,2,3,1,2
2023-11-24,ffd4ef9d-5668-4120-8671-8cbfa1217528,4,3,7,0,0,0,4,3,7,1,1
2023-11-24,ffdeda0a-ec94-4f78-9b27-ddd4c3d19daa,14,11,25,1,0,1,15,11,26,1,6
2021-04-07,00dd24de-e168-4900-9c11-e6aef941ff91,1,1,2,4,0,4,5,1,6,1,3
2021-04-07,024cd080-214a-49fd-8075-27aaa2c12986,0,0,0,1,0,1,1,0,1,1,1
2021-04-07,02d468f8-3588-44da-bde3-e242aea755d3,1,1,2,0,0,0,1,1,2,1,1
2021-04-07,0483578d-23b0-49a3-8e0a-06a11bc9a513,12,18,30,5,0,5,17,18,35,1,7
2021-04-07,0517f3ae-e22a-4646-9528-a1f0a04ccc62,5,4,9,0,0,0,5,4,9,1,1
2021-04-07,05cc61d1-e495-4b86-af9e-0018f78f988a,0,1,1,0,0,0,0,1,1,1,1
2021-04-07,061c4cb4-107d-458e-b3ca-b454b17a440e,17,9,26,1,0,1,18,9,27,1,7
2021-04-07,067455bc-6f4d-4ea4-8e34-cb3e478391e4,22,24,46,0,0,0,22,24,46,1,4
2021-04-07,074c7d3c-e1d2-49ee-a394-3e000413d8d6,7,8,15,0,0,0,7,8,15,1,3
2021-04-07,08bcb2d4-c870-4be0-80a6-32938b6ac312,0,1,1,0,0,0,0,1,1,1,1
2021-04-07,09abf9ac-ec1c-4181-9e32-e5c89c0cbac8,4,9,13,1,0,1,5,9,14,1,3
2021-04-07,0a5b4806-ca82-45ac-93df-f6e0e5d8d943,3,0,3,0,0,0,3,0,3,1,2
2021-04-07,0b0aa57f-f031-4a8d-94f6-61e64ad9d757,7,22,29,0,0,0,7,22,29,1,2
2021-04-07,0d8e62ed-7e4f-4452-8249-5203872ffdd8,0,1,1,1,0,1,1,1,2,1,1
2021-04-07,0e296a25-d6ea-43dd-8313-cba35d9bb382,6,7,13,6,2,8,12,9,21,1,5
2021-04-07,0ef2b2d4-c989-4d7a-8564-a7899f293adc,1,5,6,36,0,36,37,5,42,1,2
2021-04-07,12fb3f4e-8f75-456a-af96-3385f6c4f030,143,151,294,1,0,1,144,151,295,1,4
2021-04-07,137d34e7-015a-4099-b0bc-4321aaee8e86,27,31,58,0,2,2,27,33,60,1,6
2021-04-07,143587c2-294e-4efc-b916-2a6175258953,48,39,87,3,0,3,51,39,90,1,4
2021-04-07,15e2fbe6-d550-48aa-aa19-1699613a94ba,5,3,8,0,0,0,5,3,8,1,1
2021-04-07,16a8ab17-9bf8-40f4-9fce-422dc49baa86,1,3,4,0,0,0,1,3,4,1,2
2021-04-07,1767aadc-40ef-47c1-b2f1-f66a9cab2f44,12,7,19,0,0,0,12,7,19,1,2
2021-04-07,1905a0bc-bb68-4031-b602-b2fa2a27c174,4,0,4,0,0,0,4,0,4,1,2
2021-04-07,198c52f4-98db-459b-b2b6-c765d36c4a40,4,0,4,8,0,8,12,0,12,1,3
2021-04-07,1b2d758e-d49f-49e5-b176-4a60154a2395,11,18,29,4,9,13,15,27,42,1,2
2021-04-07,1bc1835b-705e-498a-ac74-866543d5e3cd,2,2,4,0,0,0,2,2,4,1,1
2021-04-07,1e1c3921-4ac3-4080-9162-184298f4efd0,38,62,100,0,1,1,38,63,101,1,6
2021-04-07,1f01543a-bc4b-4db3-aad4-2ade99e921b1,1,1,2,0,0,0,1,1,2,1,1
2021-04-07,20a98f59-3418-47d8-9863-30a5e204c658,3,2,5,0,0,0,3,2,5,1,2
2021-04-07,21372c04-71dc-44d0-bea2-ccf5c84715ce,6,3,9,0,0,0,6,3,9,1,2
2021-04-07,22374e72-ab09-42c4-9ff5-8e4999a08dce,0,6,6,0,0,0,0,6,6,1,2
2021-04-07,22c1c28e-2235-47d8-882d-e27727dcbed0,1,3,4,0,0,0,1,3,4,1,1
2021-04-07,245ef2d5-d0b6-43f9-a551-a38448403f5f,12,19,31,1,0,1,13,19,32,1,3
2021-04-07,25b64b4d-b298-48a3-a68e-6d10c117a5c6,6,9,15,0,0,0,6,9,15,1,5
2021-04-07,27159d63-5738-4b41-b223-16fc8bb5e63a,3,2,5,0,0,0,3,2,5,1,1
2021-04-07,2926a20f-19d8-496c-8460-6767662d900e,2,4,6,1,0,1,3,4,7,1,2
2021-04-07,2a24ee0a-9e75-4e4a-98b1-d7b2c8c6c443,47,22,69,2,0,2,49,22,71,1,4
2021-04-07,2afe6dfc-cf33-4713-8fc1-92e32cfe451f,6,4,10,4,0,4,10,4,14,1,4
2021-04-07,2b5b1920-91de-4013-b0aa-dfae1ce305a1,50,49,99,3,0,3,53,49,102,1,7
2021-04-07,2cb1d699-f911-45be-b2b1-8944ba175d34,1,2,3,0,0,0,1,2,3,1,1
2021-04-07,2d66e39d-600f-4c9d-b44d-202f0671faaa,11,13,24,7,0,7,18,13,31,1,4
2021-04-07,2e7f62c5-8a1b-4b5a-8a02-89708e6448e4,0,3,3,0,0,0,0,3,3,1,1
2021-04-07,2fe9ba38-a587-4621-83ee-5ee2f60d2baa,0,1,1,0,0,0,0,1,1,1,1
2021-04-07,30f1d604-ffa9-4bb4-9c23-e64ee98eed0e,185,220,405,3,10,13,188,230,418,1,7
2021-04-07,3249ce00-7b98-41e7-b414-50fe698f6dc7,2,1,3,2,0,2,4,1,5,1,1
2021-04-07,333f51da-4635-4e42-83d8-5875985a373d,16,17,33,0,0,0,16,17,33,1,6
2021-04-07,3481f440-71ad-4af9-be6f-149ab520bf9d,14,18,32,0,0,0,14,18,32,1,3
2021-04-07,35b4bc07-1524-41f5-9f3d-e9dbc1c06cce,5,2,7,0,0,0,5,2,7,1,4
2021-04-07,365e8d8d-6e9f-46ea-8011-d1c17db98114,0,0,0,4,0,4,4,0,4,1,1
2021-04-07,3787b7ce-b1cc-49c0-bb2c-98b7adf87a35,2,3,5,0,0,0,2,3,5,1,3
2021-04-07,3821328b-33fe-4a62-94ab-14ad952b6610,15,7,22,62,0,62,77,7,84,1,4
2021-04-07,39e27c8d-4072-4e13-bd52-a2b184c2bc5b,8,9,17,0,0,0,8,9,17,1,1
2021-04-07,3b497361-25ce-4613-87f0-192d20fc7a30,0,1,1,0,0,0,0,1,1,1,1
2021-04-07,3c7f550a-6c43-4f32-ba71-5d024f9390d7,1,0,1,0,0,0,1,0,1,1,1
2021-04-07,3d0c2e60-0565-46d1-b2b5-233dcbf09944,11,7,18,5,0,5,16,7,23,1,5
2021-04-07,3dcae8da-1a6b-47e0-999d-1bebbf009dd9,8,10,18,0,0,0,8,10,18,1,4
2021-04-07,3e0883d0-cc38-4427-84d1-5c8b88c0d370,9,14,23,0,0,0,9,14,23,1,4
2021-04-07,3efbe689-5cb5-4266-8e1c-7f5e46e6f23c,0,1,1,9,0,9,9,1,10,1,1
2021-04-07,40b89c67-85b9-4f76-ac64-9b8d10ad9e33,19,21,40,1,1,2,20,22,42,1,4
2021-04-07,4210607f-dcee-4b5f-ba8c-22aaf810ed66,0,0,0,1,0,1,1,0,1,1,1
2021-04-07,42b7069b-1fab-47da-a07c-67b21fc178d1,3,2,5,0,0,0,3,2,5,1,2
2021-04-07,432dec8a-9553-4c66-b377-51fb30d9bf40,0,1,1,2,0,2,2,1,3,1,2
2021-04-07,43beb770-d74a-4701-9d85-2b3dfb5b9dbb,1,1,2,0,0,0,1,1,2,1,1
2021-04-07,44fbba6f-6c88-4c7c-8ca5-20d98ba51f79,265,303,568,1,0,1,266,303,569,1,10
2021-04-07,45fd0ff9-3e4c-4e32-a2f4-06bbc8f2a31a,4,4,8,1,0,1,5,4,9,1,2
2021-04-07,46c57ebd-98c0-464b-a5b2-7f2307eef313,1,0,1,0,0,0,1,0,1,1,1
2021-04-07,4763e436-1bfc-441a-ad9c-cf71a2940f82,1,1,2,0,0,0,1,1,2,1,1
2021-04-07,47b5fd9b-4313-4545-851e-81bfcd95aa16,22,35,57,0,0,0,22,35,57,1,2
2021-04-07,48e88ed7-c24f-489d-a333-489d0eec7f16,2,0,2,0,0,0,2,0,2,1,1
2021-04-07,4940508c-7b40-4361-b22a-9caf9455223b,4,5,9,0,0,0,4,5,9,1,2
2021-04-07,4aa01a34-73aa-4dd4-b1bd-f43614c6fd9d,4,4,8,1,2,3,5,6,11,1,2
2021-04-07,4bbfb84e-1e3e-4f88-a416-341f197c6d97,2,3,5,1,0,1,3,3,6,1,2
2021-04-07,4ca507fd-4a05-4719-b450-1cf7814957f8,2,0,2,0,0,0,2,0,2,1,1
2021-04-07,4d9d3168-e979-48b0-9417-b825e2cbf8d3,1,1,2,0,0,0,1,1,2,1,1
2021-04-07,4e8df5b4-aeea-4166-8c20-896f95b63786,3,0,3,0,0,0,3,0,3,1,1
2021-04-07,4f424aaa-aeb6-4384-9742-72fe26db9d3c,3,4,7,0,0,0,3,4,7,1,2
2021-04-07,5005250b-e491-4c8f-b3a8-e723325a08d3,1,0,1,1,0,1,2,0,2,1,2
2021-04-07,514cf413-50bc-4e52-8373-119b9b2af84e,1,1,2,0,0,0,1,1,2,1,2
2021-04-07,51e17aa0-cf46-473d-8360-dda966fecc25,20,27,47,3,1,4,23,28,51,1,3
2021-04-07,534ee95b-ec83-463d-b545-ea589c2bf234,108,137,245,16,10,26,124,147,271,1,6
2021-04-07,53df0f1d-80cf-42d2-8164-b589fd8865b3,14,16,30,0,0,0,14,16,30,1,3
2021-04-07,543f74d4-92c0-42cd-89f5-7ffd2f23ae10,4,1,5,0,0,0,4,1,5,1,2
2021-04-07,55c07622-a978-4e1d-8598-2079ee787253,1,0,1,0,0,0,1,0,1,1,1
2021-04-07,56b1f528-005a-491c-953f-271979989966,13,12,25,0,0,0,13,12,25,1,2
2021-04-07,5770969f-e245-4c5b-95fb-ba5e212fd6fc,2,1,3,15,0,15,17,1,18,1,5
2021-04-07,58293e85-cc29-4875-906e-536434975fc7,6,7,13,0,0,0,6,7,13,1,2
2021-04-07,58c77b45-8c8f-492e-b113-231a2781ae9b,158,144,302,13,26,39,171,170,341,1,6
2021-04-07,5b9c5c4c-c3a6-4848-b51b-bac6f2cae412,2,5,7,0,0,0,2,5,7,1,1
2021-04-07,5c78f885-9e4e-431d-bbca-c78994204099,8,6,14,0,0,0,8,6,14,1,2
2021-04-07,5dcfdea6-cb2a-4d9c-8021-fdfaffef1744,0,0,0,2,0,2,2,0,2,1,1
2021-04-07,5fa97b48-7858-4cd5-825c-4f265dd42c29,21,12,33,2,4,6,23,16,39,1,2
2021-04-07,6078d962-0471-4ce7-8df4-da8edf28c461,48,42,90,7,0,7,55,42,97,1,3
2021-04-07,60c67e40-21ac-4cb4-9a9d-10f61fe5c83a,2,2,4,0,0,0,2,2,4,1,1
2021-04-07,61893817-6260-4795-a267-d4b59fd5fd4e,2,2,4,0,0,0,2,2,4,1,1
2021-04-07,626b89c2-b2a8-45b2-8d54-ec0e9e683548,1,4,5,0,0,0,1,4,5,1,1
2021-04-07,638fa1f6-411d-4389-8dd8-f54a6c86e1b5,0,1,1,0,0,0,0,1,1,1,1
2021-04-07,642bfff5-62f0-472c-8ff9-8f4996270c8d,57,74,131,0,0,0,57,74,131,1,3
2021-04-07,64eb1b9a-afb7-4bb7-8fa5-e91b0424dba1,4,4,8,1,2,3,5,6,11,1,1
2021-04-07,65c8b90f-585a-421c-b811-526b1ad12661,0,1,1,0,0,0,0,1,1,1,1
2021-04-07,66ca564e-9967-4ea6-9313-480a0c81bb9c,68,70,138,2,0,2,70,70,140,1,7
2021-04-07,67ce14f2-a19c-429a-a811-2573a78ba81b,25,29,54,0,3,3,25,32,57,1,4
2021-04-07,6a3ad24a-e3a1-4e73-b786-6e8074b448b5,4,4,8,1,0,1,5,4,9,1,5
2021-04-07,6b57ee56-f6f8-4bb4-9543-dfee57fb1d12,1,3,4,0,0,0,1,3,4,1,3
2021-04-07,6c5a5b4a-ea5b-40be-890c-237fc080feff,3,5,8,0,0,0,3,5,8,1,2
2021-04-07,6ca7530a-1fc8-41cc-8d59-c1f3c7577200,1,0,1,1,0,1,2,0,2,1,2
2021-04-07,6dc779c3-4d2a-487d-9c9e-a80b6dcb87e3,120,67,187,0,0,0,120,67,187,1,6
2021-04-07,6ebb9c70-40b3-45b2-832d-89c2979f710c,3,1,4,0,0,0,3,1,4,1,3
2021-04-07,70abf0ab-3da1-4fed-9d4b-ce03d206df0a,24,30,54,0,0,0,24,30,54,1,4
2021-04-07,71a0aa56-40d3-41f9-9163-d5ac1877a9a6,0,1,1,0,0,0,0,1,1,1,1
2021-04-07,747d6e9c-0929-4b34-97c3-ffbaa0bba1fa,3,6,9,0,0,0,3,6,9,1,1
2021-04-07,75fdc770-cbde-497b-87e0-98e1b41a68d5,34,30,64,8,0,8,42,30,72,1,4
2021-04-07,778331d5-15a5-42cf-8d26-8dae75b2165b,13,15,28,1,0,1,14,15,29,1,2
2021-04-07,78625c1c-37e6-41f7-801e-2d88f6c307bb,1,0,1,0,0,0,1,0,1,1,1
2021-04-07,7903413b-24ab-42dc-97fc-9fa01c8598d0,11,10,21,0,2,2,11,12,23,1,2
2021-04-07,793ddd9e-0009-4837-9aca-f3357e4ba729,4,2,6,0,0,0,4,2,6,1,1
2021-04-07,79f73055-75bb-4fa5-b691-628bd09d5eba,11,19,30,3,2,5,14,21,35,1,2
2021-04-07,7bff18b5-e761-4a68-b744-bc46c48d5a70,3,1,4,0,0,0,3,1,4,1,2
2021-04-07,7d46b8a3-ee70-4de6-ac6d-acd3feb18b4d,1,0,1,0,0,0,1,0,1,1,1
2021-04-07,7e52cbda-fd5f-4429-97c3-72062c93a063,13,15,28,0,0,0,13,15,28,1,3
2021-04-07,804c1451-d331-48e8-9965-12064072c17a,9,7,16,0,0,0,9,7,16,1,1
2021-04-07,80d627d8-27f4-4ebe-846e-0448e47eaced,23,26,49,0,0,0,23,26,49,1,6
2021-04-07,82081ef7-dbdc-479f-bebc-fbe8948c1746,5,2,7,0,0,0,5,2,7,1,4
2021-04-07,82956663-4397-4557-a0c2-5585f1e4bb81,1,0,1,0,0,0,1,0,1,1,1
2021-04-07,83a546fd-9f4a-4415-950b-301b534653d9,1,1,2,0,0,0,1,1,2,1,1
2021-04-07,854db8bd-8bcb-4b61-9b04-71ce3349ad3a,6,7,13,1,0,1,7,7,14,1,2
2021-04-07,85bb3dd6-3951-4ca6-94ae-a5aef9a19ac5,11,10,21,4,3,7,15,13,28,1,3
2021-04-07,86e0a829-cc43-4bec-a8aa-db0a1bb95415,18,17,35,1,1,2,19,18,37,1,4
2021-04-07,8742e0b8-fd15-4575-80d8-51c002a5cc4e,147,148,295,4,1,5,151,149,300,1,7
2021-04-07,87fa353c-be36-41ec-ac78-57a5b8f8da73,8,8,16,1,0,1,9,8,17,1,2
2021-04-07,88a5b7e4-1cf5-4ac0-a6d2-d48a84b46f6f,1,1,2,0,0,0,1,1,2,1,1
2021-04-07,8a39b1c3-c748-4d76-9931-2c571ec554b5,7,10,17,0,1,1,7,11,18,1,3
2021-04-07,8af19460-7869-4071-9366-31eb15df40ef,2,2,4,0,0,0,2,2,4,1,2
2021-04-07,8bd79b24-837b-446d-83fd-f63c5395022c,6,10,16,1,2,3,7,12,19,1,6
2021-04-07,8c47cc75-e662-4be3-aaa0-9422d309d8e7,2,1,3,0,0,0,2,1,3,1,1
2021-04-07,8d52d8c1-8941-470d-bf65-e58e19cc2660,30,54,84,0,0,0,30,54,84,1,5
2021-04-07,8e498a62-0e33-432c-b97b-daef30878d73,15,24,39,0,0,0,15,24,39,1,3
2021-04-07,8f53d9fb-c94b-48aa-89ae-f9c5053094af,1,2,3,0,0,0,1,2,3,1,1
2021-04-07,908a8177-dd15-46f0-b4f0-6bb552e1055a,64,76,140,0,0,0,64,76,140,1,8
2021-04-07,91c9fefd-47fa-4813-bc24-a9e26115b8a8,2,3,5,0,0,0,2,3,5,1,1
2021-04-07,94060e4c-aa07-4799-b6ce-6c877396ae20,2,1,3,0,0,0,2,1,3,1,1
2021-04-07,947c8061-4643-43dc-bae0-785c7f17f82d,3,3,6,0,0,0,3,3,6,1,2
2021-04-07,9533ed76-96cd-4ab3-8480-099573d2e51a,80,101,181,0,0,0,80,101,181,1,4
2021-04-07,95e4f151-0db4-439b-8912-b088a3b02f27,3,6,9,0,0,0,3,6,9,1,2
2021-04-07,9762e5a4-b72b-4b15-b0ce-c2a44a6ba1e6,1,0,1,0,0,0,1,0,1,1,1
2021-04-07,98c1378c-2c55-46ed-a1fa-7dbbb98cc9ca,4,6,10,8,1,9,12,7,19,1,3
2021-04-07,99910cbe-d612-4725-9fc9-2d8a3ff11ae7,2,0,2,0,0,0,2,0,2,1,1
2021-04-07,9ad08f5c-0ce7-44c7-b650-154589b5e746,159,98,257,0,0,0,159,98,257,1,5
2021-04-07,9ba7439f-53e9-4312-a382-ffdd4563cdd2,2,5,7,1,0,1,3,5,8,1,2
2021-04-07,9c6a0e9b-38cd-4e47-a399-bfd7d5df8329,4,0,4,1,0,1,5,0,5,1,3
2021-04-07,9d252552-75c4-4f23-8145-d3c482aff900,2,0,2,0,0,0,2,0,2,1,1
2021-04-07,9e6e1fed-a015-4f0d-abc8-8744e44a23fd,21,19,40,0,0,0,21,19,40,1,2
2021-04-07,9f5211e4-9387-4912-bcbc-2160bbad0b7f,1,0,1,0,0,0,1,0,1,1,1
2021-04-07,a0698576-9e41-4f35-a10c-1c2a0c14acd1,2,2,4,0,0,0,2,2,4,1,1
2021-04-07,a1b21254-6f38-4f07-9813-c1eedcd1fca1,1,1,2,0,0,0,1,1,2,1,1
2021-04-07,a26ef4c2-9af2-420c-93e8-223b63012ce6,31,51,82,4,0,4,35,51,86,1,9
2021-04-07,a37c2f3a-f575-4537-9f0b-6af06d0ee05f,5,0,5,0,0,0,5,0,5,1,2
2021-04-07,a44d61c7-5885-464f-9615-b05fa8ca2e9a,2,0,2,0,0,0,2,0,2,1,1
2021-04-07,a5315ba3-44cd-415b-92c2-3b73945edd00,7,10,17,1,6,7,8,16,24,1,4
2021-04-07,a6f9a5e1-77ac-430f-8605-28a9da5237b4,1,0,1,0,0,0,1,0,1,1,1
2021-04-07,a8e9d9fd-5e08-41cf-b51a-92671331995b,2,2,4,0,0,0,2,2,4,1,1
2021-04-07,a96763c6-d988-47ea-92bb-3196c224c970,1,0,1,7,0,7,8,0,8,1,2
2021-04-07,aa76d790-36c9-4f7a-b408-228c8e6f9745,2,4,6,0,0,0,2,4,6,1,2
2021-04-07,aba2f86c-deeb-4430-965d-f3a5b1f0eade,1,0,1,0,0,0,1,0,1,1,1
2021-04-07,ac5b2e9a-eac5-4a37-ba87-9b488cc62499,2,8,10,0,0,0,2,8,10,1,3
2021-04-07,adbd3eb5-f7fc-4bfe-a892-510611f48ffe,3,2,5,4,0,4,7,2,9,1,3
2021-04-07,aedd2811-f81c-4b9e-b8c0-0c927f913746,1,2,3,0,0,0,1,2,3,1,2
2021-04-07,b01818af-f231-445e-adc5-4e20d1193426,3,13,16,25,3,28,28,16,44,1,3
2021-04-07,b11578fc-2775-4c74-806d-0c5c59936167,3,6,9,0,0,0,3,6,9,1,2
2021-04-07,b20d216b-d794-4411-b689-1618f925db3e,33,33,66,0,0,0,33,33,66,1,4
2021-04-07,b2cd2cfe-54a7-400e-ae82-7932f2b25aaf,11,10,21,1,5,6,12,15,27,1,5
2021-04-07,b481994f-27a8-4c96-a0fe-f80aa348f985,3,0,3,0,0,0,3,0,3,1,2
2021-04-07,b5d0ba08-7bce-4f13-9512-8441fa86f64f,1,0,1,0,0,0,1,0,1,1,1
2021-04-07,b780f5a9-cca0-4f45-8365-4b2b3683a567,39,39,78,0,0,0,39,39,78,1,5
2021-04-07,b8ec7415-4924-481a-abd4-53551b0dd5dd,1,0,1,0,0,0,1,0,1,1,1
2021-04-07,ba24c035-a3d8-431b-bfde-a960960a4fa7,1,0,1,0,0,0,1,0,1,1,1
2021-04-07,baeb3f50-2580-422b-9fc9-ec4105d5a3f3,2,1,3,0,1,1,2,2,4,1,1
2021-04-07,bbc79194-810b-40f7-9701-8a9e4128880a,55,93,148,0,0,0,55,93,148,1,1
2021-04-07,bd79dd6f-0bdb-4609-a7a5-9ed08828a094,2,2,4,0,0,0,2,2,4,1,1
2021-04-07,c06178dc-cd20-48f6-a2dc-623b1189ea31,2,1,3,0,0,0,2,1,3,1,2
2021-04-07,c105f24d-31be-4192-9923-130ddf16706d,1,0,1,0,0,0,1,0,1,1,1
2021-04-07,c272aea3-5c34-4290-b9ab-b89d8f012482,1,1,2,0,0,0,1,1,2,1,2
2021-04-07,c363314b-1980-4be7-8b30-663ab38a4409,106,122,228,0,0,0,106,122,228,1,3
2021-04-07,c42c9e3f-351a-4815-9676-c6e058a2aec9,8,1,9,0,0,0,8,1,9,1,3
2021-04-07,c57b6751-d1cb-47f2-8794-dd295c82035d,5,6,11,0,0,0,5,6,11,1,1
2021-04-07,c6c21122-80cb-4ca6-ba5a-67bd957b3259,3,0,3,0,0,0,3,0,3,1,2
2021-04-07,c7c7fff6-50b1-4be2-85f1-79e62def96fa,17,12,29,0,0,0,17,12,29,1,1
2021-04-07,c8a196f4-a9ef-4746-be6b-ee37095f5acd,3,11,14,0,0,0,3,11,14,1,2
2021-04-07,c9c9d731-8685-4d6d-adeb-611da4b70ae0,2,2,4,0,0,0,2,2,4,1,2
2021-04-07,cacdbeb6-100f-462c-8447-897895595b9e,0,1,1,0,0,0,0,1,1,1,1
2021-04-07,cba4b770-271c-47e4-809c-b984b7d0f9bc,38,44,82,0,12,12,38,56,94,1,10
2021-04-07,cc23403f-4f0d-4d4e-bf29-fdcf9f2080a5,1,0,1,0,1,1,1,1,2,1,1
2021-04-07,cd98a7b5-8161-4190-a1a9-6f8e973a4993,4,4,8,0,0,0,4,4,8,1,2
2021-04-07,ced34a3f-d1ac-428c-86a7-1bf1c68a3ebe,1,0,1,2,0,2,3,0,3,1,2
2021-04-07,cfea8bba-ece2-4fcc-a1ea-3493ff994bac,1,21,22,0,0,0,1,21,22,1,1
2021-04-07,d270fe11-31de-43cb-ad1e-39463be838aa,1,0,1,0,0,0,1,0,1,1,1
2021-04-07,d4915ae8-cca4-4c08-acf9-3611c186c6b3,5,10,15,0,0,0,5,10,15,1,4
2021-04-07,d5ab6660-ea0d-4e1c-aaec-43f6302c3d93,1,1,2,0,0,0,1,1,2,1,1
2021-04-07,d8333c5f-3e02-44ef-937d-b184712c22fc,5,2,7,0,0,0,5,2,7,1,3
2021-04-07,d8983ff2-d10f-4e28-8d15-150429f88b69,8,4,12,1,0,1,9,4,13,1,4
2021-04-07,d8d81b99-de76-40bb-8dd0-5882c32ea02f,21,20,41,6,0,6,27,20,47,1,4
2021-04-07,d97ea465-9031-46cd-8bc4-707435096bc6,21,29,50,0,0,0,21,29,50,1,5
2021-04-07,dba0d55a-ceb7-4d98-a2b2-38773c28ccca,4,4,8,21,0,21,25,4,29,1,2
2021-04-07,dc2afa3d-b9c1-4295-8eef-b64a2b46b3e0,2,0,2,0,0,0,2,0,2,1,1
2021-04-07,dd314cc9-a1f9-428d-a363-6ad009eb586b,17,34,51,0,0,0,17,34,51,1,3
2021-04-07,de067358-662f-4cb7-8109-d2a1479fe215,2,0,2,0,0,0,2,0,2,1,2
2021-04-07,df872bea-ce07-4fce-b196-4999b86cee2c,6,6,12,0,0,0,6,6,12,1,5
2021-04-07,e032defa-f4ef-4663-9755-3f4951f5ffb2,128,108,236,1,9,10,129,117,246,1,3
2021-04-07,e14a35bb-2d71-472b-89ec-e8950df494ae,0,1,1,1,0,1,1,1,2,1,1
2021-04-07,e1e07627-7444-4a85-8051-8abc3d851c90,17,20,37,0,0,0,17,20,37,1,2
2021-04-07,e213d873-1835-4bfc-bf87-4a0d78bf1898,0,2,2,0,0,0,0,2,2,1,1
2021-04-07,e39f5546-f82b-4687-b62d-83a62e091f24,10,14,24,0,0,0,10,14,24,1,1
2021-04-07,e4532394-e781-44ed-99c0-90dc861bea6d,5,4,9,2,0,2,7,4,11,1,3
2021-04-07,e50be48f-8864-4e0f-9116-6aaf27ad7c9f,3,4,7,0,1,1,3,5,8,1,1
2021-04-07,e5ecb620-e6a2-42b9-97cc-e04b6ee46c74,22,23,45,4,1,5,26,24,50,1,8
2021-04-07,e75a82f7-23ef-473e-ba70-31763eebed51,3,0,3,0,0,0,3,0,3,1,2
2021-04-07,e86fb94f-a2b1-4e76-8229-acdba88e33e8,22,17,39,6,3,9,28,20,48,1,8
2021-04-07,e8f3f1d3-260c-4e31-b95e-4cfbd329e397,1,0,1,0,0,0,1,0,1,1,1
2021-04-07,e9d019d6-b345-403b-b972-16276f19673f,3,7,10,0,0,0,3,7,10,1,2
2021-04-07,eb454844-b903-4965-8a89-300f6615ea7d,5,2,7,0,2,2,5,4,9,1,2
2021-04-07,ecd28bd2-efdb-49eb-ad8e-53781d4ac4ab,12,12,24,0,0,0,12,12,24,1,4
2021-04-07,ee3e8a4a-265b-47fa-b2d8-35f6f950bd59,7,15,22,0,0,0,7,15,22,1,5
2021-04-07,ef61cd99-4a0b-4cb8-a75b-e41180fa7619,22,24,46,2,0,2,24,24,48,1,4
2021-04-07,f0c31890-b3f1-4d3b-9723-c59be6694034,0,0,0,12,0,12,12,0,12,1,1
2021-04-07,f19d8c09-86cf-4e32-b6c6-ffb4f7300f8b,17,12,29,0,0,0,17,12,29,1,2
2021-04-07,f1f6c942-78e5-4b35-89b7-4d0a1d7acdfb,0,2,2,4,0,4,4,2,6,1,2
2021-04-07,f4509d7b-c9b9-49da-986c-c3d0c24f14bf,6,13,19,0,0,0,6,13,19,1,4
2021-04-07,f7254899-4469-48cc-b26f-c4385c073e88,3,4,7,0,0,0,3,4,7,1,1
2021-04-07,f81a49ff-e383-4f57-bcfc-b293427e4756,17,20,37,1,1,2,18,21,39,1,3
2021-04-07,f8ba6a91-d6a0-49b3-84c8-48f441e4fbf6,1,0,1,0,0,0,1,0,1,1,1
2021-04-07,f8fce8bf-5792-48aa-9412-d71213301f3f,3,10,13,1,0,1,4,10,14,1,4
2021-04-07,f98c62f2-35b2-4004-ade8-95bad25a1bac,131,129,260,6,0,6,137,129,266,1,5
2021-04-07,fa49a00d-7053-4b57-afb3-ac048e650f28,1,3,4,0,0,0,1,3,4,1,2
2021-04-07,fc3c3d66-1804-4924-ae85-ab2cf2d330c1,1,0,1,0,0,0,1,0,1,1,1
2021-04-07,fd6c105f-1e2d-4c9b-8b7c-92cc749595b3,3,2,5,0,0,0,3,2,5,1,2
2021-04-07,fe39c51e-227f-4b32-b64a-7e70f5fa271f,46,37,83,1,1,2,47,38,85,1,7
2021-04-07,ff0c6ee6-79e6-413d-9d2e-f96e44c6777a,1,0,1,0,0,0,1,0,1,1,1
2021-04-07,ffe5b5a8-764b-4682-ba05-abea75042959,27,27,54,0,1,1,27,28,55,1,3
2021-02-20,00677b58-7dc0-48d3-89c8-df531a246cef,2,2,4,0,0,0,2,2,4,1,2
2021-02-20,01132d12-38e5-4a29-8b58-d01b13a2cd56,123,128,251,0,0,0,123,128,251,1,9
2021-02-20,024cd080-214a-49fd-8075-27aaa2c12986,6,5,11,1,0,1,7,5,12,1,2
2021-02-20,04a94cdb-4958-46c0-b35e-c23fbffcfd52,10,11,21,1,4,5,11,15,26,1,6
2021-02-20,0587d6a1-12c1-4712-9be3-4fcf3f8edaa9,16,18,34,0,0,0,16,18,34,1,2
2021-02-20,0655d85d-8e9f-4d35-a7c0-d9e5f631b6d7,0,1,1,0,0,0,0,1,1,1,1
2021-02-20,06a41568-92c1-4640-9f1c-37d11b632738,1,0,1,0,0,0,1,0,1,1,1
2021-02-20,0754d025-3254-4d1b-addc-d0fc60b0ef8d,9,10,19,0,0,0,9,10,19,1,2
2021-02-20,0974e6b6-72e6-440d-b3ed-9277527125c6,8,15,23,0,0,0,8,15,23,1,3
2021-02-20,0a2c88a4-b6c8-4889-8e2f-e9db7a84735c,1,0,1,0,0,0,1,0,1,1,1
2021-02-20,0ad6bbd1-9b8d-4a25-be5e-45d9c9a8edde,3,0,3,0,0,0,3,0,3,1,2
2021-02-20,0c1b851a-9ecf-4444-a746-0ea4c43c025c,2,0,2,0,0,0,2,0,2,1,1
2021-02-20,0dc4ce96-dc78-493b-a694-d3517d921206,27,21,48,0,0,0,27,21,48,1,3
2021-02-20,0ef2b2d4-c989-4d7a-8564-a7899f293adc,18,31,49,0,0,0,18,31,49,1,3
2021-02-20,11bb7df0-f2df-4f58-a7ce-f81ef88b6098,2,3,5,0,1,1,2,4,6,1,3
2021-02-20,137d34e7-015a-4099-b0bc-4321aaee8e86,8,8,16,0,0,0,8,8,16,1,5
2021-02-20,167137d9-6ef5-4499-97e6-907cc86b0485,1,0,1,0,0,0,1,0,1,1,1
2021-02-20,16e96212-66e5-4890-bb8e-824e2b2a7693,153,162,315,0,0,0,153,162,315,1,2
2021-02-20,186a14d5-e0ae-4db7-abf7-274a513cb893,1,3,4,0,0,0,1,3,4,1,2
2021-02-20,191f5b1a-ec9b-4a13-92f5-82020b56233d,6,8,14,0,0,0,6,8,14,1,5
2021-02-20,19ac34d6-ac4a-4b2e-a653-dd4a053c664f,1,1,2,0,0,0,1,1,2,1,1
2021-02-20,1b2d758e-d49f-49e5-b176-4a60154a2395,8,10,18,0,0,0,8,10,18,1,3
2021-02-20,1c9a5cb1-1921-4d6e-a7d9-5573b53f3b15,1,0,1,0,0,0,1,0,1,1,1
2021-02-20,1d9f9559-6835-42db-8630-51f33bd770e1,1,0,1,0,0,0,1,0,1,1,1
2021-02-20,1ec745d5-daad-4876-bf97-bac567078342,19,6,25,1,0,1,20,6,26,1,8
2021-02-20,2044e98b-d64a-4394-b8b5-8e5fca24737c,3,5,8,0,1,1,3,6,9,1,2
2021-02-20,216254de-ebeb-4e36-9804-d16895c3c6ba,114,115,229,12,11,23,126,126,252,1,3
2021-02-20,226dd0b8-9685-41b5-b7a1-821b4d175890,64,98,162,0,10,10,64,108,172,1,5
2021-02-20,2389e805-1458-4d16-bb93-3102ec0c9509,10,34,44,12,8,20,22,42,64,1,4
2021-02-20,249daaf8-b7b9-4ea3-a88c-fc5fed5262f1,29,22,51,1,0,1,30,22,52,1,5
2021-02-20,25c9b581-4f15-407f-983e-2d87ee6129be,8,12,20,0,0,0,8,12,20,1,1
2021-02-20,27f6ab2a-6f76-4288-b962-c7f2cf825544,1,0,1,0,0,0,1,0,1,1,1
2021-02-20,2926a20f-19d8-496c-8460-6767662d900e,31,51,82,2,0,2,33,51,84,1,6
2021-02-20,2a753584-5f37-4186-84cd-5ce22a1443b5,3,0,3,0,0,0,3,0,3,1,1
2021-02-20,2ae3cee3-3e4c-4c1f-825a-0abd2b35643e,182,281,463,1,0,1,183,281,464,1,9
2021-02-20,2b5b1920-91de-4013-b0aa-dfae1ce305a1,26,18,44,0,4,4,26,22,48,1,3
2021-02-20,2cfeb8d2-ceca-44c2-8fd8-ea45f9e70f70,2,3,5,0,0,0,2,3,5,1,3
2021-02-20,2eac6bd1-4e2e-4dbf-917d-4ce31947b268,6,0,6,0,0,0,6,0,6,1,3
2021-02-20,2fe9ba38-a587-4621-83ee-5ee2f60d2baa,26,23,49,11,1,12,37,24,61,1,5
2021-02-20,30fa0528-65bd-4309-a93b-8cd7543ccaba,10,11,21,0,0,0,10,11,21,1,2
2021-02-20,31716318-d0d8-4390-a325-2c7d16daca3d,8,18,26,0,0,0,8,18,26,1,4
2021-02-20,32911b94-2eed-47a0-9f11-a5acc4e75e7a,8,11,19,0,0,0,8,11,19,1,3
2021-02-20,3389ea41-a816-40d0-aece-5289a9578935,1,4,5,2,0,2,3,4,7,1,1
2021-02-20,34d88516-1d94-4259-b316-e6c1af7de3b0,1,0,1,0,0,0,1,0,1,1,1
2021-02-20,36588a3f-1033-4928-ae9e-cf93481ccaeb,0,5,5,0,0,0,0,5,5,1,2
2021-02-20,37a2dcb2-bb6b-402b-b943-8d1a84dcbf14,1,1,2,0,0,0,1,1,2,1,1
2021-02-20,39c901d9-a4a1-4bb8-a747-f29c5b72fcde,3,1,4,0,0,0,3,1,4,1,2
2021-02-20,3ad4e6b8-4443-4759-bbb3-db9cdc825cf7,3,3,6,27,0,27,30,3,33,1,5
2021-02-20,3c7f550a-6c43-4f32-ba71-5d024f9390d7,2,4,6,0,0,0,2,4,6,1,3
2021-02-20,3da70ae7-2682-4b9f-bfce-90d378e84199,25,31,56,1,0,1,26,31,57,1,5
2021-02-20,3de75590-7219-4de4-9c92-dd81eaef0e3e,2,1,3,12,0,12,14,1,15,1,3
2021-02-20,3ede1c89-fb56-4039-892b-2ec5752ebbd0,0,0,0,3,0,3,3,0,3,1,1
2021-02-20,40b89c67-85b9-4f76-ac64-9b8d10ad9e33,1,5,6,0,2,2,1,7,8,1,4
2021-02-20,42dcbc82-3473-4752-bbf1-82ca8e07babf,24,32,56,3,3,6,27,35,62,1,2
2021-02-20,43beb770-d74a-4701-9d85-2b3dfb5b9dbb,6,5,11,0,0,0,6,5,11,1,2
2021-02-20,44d7c8ee-fa40-4219-88d3-a6eb6bd03571,2,0,2,0,0,0,2,0,2,1,1
2021-02-20,45fd0ff9-3e4c-4e32-a2f4-06bbc8f2a31a,1,3,4,0,0,0,1,3,4,1,2
2021-02-20,46c57ebd-98c0-464b-a5b2-7f2307eef313,1,0,1,0,0,0,1,0,1,1,1
2021-02-20,4783aba8-c740-42a9-9f13-aa3296575c5c,5,3,8,0,0,0,5,3,8,1,4
2021-02-20,489c0e64-896d-4ae2-a2cd-03201b985466,6,12,18,0,0,0,6,12,18,1,3
2021-02-20,490194bc-f1e8-4786-a78b-534062ca2a2a,29,40,69,0,0,0,29,40,69,1,5
2021-02-20,4a9e4a78-4d44-4fa5-a113-3eeefc51d221,5,0,5,0,0,0,5,0,5,1,3
2021-02-20,4baaa1fa-01ab-4432-84f4-77f0c3029616,4,5,9,0,0,0,4,5,9,1,2
2021-02-20,4c7f1e85-e4d0-4222-b77f-5a224413d85f,3,7,10,0,0,0,3,7,10,1,2
2021-02-20,4eb48965-9b46-4d85-8c6b-31cb934d31c0,3,2,5,0,0,0,3,2,5,1,2
2021-02-20,4fa081c2-40ed-4a7d-b639-9500dfeff2ae,1,0,1,1,0,1,2,0,2,1,2
2021-02-20,51198035-4edc-4f81-87eb-8e75817dd43a,17,22,39,5,0,5,22,22,44,1,3
2021-02-20,51f7cff7-413e-4db4-b32e-490dad8e0a0a,1,2,3,2,0,2,3,2,5,1,2
2021-02-20,537c060b-4e5c-46d8-9d26-7da1ebc469da,122,147,269,3,0,3,125,147,272,1,11
2021-02-20,53fadf64-e176-4323-9738-b1dd187fee5a,5,0,5,0,0,0,5,0,5,1,3
2021-02-20,5467713a-d1c4-4842-a3a3-f78376d950d5,178,332,510,3,4,7,181,336,517,1,6
2021-02-20,55923129-064e-4406-85b8-fb331bd3a4aa,6,5,11,0,0,0,6,5,11,1,4
2021-02-20,56525224-4ff5-48b9-9508-ffd627976430,4,1,5,4,1,5,8,2,10,1,3
2021-02-20,5756df97-d273-44b6-b744-7055061673e1,20,14,34,0,0,0,20,14,34,1,6
2021-02-20,582eef99-a9b4-4641-9f69-04801cb1f260,5,8,13,0,0,0,5,8,13,1,4
2021-02-20,58beb2c6-5c3c-4004-b517-e2aa2c376630,83,90,173,1,0,1,84,90,174,1,11
2021-02-20,59caa17e-af72-4eb7-af11-61963a567013,17,24,41,1,0,1,18,24,42,1,3
2021-02-20,5b916701-6510-4389-b3a5-f8403fed2a8b,2,2,4,0,0,0,2,2,4,1,1
2021-02-20,5c78f885-9e4e-431d-bbca-c78994204099,50,37,87,80,0,80,130,37,167,1,7
2021-02-20,5dcfdea6-cb2a-4d9c-8021-fdfaffef1744,0,0,0,1,0,1,1,0,1,1,1
2021-02-20,5ff1d89c-ea32-42a6-af99-88a3014f3733,2,0,2,0,0,0,2,0,2,1,2
2021-02-20,60ca30b6-54aa-4d03-8d59-4f8a7c86b146,7,6,13,0,0,0,7,6,13,1,1
2021-02-20,62901fbb-4f46-495d-ae11-2be8dc124102,0,2,2,0,0,0,0,2,2,1,1
2021-02-20,63882b9c-d54d-428f-bbb3-a06e604963b8,59,63,122,4,1,5,63,64,127,1,6
2021-02-20,6478b210-44df-4035-85bf-31d5afecbce1,3,0,3,0,0,0,3,0,3,1,1
2021-02-20,65c8b90f-585a-421c-b811-526b1ad12661,17,8,25,0,0,0,17,8,25,1,3
2021-02-20,6a7079d1-c1b5-4faf-9566-30de91c11c4d,11,161,172,0,0,0,11,161,172,1,3
2021-02-20,6b6e78a8-37a6-4807-b736-1d2e10868c1b,4,0,4,9,0,9,13,0,13,1,2
2021-02-20,6bce9b54-a5f3-4e36-9ad8-ae3d1b6cea77,1,0,1,0,0,0,1,0,1,1,1
2021-02-20,6c9cb0d2-deae-458d-b891-3c82a0b683c2,58,112,170,0,0,0,58,112,170,1,5
2021-02-20,6dc779c3-4d2a-487d-9c9e-a80b6dcb87e3,14,21,35,0,0,0,14,21,35,1,4
2021-02-20,6ebb9c70-40b3-45b2-832d-89c2979f710c,1,0,1,0,0,0,1,0,1,1,1
2021-02-20,6fae6a4d-7ac2-4736-8003-49d340f68507,1,0,1,0,0,0,1,0,1,1,1
2021-02-20,721a0c1c-13cc-4d23-81ff-81e74d3dd99f,35,39,74,2,0,2,37,39,76,1,6
2021-02-20,73c77d83-b4c2-4fad-8c76-f2b02465c451,0,2,2,0,0,0,0,2,2,1,1
2021-02-20,7589b7a5-bf6a-4bb9-b750-00227affc88a,7,15,22,0,0,0,7,15,22,1,6
2021-02-20,77fc820d-3dbc-4efc-a383-011a0228441c,1,1,2,0,0,0,1,1,2,1,1
2021-02-20,790aa69a-4a63-4c0a-a24e-e7a088657e68,8,8,16,0,0,0,8,8,16,1,2
2021-02-20,79afe294-8dad-4d86-8163-15c5639841ba,7,22,29,0,0,0,7,22,29,1,4
2021-02-20,7b20bc78-a632-482a-bb35-fb76912fd641,4,6,10,0,0,0,4,6,10,1,2
2021-02-20,7c65d2e7-c5c4-491f-b8ec-5c6d11cf08fe,6,3,9,0,0,0,6,3,9,1,2
2021-02-20,7dca28a9-659d-46ef-a494-2ad0a79882ce,5,3,8,0,0,0,5,3,8,1,2
2021-02-20,7e68b35a-6eed-4550-856f-f97417d01309,13,8,21,0,0,0,13,8,21,1,2
2021-02-20,80d627d8-27f4-4ebe-846e-0448e47eaced,8,5,13,0,0,0,8,5,13,1,2
2021-02-20,81efb2a8-bf25-4d34-b42f-88a97c118ca2,7,14,21,0,0,0,7,14,21,1,2
2021-02-20,82b8747a-eb90-4a97-8582-0c8636c5ce92,6,5,11,1,0,1,7,5,12,1,2
2021-02-20,83bcd62c-43b0-4f7e-bdd6-7fa4bbbaeb48,1,0,1,0,0,0,1,0,1,1,1
2021-02-20,85bb3dd6-3951-4ca6-94ae-a5aef9a19ac5,4,7,11,0,2,2,4,9,13,1,5
2021-02-20,86976107-6dd8-4cfe-a16c-46edbbd011bd,3,4,7,0,0,0,3,4,7,1,3
2021-02-20,87475264-8aa5-474e-80ec-78316aae7864,1,0,1,0,0,0,1,0,1,1,1
2021-02-20,87ffc1b7-1a62-4b96-a381-9d80795cc830,58,70,128,0,0,0,58,70,128,1,5
2021-02-20,8922765d-756f-4ef4-b4f9-e68b3993b5c5,1,0,1,0,0,0,1,0,1,1,1
2021-02-20,8b0398cf-dd29-460c-bc09-a718583b8415,10,15,25,0,0,0,10,15,25,1,3
2021-02-20,8c2256d0-c420-4d98-99f9-acafd9ac88d2,3,3,6,0,0,0,3,3,6,1,3
2021-02-20,8dc38459-0c89-4654-9244-b7d5935e0af7,33,21,54,0,0,0,33,21,54,1,2
2021-02-20,8fe1957e-6a0c-420e-9534-5ebe8da2fb65,3,2,5,6,0,6,9,2,11,1,4
2021-02-20,910b9e42-e7e4-46c7-bcee-4eb0a83a183c,3,5,8,0,0,0,3,5,8,1,2
2021-02-20,94060e4c-aa07-4799-b6ce-6c877396ae20,1,3,4,0,0,0,1,3,4,1,1
2021-02-20,9510e456-54d4-46dd-8359-b36c92766c6a,15,9,24,0,1,1,15,10,25,1,3
2021-02-20,964304b0-72a4-4357-a32f-947f1d8eb6b9,2,3,5,0,0,0,2,3,5,1,2
2021-02-20,9762e5a4-b72b-4b15-b0ce-c2a44a6ba1e6,3,3,6,0,0,0,3,3,6,1,3
2021-02-20,98f929c1-3e82-4b12-a400-6f9821c740d7,3,5,8,1,0,1,4,5,9,1,1
2021-02-20,9a4fdebc-9927-46c7-83ee-bf77764f00be,1,7,8,0,0,0,1,7,8,1,4
2021-02-20,9b375e02-0d7b-46ee-9447-2e869f0f5fab,1,6,7,3,2,5,4,8,12,1,5
2021-02-20,9bacc301-99e1-41ef-acd2-aa674d4d3f9e,8,14,22,0,0,0,8,14,22,1,2
2021-02-20,9c6a0e9b-38cd-4e47-a399-bfd7d5df8329,91,60,151,3,1,4,94,61,155,1,6
2021-02-20,9cb28538-6658-4dd4-9835-4b82e0cec33d,4,3,7,0,0,0,4,3,7,1,2
2021-02-20,9d6f42a4-fab4-4880-821b-0edce5205cc3,2,3,5,0,0,0,2,3,5,1,1
2021-02-20,a0131045-7287-453f-9d89-e5701ec08118,1,0,1,0,0,0,1,0,1,1,1
2021-02-20,a0ee03e9-6edf-4917-91b5-b08c58f61b93,1,0,1,0,0,0,1,0,1,1,1
2021-02-20,a26ef4c2-9af2-420c-93e8-223b63012ce6,11,13,24,0,0,0,11,13,24,1,5
2021-02-20,a377e930-846d-4795-bc6e-ef68dcacd69f,9,16,25,0,0,0,9,16,25,1,3
2021-02-20,a48650ba-9b12-46cf-a44d-14f721d73f6b,5,1,6,3,0,3,8,1,9,1,2
2021-02-20,a55880ec-c81f-45e2-b31d-425d8ac69ee5,7,3,10,0,3,3,7,6,13,1,3
2021-02-20,a670a193-e2aa-4745-8971-cb484c096845,0,1,1,0,0,0,0,1,1,1,1
2021-02-20,a72d8df3-8d68-40b8-8142-ed44bb196c73,1,0,1,0,0,0,1,0,1,1,1
2021-02-20,a7e285e3-7d3d-4633-bafe-28593b0fa2d9,8,6,14,0,0,0,8,6,14,1,3
2021-02-20,a91de2a9-239c-4c8b-9e36-28286576b8d7,1,1,2,0,0,0,1,1,2,1,1
2021-02-20,a9dd2518-8c7a-48c9-91cb-8bb084440476,2,1,3,0,0,0,2,1,3,1,1
2021-02-20,aa88625d-257c-4671-aaa8-4161a7b00f58,9,9,18,0,0,0,9,9,18,1,3
2021-02-20,ab72d425-b5ad-4f2c-86e2-c22348179a2e,0,0,0,1,0,1,1,0,1,1,1
2021-02-20,ad7916de-1979-47ec-a748-920c5f76de04,4,4,8,0,0,0,4,4,8,1,1
2021-02-20,ae577902-ff23-4f41-aeec-75d560b1cb06,17,23,40,0,0,0,17,23,40,1,5
2021-02-20,aefd6833-8a1b-4ebf-91ab-eb6379d9fa47,0,0,0,1,0,1,1,0,1,1,1
2021-02-20,b11578fc-2775-4c74-806d-0c5c59936167,21,31,52,0,1,1,21,32,53,1,4
2021-02-20,b21f625c-cbd4-4110-b0c2-f1cd315fc724,12,12,24,0,0,0,12,12,24,1,4
2021-02-20,b383f4f1-cf4b-4038-bea1-1b8cba59af05,3,0,3,0,0,0,3,0,3,1,1
2021-02-20,b4d8da97-fa47-4bc9-a991-12c2d9e5a1b4,1,0,1,0,0,0,1,0,1,1,1
2021-02-20,b6794cbc-7be6-47a6-b0c9-86aa790d217f,160,230,390,3,0,3,163,230,393,1,9
2021-02-20,b7b15ec5-e621-4395-aac9-423b998e7ab4,2,2,4,0,0,0,2,2,4,1,1
2021-02-20,b8ec7415-4924-481a-abd4-53551b0dd5dd,4,4,8,1,0,1,5,4,9,1,1
2021-02-20,ba157307-170e-4513-b44d-b974a927e6b2,3,13,16,0,0,0,3,13,16,1,1
2021-02-20,badeecf2-4492-4cea-af80-9dc3c60d4ac3,4,3,7,0,0,0,4,3,7,1,1
2021-02-20,bb92217f-8f8f-48d2-91e6-350c8006a153,1,1,2,0,0,0,1,1,2,1,1
2021-02-20,bd2866be-aa79-406b-9498-2b595cfe72f1,0,2,2,0,0,0,0,2,2,1,1
2021-02-20,be2b9eb7-e381-4f48-bda2-ea6e13b2a29c,3,1,4,0,0,0,3,1,4,1,1
2021-02-20,c09fc0ab-639c-4d48-bfe2-6cb3e2c7a797,4,5,9,0,0,0,4,5,9,1,1
2021-02-20,c156cb7a-b1b3-446b-a4b2-43133c1b2448,1,0,1,0,0,0,1,0,1,1,1
2021-02-20,c2f233bd-3c17-4a4f-a910-795f2e9387bb,17,16,33,0,0,0,17,16,33,1,4
2021-02-20,c3b35698-d5ef-46c2-96b3-97d8a08b0284,1,2,3,0,0,0,1,2,3,1,2
2021-02-20,c57b6751-d1cb-47f2-8794-dd295c82035d,0,0,0,0,1,1,0,1,1,1,1
2021-02-20,c6c21122-80cb-4ca6-ba5a-67bd957b3259,4,3,7,0,0,0,4,3,7,1,2
2021-02-20,c7da23d0-1393-4ced-9c28-b19e2a4b4359,84,70,154,3,0,3,87,70,157,1,6
2021-02-20,c8a95701-a94f-4ed2-acd3-833f930e3f20,3,0,3,0,0,0,3,0,3,1,1
2021-02-20,c9887d71-3423-4fa8-8545-16c6e102e746,9,14,23,0,1,1,9,15,24,1,3
2021-02-20,ca7f4b26-42e4-4c81-8f55-f1bebb8ca4eb,8,5,13,1,5,6,9,10,19,1,7
2021-02-20,cbee1a59-27ec-4244-9a78-c9c33ba2f599,23,4,27,2,0,2,25,4,29,1,9
2021-02-20,ccac5371-6ae7-4d14-a711-9217c0217839,15,25,40,0,0,0,15,25,40,1,8
2021-02-20,cdd30c8e-a8a6-4849-990d-0745d1760e9b,2,0,2,0,0,0,2,0,2,1,1
2021-02-20,cf197504-5309-4f11-8ce2-1e6c2a2af60a,7,6,13,0,0,0,7,6,13,1,2
2021-02-20,d0987ae0-7034-4773-9706-c5f8c503b596,1,0,1,0,0,0,1,0,1,1,1
2021-02-20,d1986be3-46dd-49f1-8a3b-648f7c3355f0,3,4,7,1,1,2,4,5,9,1,2
2021-02-20,d2799561-362d-4788-bdb9-1f1c2f12384b,13,10,23,0,0,0,13,10,23,1,4
2021-02-20,d46fda49-98c6-490d-832a-b3342250d8ff,3,0,3,0,0,0,3,0,3,1,2
2021-02-20,d52e7ea8-466b-4e0d-a91a-68ab19b879db,4,13,17,0,0,0,4,13,17,1,2
2021-02-20,d6b3ded4-35f0-4322-89fd-fc6a4af97555,52,101,153,0,0,0,52,101,153,1,4
2021-02-20,d8a01176-2827-4992-9204-14ab4a327622,8,4,12,10,6,16,18,10,28,1,3
2021-02-20,d9677771-53ea-48fa-9d7b-d4730d701bd2,2,0,2,0,0,0,2,0,2,1,1
2021-02-20,db173fab-0d29-4a72-bda1-1e2e4537de85,2,10,12,0,0,0,2,10,12,1,2
2021-02-20,dc215365-b956-4600-837f-23f5de48c8b2,15,17,32,191,1,192,206,18,224,1,9
2021-02-20,dd981a70-7237-4e31-9da6-6a3a4c893946,17,17,34,3,2,5,20,19,39,1,6
2021-02-20,df081036-8127-48fb-95a9-4d76c7c12cff,6,13,19,0,0,0,6,13,19,1,1
2021-02-20,e02b0017-9245-4188-a7ae-b9d79696dd8b,11,7,18,1,1,2,12,8,20,1,2
2021-02-20,e16f74f7-33d5-4921-ae4b-6f8d2983fb7b,6,9,15,0,0,0,6,9,15,1,3
2021-02-20,e1c9fa5d-b9dd-4e36-9917-c55c80d3836f,14,17,31,0,0,0,14,17,31,1,2
2021-02-20,e2b8495e-7273-4f59-9a4a-b84d48cff6e3,41,45,86,0,0,0,41,45,86,1,5
2021-02-20,e3e36274-9575-4786-812e-5e0afca18699,1,0,1,0,0,0,1,0,1,1,1
2021-02-20,e449abc7-ab50-47f4-8dc5-14280842f9e5,0,8,8,0,0,0,0,8,8,1,3
2021-02-20,e50be48f-8864-4e0f-9116-6aaf27ad7c9f,51,28,79,10,0,10,61,28,89,1,3
2021-02-20,e5ecb620-e6a2-42b9-97cc-e04b6ee46c74,119,92,211,3,1,4,122,93,215,1,11
2021-02-20,e6c75e64-6ffe-4698-af61-65ab402d1b1a,6,6,12,0,0,0,6,6,12,1,2
2021-02-20,e77ff554-29c8-4053-8d00-0f2b38d448eb,0,0,0,9,0,9,9,0,9,1,1
2021-02-20,e86fb94f-a2b1-4e76-8229-acdba88e33e8,39,43,82,10,0,10,49,43,92,1,8
2021-02-20,e948ae04-fb2a-4f78-863f-eea3d69bed95,1,0,1,0,0,0,1,0,1,1,1
2021-02-20,eb43267b-2e26-4006-8d1c-e81c062220c5,4,2,6,0,2,2,4,4,8,1,2
2021-02-20,ee2a4a7e-ad16-4d77-90fa-1de0b8177f3c,0,1,1,0,0,0,0,1,1,1,1
2021-02-20,ef21a1bb-50ec-4290-9556-aab7e87705a9,23,30,53,0,0,0,23,30,53,1,5
2021-02-20,f02ce182-ea18-4401-b3a8-00f769d35e87,0,1,1,0,0,0,0,1,1,1,1
2021-02-20,f0c31890-b3f1-4d3b-9723-c59be6694034,0,1,1,0,0,0,0,1,1,1,1
2021-02-20,f1f249e9-9058-4ee7-ae94-aa43db824d7f,1,1,2,1,0,1,2,1,3,1,1
2021-02-20,f46cba73-8ccf-4a93-9dce-06224df489fe,3,4,7,3,0,3,6,4,10,1,3
2021-02-20,f7254899-4469-48cc-b26f-c4385c073e88,1,3,4,0,0,0,1,3,4,1,3
2021-02-20,f841589e-5ac9-4e32-b02e-c608b7357e3c,11,12,23,0,0,0,11,12,23,1,4
2021-02-20,f95f7678-40d8-4735-9a52-b6c1b36c0db8,1,0,1,1,0,1,2,0,2,1,2
2021-02-20,fa1295c1-d491-4741-ba67-72ec7ec8babf,1,1,2,0,0,0,1,1,2,1,2
2021-02-20,fb618c8b-c7e2-471a-976a-16d2054c9bea,1,0,1,0,0,0,1,0,1,1,1
2021-02-20,fc6212a7-cfa9-474e-a06c-4f58b8738e71,25,49,74,3,2,5,28,51,79,1,4
2021-02-20,fe0bd43d-8bcb-47a5-a3c5-7275ba12c441,0,0,0,1,0,1,1,0,1,1,1
2021-02-20,ff3805e0-16ab-4083-8b54-d9c6affbbae1,1,1,2,0,0,0,1,1,2,1,1
2020-10-27,05dd3ba4-11e3-4202-9dd8-df8bca5d332d,1,1,2,0,0,0,1,1,2,1,1
2020-10-27,0d94d78a-3641-4cf0-b57c-3b45fafc6d47,61,41,102,0,0,0,61,41,102,1,9
2020-10-27,20d03a9e-9d74-4f40-ae7c-befb2fe32cc5,8,9,17,0,0,0,8,9,17,1,2
2020-10-27,333f51da-4635-4e42-83d8-5875985a373d,9,4,13,0,0,0,9,4,13,1,6
2020-10-27,451a3590-38c6-48fe-bc6d-3ee2d3cbb334,77,57,134,0,0,0,77,57,134,1,10
2020-10-27,4d0c6d15-1854-4d84-9716-7800f34e7592,7,7,14,0,0,0,7,7,14,1,2
2020-10-27,5dd07815-9cee-4674-a380-6e212bbf532d,5,6,11,0,0,0,5,6,11,1,3
2020-10-27,80dfda23-759a-4b94-9e6c-002817218117,57,77,134,0,0,0,57,77,134,1,11
2020-10-27,9703e8ff-0efe-4b21-8c16-8fc3519a68de,46,98,144,0,0,0,46,98,144,1,6
2020-10-27,bccc3bb2-1f43-4cc8-9977-6395c6fe360d,8,3,11,0,0,0,8,3,11,1,2
2020-10-27,cd0365ef-0447-49a2-a4a1-0e01bcaea01d,5,8,13,0,0,0,5,8,13,1,2
2020-10-27,d2738d56-d6fb-48c7-aca9-63c1cc8947d6,18,16,34,0,0,0,18,16,34,1,3
2020-10-27,dc215365-b956-4600-837f-23f5de48c8b2,7,0,7,0,0,0,7,0,7,1,1
2020-10-27,f07bd750-3ac0-486d-a68b-a0e8235483cd,2,0,2,0,0,0,2,0,2,1,2
2022-11-08,0004a9f5-7352-44ee-964d-b289ed95324a,184,178,362,26,30,56,210,208,418,1,14
2022-11-08,00343ea8-5afe-4c76-ac41-42a587caf662,4,8,12,0,0,0,4,8,12,1,4
2022-11-08,004841a7-0976-4f94-8804-fd2281633687,2,2,4,0,0,0,2,2,4,1,2
2022-11-08,007d9da6-cc81-4281-905f-d38ff9cb9238,0,2,2,9,5,14,9,7,16,1,3
2022-11-08,008826f5-461b-4b38-961a-b64d8a738fd0,210,240,450,0,0,0,210,240,450,1,3
2022-11-08,00a2909c-b4ea-4be7-a5aa-89ebe7f92df3,33,56,89,4,0,4,37,56,93,1,3
2022-11-08,00b2236c-e52c-4ca6-b0a9-fdc300506bea,13,9,22,0,0,0,13,9,22,1,4
2022-11-08,00cc4e56-1434-4290-9acd-8af8fa5ae981,11,7,18,55,1,56,66,8,74,1,3
2022-11-08,00f5aa4a-3450-4097-ab38-8accd1bc332e,2,0,2,0,0,0,2,0,2,1,1
2022-11-08,0128c22e-b1e6-4b9a-a235-7f1aa641bccd,5,3,8,61,4,65,66,7,73,1,9
2022-11-08,013f4fb3-3c32-4ec9-b312-665b9c834f57,44,39,83,14,6,20,58,45,103,1,6
2022-11-08,014f08c1-98c6-4e4c-af81-8fc87bda448c,39,34,73,40,2,42,79,36,115,1,6
2022-11-08,0165c904-ed32-4a35-a666-90e690188343,13,9,22,7,1,8,20,10,30,1,6
2022-11-08,017ab819-15fb-489a-b47a-b1694b7dd5d4,3,4,7,1,0,1,4,4,8,1,3
2022-11-08,0183da9d-7d63-48f8-94c7-0a258692ff1b,194,180,374,7,3,10,201,183,384,1,10
2022-11-08,01ad34d5-9798-482d-894b-d7be7cb7db7a,1,0,1,0,1,1,1,1,2,1,1
2022-11-08,01c18286-8941-40b9-8bf8-2f8de7c90f12,3,1,4,1,0,1,4,1,5,1,4
2022-11-08,01d32966-3ee0-4f3d-a782-67d5ab3337e3,12,13,25,0,0,0,12,13,25,1,3
2022-11-08,01e81d17-7548-4768-8294-cf29954a3f04,142,174,316,6,10,16,148,184,332,1,8
2022-11-08,02055391-f6d5-476e-9485-95d607846a65,7,14,21,0,2,2,7,16,23,1,2
2022-11-08,0211bfdd-0b0b-4a53-8c59-f815a87be5cb,5,10,15,0,1,1,5,11,16,1,4
2022-11-08,0223e262-4bb0-4594-abf1-dc6b27bc79a0,17,17,34,0,0,0,17,17,34,1,8
2022-11-08,02531003-53e9-44c7-aff2-b7a2db42e8af,4,3,7,0,0,0,4,3,7,1,2
2022-11-08,026609d3-f0a0-47e3-afb0-417b0d99c554,2,0,2,0,0,0,2,0,2,1,2
2022-11-08,02812667-9a69-4542-970a-375a048bb9eb,37,52,89,0,0,0,37,52,89,1,2
2022-11-08,02a965f2-dc4b-4648-babb-6e56308e232c,3,2,5,0,0,0,3,2,5,1,2
2022-11-08,02cdce8e-2f81-4fe1-8064-15c2dd32e719,1,6,7,0,0,0,1,6,7,1,2
2022-11-08,02e5a568-7b3a-4e48-96dd-6b44cbe1f786,21,31,52,22,10,32,43,41,84,1,3
2022-11-08,02fb972b-3fb1-46e2-b149-dad0fed03a4b,10,3,13,1,0,1,11,3,14,1,2
2022-11-08,032c9444-f35b-461a-8add-04dd841eebf7,1,0,1,0,0,0,1,0,1,1,1
2022-11-08,036f1c1b-b818-419d-890e-49a5c20b6176,1,0,1,2,0,2,3,0,3,1,3
2022-11-08,03ae4069-3619-4c0b-8d55-12541a15ad52,4,0,4,5,1,6,9,1,10,1,4
2022-11-08,03d02372-5ab4-4bda-9c87-80dcd211c121,13,9,22,5,0,5,18,9,27,1,6
2022-11-08,03f7b3c2-35c5-4883-a1cf-6026dffa78a7,5,11,16,0,1,1,5,12,17,1,4
2022-11-08,04108496-2c01-44c8-8e42-d908cf07c076,9,0,9,0,0,0,9,0,9,1,1
2022-11-08,0442ff1e-6308-49c3-a110-45f078264e03,3,0,3,0,0,0,3,0,3,1,2
2022-11-08,0445fe4a-2cdb-4dbe-9641-fb98f70d118e,24,39,63,73,36,109,97,75,172,1,10
2022-11-08,0450ef58-5dfa-4415-8e65-3ee536d245d4,98,75,173,12,14,26,110,89,199,1,6
2022-11-08,046ced76-f123-4466-9e3e-157fefc98d17,12,14,26,0,0,0,12,14,26,1,2
2022-11-08,0488cf7a-09fa-4b68-9583-a810814d9ee6,3,2,5,1,0,1,4,2,6,1,3
2022-11-08,04bb4a5d-f101-4b9a-bfe6-62ac3e831dae,259,151,410,6,1,7,265,152,417,1,6
2022-11-08,04da8ff8-7a26-4c2e-8f81-3feeb9f01bbe,19,22,41,8,1,9,27,23,50,1,5
2022-11-08,0504ab67-95a7-43e7-85c9-06fd256d5c66,26,11,37,51,2,53,77,13,90,1,8
2022-11-08,05349591-7d3c-4b83-9d60-82b06521492c,1,3,4,1,3,4,2,6,8,1,3
2022-11-08,054ee3a8-da80-4eb7-8974-a8843295ba28,3,5,8,0,0,0,3,5,8,1,1
2022-11-08,0584d2df-a53f-4b0f-9a5f-4de53163b1f0,2,0,2,0,0,0,2,0,2,1,1
2022-11-08,059bd6c2-04cf-48d9-8085-e2621ee2ea08,12,21,33,4,0,4,16,21,37,1,5
2022-11-08,05bb7c7f-2c30-47fb-b828-bcbb87afe5a5,13,15,28,0,0,0,13,15,28,1,2
2022-11-08,05cb5aab-c3b4-442e-a094-6e7f0e554498,6,5,11,4,0,4,10,5,15,1,5
2022-11-08,05dd3ba4-11e3-4202-9dd8-df8bca5d332d,41,73,114,15,23,38,56,96,152,1,8
2022-11-08,05ee5d28-817a-46a7-ae62-f0d10e535fb0,5,5,10,2,1,3,7,6,13,1,4
2022-11-08,06271f94-77ee-4f6d-8679-a2139c3ddba8,5,0,5,1,0,1,6,0,6,1,4
2022-11-08,0641be00-8079-488a-b738-f9b91a2a9be3,1,3,4,0,0,0,1,3,4,1,2
2022-11-08,06638939-8881-4699-8d41-9651b72d4db2,17,19,36,1,0,1,18,19,37,1,9
2022-11-08,0680276f-0674-4c80-88ff-8c7b2f093928,61,68,129,7,2,9,68,70,138,1,10
2022-11-08,06b3c306-2c83-4a79-bbb9-eb6b07e3110d,1,0,1,0,0,0,1,0,1,1,1
2022-11-08,06e1403c-ccdd-4315-bbff-b89b6cc4deac,1,0,1,0,1,1,1,1,2,1,1
2022-11-08,06f4d5c7-fe84-4b39-960f-64a67c42493f,8,9,17,3,3,6,11,12,23,1,4
2022-11-08,073bb66c-7d7a-4c17-ad89-d683b4c0a2de,159,176,335,9,0,9,168,176,344,1,6
2022-11-08,074705ce-67d8-4946-bd87-b1e777c9c55b,0,0,0,2,0,2,2,0,2,1,1
2022-11-08,076504a9-9dfc-4a42-87e2-aeb455f16da5,4,16,20,0,0,0,4,16,20,1,2
2022-11-08,0788e730-6d46-4032-8094-41e36be90a9b,11,19,30,0,1,1,11,20,31,1,4
2022-11-08,079b9ec7-2cfa-46a2-81cc-95d86c337ad8,22,16,38,0,0,0,22,16,38,1,3
2022-11-08,07d18fd9-1d27-4503-927c-15e0cdd50d5d,27,31,58,1,1,2,28,32,60,1,8
2022-11-08,07f9efb2-72c0-48f2-a84b-18e6df6c6bb8,3,1,4,0,0,0,3,1,4,1,3
2022-11-08,0807e668-69e5-407c-b976-dea5ef54d657,6,7,13,0,0,0,6,7,13,1,3
2022-11-08,0820c2c6-a0bc-4bc2-aa13-34e118f485ce,66,62,128,37,1,38,103,63,166,1,6
2022-11-08,086fd0bc-647a-40d2-9205-3507fcbc2461,5,4,9,0,0,0,5,4,9,1,2
2022-11-08,087cbd67-adaf-4e3d-9e83-436e65f48381,4,13,17,1,0,1,5,13,18,1,5
2022-11-08,08a3f95d-fb46-4aff-bfd7-cf6c7b666f2a,14,24,38,0,0,0,14,24,38,1,3
2022-11-08,08bbf7f4-965c-4007-adc9-102dee5c58f5,4,4,8,0,1,1,4,5,9,1,2
2022-11-08,08e04250-6f63-4c2d-92b3-12289c93ec07,120,104,224,0,0,0,120,104,224,1,2
2022-11-08,08fcfd5a-d3f0-4a9e-8ca9-a992eabacb1f,1,0,1,0,0,0,1,0,1,1,1
2022-11-08,091e13ef-ca7a-42c2-93ef-71c9e966a628,22,25,47,37,41,78,59,66,125,1,7
2022-11-08,09469e70-b3ac-4106-98af-9b59bd301d51,3,6,9,0,0,0,3,6,9,1,2
2022-11-08,0973145f-19c7-4a88-9b09-f45db8cebd08,1,9,10,1,2,3,2,11,13,1,4
2022-11-08,09abf9ac-ec1c-4181-9e32-e5c89c0cbac8,4,7,11,1,0,1,5,7,12,1,6
2022-11-08,09cf546b-14e8-42f6-bb31-d18fedd09472,23,17,40,0,0,0,23,17,40,1,3
2022-11-08,09f5bf13-d3a4-4281-a007-b56ec39dab4e,6,5,11,1,3,4,7,8,15,1,6
2022-11-08,0a2153cd-bf23-47d4-9c7a-32153f46b58a,9,14,23,1,2,3,10,16,26,1,5
2022-11-08,0a501e1c-34ff-48eb-aff1-76ceb8ddadb2,12,6,18,0,0,0,12,6,18,1,2
2022-11-08,0a8327e3-9ba9-4817-a674-cd73ee293813,6,6,12,0,1,1,6,7,13,1,5
2022-11-08,0a950e69-472c-4c05-9e92-3f381f4c066b,11,9,20,40,0,40,51,9,60,1,7
2022-11-08,0abf0cf8-c77a-4e9b-9a12-f236a7ac76dd,2,1,3,0,0,0,2,1,3,1,1
2022-11-08,0ae19578-2743-4d0a-8724-ea41f430e8e5,175,227,402,1,2,3,176,229,405,1,9
2022-11-08,0aef94ce-0e64-4e07-95fe-b7682b964c78,27,33,60,75,11,86,102,44,146,1,8
2022-11-08,0b24a907-eeb2-4720-bb77-c7811f5937d8,24,38,62,4,7,11,28,45,73,1,5
2022-11-08,0b46b69f-fdf0-4c45-af0c-1159567b9100,9,10,19,3,0,3,12,10,22,1,6
2022-11-08,0b6190e3-19a3-4c8b-80b5-715f8f300a49,4,3,7,0,2,2,4,5,9,1,2
2022-11-08,0b6ff868-91a9-4658-b167-5d8f0204ba8e,15,10,25,0,1,1,15,11,26,1,5
2022-11-08,0b88c1b4-8b8a-4823-ab40-ca48c58a576f,17,18,35,0,0,0,17,18,35,1,1
2023-11-24,c9a22c0b-e06a-4b7c-9081-f6185f240836,0,0,0,15,0,15,15,0,15,1,2
2023-11-24,c9b1c6ed-b417-4695-a89f-767aec9ccd1f,3,0,3,17,0,17,20,0,20,1,4
2023-11-24,c9c817d4-cbd4-4a0c-a89c-b2d9c770567a,5,0,5,0,0,0,5,0,5,1,4
2023-11-24,c9e1470f-9e14-4d47-8f6a-2baee9fadbae,1,1,2,0,0,0,1,1,2,1,1
2023-11-24,c9ed7b43-356a-4938-ab74-43f9d147a2dc,67,104,171,1,7,8,68,111,179,1,5
2023-11-24,ca0a07db-64bc-4693-8c50-8ecf9a932961,13,0,13,2,0,2,15,0,15,1,1
2023-11-24,ca1393f8-97f9-4abf-ab8c-cd544a2e7f05,22,52,74,2,1,3,24,53,77,1,6
2023-11-24,ca2f7ae8-aceb-424a-b5c3-c8ca7b473c01,24,21,45,0,0,0,24,21,45,1,4
2023-11-24,ca3ff191-6d5e-4567-9a66-f0e1de51ade6,9,18,27,1,1,2,10,19,29,1,4
2023-11-24,ca56dc4c-afa4-4467-9b29-afbeb03d89e7,2,3,5,1,0,1,3,3,6,1,2
2023-11-24,ca63e713-38fb-4b0d-a977-b8de99c3ef3f,18,15,33,1,0,1,19,15,34,1,7
2023-11-24,ca72e776-069f-47cc-b1a5-815f43bb0983,95,160,255,62,30,92,157,190,347,1,5
2023-11-24,ca968945-d439-4f80-a976-91639168f287,12,4,16,1,0,1,13,4,17,1,7
2023-11-24,cab95498-4c93-4258-a5ac-b86f8a1f870d,12,20,32,23,18,41,35,38,73,1,4
2023-11-24,caca1d8a-bff9-4d8c-84dd-994bfe5624d6,5,3,8,0,0,0,5,3,8,1,3
2023-11-24,cada92f1-41d4-4bc3-a4f9-d21cd197955a,4,1,5,0,0,0,4,1,5,1,2
2023-11-24,cb031168-964d-4d7b-b65f-ead6c2ffc1b3,1,0,1,0,0,0,1,0,1,1,1
2023-11-24,cb31cbf4-0c81-430d-b88f-e26eaf587569,35,46,81,65,9,74,100,55,155,1,8
2023-11-24,cb41220c-5d20-459a-b8c1-12179abf768a,1,0,1,0,0,0,1,0,1,1,1
2023-11-24,cb73bc2f-8e62-4f9d-8ed4-df240b10f7e7,102,118,220,32,14,46,134,132,266,1,2
2023-11-24,cb8a55ff-f0ab-43e2-a160-dbb7be09d111,8,12,20,0,0,0,8,12,20,1,4
2023-11-24,cb976fa5-673f-4a60-b831-256b63790bb0,5,2,7,28,0,28,33,2,35,1,4
2023-11-24,cbb9d8c3-0b8c-41a3-9332-52a1e859d625,5,0,5,0,0,0,5,0,5,1,4
2023-11-24,cbdba1d9-6c5c-4281-b849-bd0ab8175328,0,2,2,0,2,2,0,4,4,1,4
2023-11-24,cbf7238a-67fd-40ba-ba37-33a7d1586f94,48,63,111,0,1,1,48,64,112,1,6
2023-11-24,cc0a295a-5be1-410c-8a90-d4698a2513f9,12,8,20,50,14,64,62,22,84,1,11
2023-11-24,cc18a5e9-aa99-4a40-856a-385db9c8e8a5,40,29,69,4,3,7,44,32,76,1,3
2023-11-24,cc278b40-f28e-4675-90ce-d657d378ef80,21,25,46,0,0,0,21,25,46,1,4
2023-11-24,cc49da16-a380-4365-9355-da4a23645ef8,4,6,10,2,3,5,6,9,15,1,6
2023-11-24,cc611854-004f-4d18-a3ba-68dbb6d19194,11,4,15,0,1,1,11,5,16,1,2
2023-11-24,cc76aa33-1c53-4c0d-9938-4388b6043c44,176,153,329,11,2,13,187,155,342,1,4
2023-11-24,cc80118d-c3c4-486c-a7df-78d44ed1b90a,2,3,5,1,0,1,3,3,6,1,4
2023-11-24,ccae4478-3045-4e0a-af91-98fb56740776,13,22,35,2,4,6,15,26,41,1,4
2023-11-24,cccfa187-be49-4a42-b163-7f27b15111c5,7,7,14,0,0,0,7,7,14,1,2
2023-11-24,cce32828-fa94-4b8d-abac-4829eae640ad,163,164,327,35,37,72,198,201,399,1,9
2023-11-24,ccfad318-7e25-421c-9f25-191deeba5f53,69,68,137,1,0,1,70,68,138,1,4
2023-11-24,cd0e6e9e-3988-49cb-96c5-8afd223eb764,68,61,129,140,135,275,208,196,404,1,9
2023-11-24,cd21d99c-5967-483d-9c12-63cc9423bf89,6,4,10,0,0,0,6,4,10,1,2
2023-11-24,cd50668f-3271-4ebf-b374-b593fd5302dc,2,2,4,0,0,0,2,2,4,1,1
2023-11-24,cd648dec-2a6f-4f94-a807-78cce3e1b60b,0,0,0,0,1,1,0,1,1,1,1
2023-11-24,cd836ba9-8016-41b9-b557-0a74f4add986,48,53,101,9,1,10,57,54,111,1,5
2023-11-24,cd889847-8ec0-445a-9f38-0290af76e3ab,12,21,33,3,1,4,15,22,37,1,4
2023-11-24,cd9cdf18-bc72-4bcf-a9bb-a7822ff57879,0,1,1,0,0,0,0,1,1,1,1
2023-11-24,cdb7c09c-c2f4-4d32-8d43-3465a9a28aa9,8,11,19,1,1,2,9,12,21,1,3
2023-11-24,cdcc0410-6dc3-4617-b1b8-8a3a2242323c,24,28,52,12,4,16,36,32,68,1,3
2023-11-24,cde7a9e4-1545-4165-8b31-042b99706dac,14,15,29,0,4,4,14,19,33,1,5
2023-11-24,cdff7172-55ba-4156-8a0d-e66a7cb7add0,0,2,2,1,0,1,1,2,3,1,1
2023-11-24,ce227c38-4787-4198-b2ce-209a2a463ac0,27,18,45,150,19,169,177,37,214,1,11
2023-11-24,ce26357b-30b0-4699-a7de-a31a7bf329f3,4,2,6,14,17,31,18,19,37,1,5
2023-11-24,ce3adcc3-29a3-43ec-9bbf-d6b37fb1b2bd,7,7,14,3,2,5,10,9,19,1,7
2023-11-24,ce60df64-53ab-46af-adeb-b54745ec84c2,0,28,28,51,35,86,51,63,114,1,4
2023-11-24,ce82b36f-0c9e-41d8-9471-7b608c6d17d9,5,6,11,0,0,0,5,6,11,1,3
2023-11-24,ce8fa37b-3deb-4b37-8052-d2c5796df2ca,3,1,4,1,2,3,4,3,7,1,2
2023-11-24,cecc6f98-6ba4-463a-b84e-6aa2990d758e,8,8,16,25,4,29,33,12,45,1,8
2023-11-24,cef78956-4c47-4478-abee-50c0896e3382,39,49,88,0,6,6,39,55,94,1,2
2023-11-24,cefee32f-3957-427d-a296-c9bb7a9d20ea,0,1,1,9,2,11,9,3,12,1,2
2023-11-24,cf132964-8410-4648-bef6-a2b5301d750d,54,56,110,1,2,3,55,58,113,1,18
2023-11-24,cf20e24b-2de1-4d65-8632-497da27616e7,13,10,23,7,0,7,20,10,30,1,2
2023-11-24,cf296f83-d486-4f9a-8b5b-bfe3ac141d1c,10,14,24,1,0,1,11,14,25,1,5
2023-11-24,cf46fd2f-a63a-4b06-8eeb-56afebb0ac3b,0,1,1,0,0,0,0,1,1,1,1
2023-11-24,cf67cfd7-ff37-43b0-9659-eede2f8121cc,2,14,16,0,0,0,2,14,16,1,2
2023-11-24,cf780afb-0d60-4603-ab50-74300c29b60f,0,0,0,6,0,6,6,0,6,1,1
2023-11-24,cf9ac2de-c89b-480e-bc64-c3c8e785cdd2,22,17,39,18,5,23,40,22,62,1,5
2023-11-24,cfabdfb8-0267-422e-8453-d9d567c1410d,1,23,24,0,0,0,1,23,24,1,6
2023-11-24,cfdb6ac1-4006-47da-b414-073b2fa131d5,7,5,12,0,2,2,7,7,14,1,4
2023-11-24,cfe0a3b4-5f29-4eba-8f63-8323895d84a3,340,316,656,19,11,30,359,327,686,1,9
2023-11-24,cff54f80-07ea-410a-a053-4dc55f688fa5,21,2,23,11,8,19,32,10,42,1,8
2023-11-24,d001a519-14a4-40c8-90c8-621d7eb8c276,3,3,6,61,0,61,64,3,67,1,3
2023-11-24,d0144ff3-d60a-4ff7-90fa-ef472b99c13a,3,4,7,0,1,1,3,5,8,1,2
2023-11-24,d04608fa-d89b-4d47-9a23-76a065749efa,4,0,4,2,0,2,6,0,6,1,4
2023-11-24,d06343eb-1d17-4d53-a8b9-7386100b4aef,13,8,21,0,0,0,13,8,21,1,3
2023-11-24,d071324b-bba2-4a3a-a5bb-aa413c41fd69,78,79,157,15,0,15,93,79,172,1,4
2023-11-24,d0886844-1a65-44f3-846a-8e0a24edf7a0,2,5,7,3,2,5,5,7,12,1,6
2023-11-24,d0a2cd94-c9bd-4f03-a313-36820b8fcf74,0,0,0,50,2,52,50,2,52,1,2
2023-11-24,d0affc38-1142-4d6a-9619-3205e3a396e2,9,7,16,20,4,24,29,11,40,1,4
2023-11-24,d0cbc01e-83e2-49f1-ae09-e80a46fb5a27,29,10,39,1,0,1,30,10,40,1,8
2023-11-24,d0e88538-31f4-47ed-bcb7-46537b38d23e,66,60,126,1,2,3,67,62,129,1,2
2023-11-24,d0f3c65c-73b3-44a3-93e6-f33c1cf767a4,0,1,1,3,4,7,3,5,8,1,2
2023-11-24,d10fbde9-0dc2-4588-aa32-27ba08c751a7,5,11,16,1,1,2,6,12,18,1,2
2023-11-24,d123a89a-5435-41a1-9063-e877be02a27f,2,2,4,1,1,2,3,3,6,1,2
2023-11-24,d1421a76-e6bc-4750-ac25-71affac5cc82,4,4,8,40,1,41,44,5,49,1,6
2023-11-24,d162a687-8059-4959-8c4e-f2914c4bf03f,5,4,9,3,2,5,8,6,14,1,3
2023-11-24,d1815f7f-5623-4d4f-8509-e4442dba293d,1,1,2,12,6,18,13,7,20,1,3
2023-11-24,d190ebbe-a8a9-42e8-810e-55e7ecd07386,2,0,2,0,0,0,2,0,2,1,2
2023-11-24,d1a040ac-8c0d-469e-b07e-f1deec631121,4,5,9,6,3,9,10,8,18,1,3
2023-11-24,d1ae9a1e-0bcb-4716-86a6-8d6ddf62d879,1,1,2,0,0,0,1,1,2,1,1
2023-11-24,d1c7c395-a199-4b92-bdc9-1f97b4592ae8,263,283,546,3,4,7,266,287,553,1,4
2023-11-24,d1e3e34b-98bc-4d04-8af0-6a3649b8ba8e,2,10,12,3,6,9,5,16,21,1,5
2023-11-24,d20ba38f-9044-44d4-adf8-6761adb46620,2,0,2,0,0,0,2,0,2,1,2
2023-11-24,d228e6b7-dc2d-4bfa-b742-f30ff5d7b8a9,9,5,14,6,5,11,15,10,25,1,6
2023-11-24,d24cb296-b75d-4edf-b01c-7b9e214d31b3,6,0,6,1,0,1,7,0,7,1,6
2023-11-24,d25d9607-fcd9-48c6-9b8e-72e654e12e13,0,4,4,0,0,0,0,4,4,1,2
2023-11-24,d26b1c41-c5a3-4d27-820f-a17746796d88,10,9,19,0,0,0,10,9,19,1,4
2023-11-24,d297bd53-b590-4af3-ae3d-2ff2516be54c,722,549,1271,22,19,41,744,568,1312,1,27
2023-11-24,d2a03568-4698-4add-9278-dca408b1a101,25,33,58,17,17,34,42,50,92,1,6
2023-11-24,d2b19d09-5d58-4136-81fb-85ebaceaf7da,31,27,58,4,2,6,35,29,64,1,5
2023-11-24,d2c203cf-b769-4d3b-99d2-820143743977,2,3,5,1,0,1,3,3,6,1,2
2023-11-24,d2d5ea23-19fb-4739-bb9b-3bea40ad3f2f,269,404,673,10,2,12,279,406,685,1,9
2023-11-24,d2fb7edc-d132-4dac-9b8c-fd8337f75368,46,67,113,0,0,0,46,67,113,1,6
2023-11-24,d325f468-07fe-401d-a969-b7a1c53c36f0,4,3,7,0,0,0,4,3,7,1,2
2023-11-24,d358ee73-769c-482b-bbc9-2d18ce45c2a8,1,1,2,0,0,0,1,1,2,1,1
2023-11-24,d3749a4e-0b85-4eab-8a32-5889a72cf636,1,2,3,7,0,7,8,2,10,1,2
2023-11-24,d390a8df-6a4f-4ec2-8524-6dc177690338,0,0,0,3,3,6,3,3,6,1,2
2023-11-24,d3d391ae-979b-4c13-aa53-378966645a21,24,32,56,5,2,7,29,34,63,1,5
2023-11-24,d3e689fd-a060-4f6c-9aae-cfab69a39741,3,1,4,1,0,1,4,1,5,1,4
2023-11-24,d3f108bd-4483-4900-8029-ead430062683,3,1,4,0,0,0,3,1,4,1,2
2023-11-24,d412cc4a-459f-4383-9195-a347a7d82750,8,8,16,31,0,31,39,8,47,1,3
2023-11-24,d4506b0f-ad51-4803-94d2-ba9e0d573d8c,26,19,45,1,0,1,27,19,46,1,4
2023-11-24,d462b093-ac50-471e-88c0-8729c66ae5a8,1,1,2,1,0,1,2,1,3,1,2
2023-11-24,d47777f9-23b1-4bc7-80d9-c6d0c47cfda7,5,5,10,8,2,10,13,7,20,1,4
2023-11-24,d497a145-4758-4ef6-b0ec-794cc39f0b93,14,14,28,0,0,0,14,14,28,1,2
2023-11-24,d4ab4309-64b5-41c9-8a67-aaf37ec28694,3,4,7,0,1,1,3,5,8,1,1
2023-11-24,d4cbe8f7-8444-4ebe-bc55-8a187a727d4b,115,139,254,121,82,203,236,221,457,1,13
2023-11-24,d4e960cd-9bb9-4ffa-a49c-749278de1012,2,0,2,0,0,0,2,0,2,1,1
2023-11-24,d50c6528-b7bf-47ce-9537-a4ffbe348016,2,0,2,1,0,1,3,0,3,1,2
2023-11-24,d525a6a7-3ecd-4add-ae43-7bbf4f1b49d6,1,0,1,0,1,1,1,1,2,1,2
2023-11-24,d5497a32-f464-4846-ade2-50e75b27a290,6,10,16,4,5,9,10,15,25,1,5
2023-11-24,d56b6326-c33b-414c-9b81-1d8acbff830a,6,7,13,0,0,0,6,7,13,1,2
2023-11-24,d59ac522-bfaa-4b8a-952f-8bb5983df64f,5,3,8,8,2,10,13,5,18,1,3
2023-11-24,d5ae5c8b-ed3a-443f-be1a-fb86e2e9e61a,42,38,80,2,9,11,44,47,91,1,5
2023-11-24,d5c252d1-5578-4410-ae45-7ecc9fd38082,5,3,8,3,5,8,8,8,16,1,4
2023-11-24,d5d6f49c-ab92-4718-b3d8-89001d4d219c,26,45,71,5,2,7,31,47,78,1,4
2023-11-24,d60d7dfd-87c9-4ce8-96c5-363c0641fad9,26,41,67,0,1,1,26,42,68,1,1
2023-11-24,d622724d-6c56-48c9-a294-69e7c041f6a4,16,20,36,0,4,4,16,24,40,1,3
2023-11-24,d62fcbfc-584e-4b3e-9c37-f3888f571e46,7,19,26,2,0,2,9,19,28,1,5
2023-11-24,d64bac5b-87c7-41df-b11e-6b9bc8341e17,11,10,21,3,2,5,14,12,26,1,5
2023-11-24,d66322d7-5048-41fb-94ef-e07d0d5fe9ae,13,9,22,4,2,6,17,11,28,1,11
2023-11-24,d6988cc0-06f8-40f4-9a3d-e3156a0bcbf1,58,51,109,6,0,6,64,51,115,1,5
2023-11-24,d6a512e9-0ab1-4402-b698-1077e321f309,0,1,1,1,0,1,1,1,2,1,2
2023-11-24,d6b2a13f-0e0c-400b-8510-c58abcd10299,6,3,9,5,2,7,11,5,16,1,3
2023-11-24,d6c48165-d93e-4533-8074-4fe608c76ea0,226,261,487,86,12,98,312,273,585,1,17
2023-11-24,d6dd3f9e-d90c-4f0a-8af0-be27a0f060fb,6,4,10,5,2,7,11,6,17,1,3
2023-11-24,d7036ae0-b387-4925-82cf-c8c3c4dd0de2,8,8,16,10,1,11,18,9,27,1,9
2023-11-24,d71c3bdb-546e-4366-ab28-504272dedb1b,8,7,15,18,11,29,26,18,44,1,4
2023-11-24,d724dcf0-3bef-4451-b5cc-7c66d5922ea1,8,8,16,2,9,11,10,17,27,1,6
2023-11-24,d745e775-cea5-4650-ac1d-5044843a1c62,2,5,7,0,1,1,2,6,8,1,2
2023-11-24,d7618717-377a-4e31-8b79-f63c51a25de5,506,533,1039,17,7,24,523,540,1063,1,5
2023-11-24,d777f818-5104-4615-9dd4-ba8ec120f5ec,210,262,472,6,2,8,216,264,480,1,11
2023-11-24,d7974b45-5e90-4522-b420-4f89450e3b94,16,22,38,0,1,1,16,23,39,1,5
2023-11-24,d7b3cc8e-afdf-403c-9c37-a582b1dee9b6,27,17,44,1,5,6,28,22,50,1,6
2023-11-24,d7d236f3-d205-4554-a0da-cad38cce0dad,9,5,14,12,1,13,21,6,27,1,5
2023-11-24,d7f327af-96ed-4caa-b7b7-4b778fa30e46,2,1,3,0,0,0,2,1,3,1,1
2023-11-24,d7f89e56-d212-4b54-9d11-d16e44dddf1d,2,2,4,4,0,4,6,2,8,1,2
2023-11-24,d817d7d3-a910-4e1a-85d1-185e6561de76,3,8,11,0,0,0,3,8,11,1,1
2023-11-24,d829b78b-f380-490a-a282-1a46e8cee742,1,0,1,0,0,0,1,0,1,1,1
2023-11-24,d842b9b6-4eee-4858-b08a-4d254b55f8fc,217,165,382,18,16,34,235,181,416,1,4
2023-11-24,d8599900-4ba4-418c-b648-8b85a7943127,50,61,111,11,8,19,61,69,130,1,27
2023-11-24,d87b0882-ffec-428e-9740-6bdfc6e12a8d,1,2,3,0,0,0,1,2,3,1,1
2023-11-24,d885419d-439d-4a71-9941-9d90ff5c33d3,2,0,2,0,0,0,2,0,2,1,2
2023-11-24,d89ef4b5-6093-48a6-9cce-0bde68ff920c,96,91,187,9,5,14,105,96,201,1,6
2023-11-24,d8b1bfd1-4583-4998-bb39-81a1b2a16b08,7,9,16,1,6,7,8,15,23,1,3
2023-11-24,d8c2fd50-cf49-49ea-ae27-8efc81c58093,22,16,38,0,1,1,22,17,39,1,4
2023-11-24,d8da4698-2526-4875-97d7-7ed9982fb1e5,7,5,12,0,1,1,7,6,13,1,5
2023-11-24,d8e266b3-e600-4f2c-af61-679c54860dd3,2,0,2,103,0,103,105,0,105,1,7
2023-11-24,d8efedcc-0e41-49ca-a470-e769087658e9,4,3,7,0,0,0,4,3,7,1,1
2023-11-24,d9052ed8-9dc3-425f-aada-b0ff1037a73b,1,2,3,1,0,1,2,2,4,1,2
2023-11-24,d914daa3-9325-4d7b-8bb1-73ae5f0a0adc,57,37,94,18,9,27,75,46,121,1,6
2023-11-24,d9434dc8-7fca-441d-9200-2e6bb1ffc808,9,17,26,0,0,0,9,17,26,1,6
2023-11-24,d96c878f-097e-4801-bd69-2f1b47d1c3c4,112,97,209,27,10,37,139,107,246,1,13
2023-11-24,d97ea465-9031-46cd-8bc4-707435096bc6,24,14,38,5,1,6,29,15,44,1,9
2023-11-24,d99904fb-427f-44af-9db2-22e528a3d4bd,9,14,23,2,0,2,11,14,25,1,7
2023-11-24,d9a6df83-8ada-4eba-bb29-899b5f917eae,88,78,166,28,4,32,116,82,198,1,10
2023-11-24,d9b40661-b522-4329-8723-ed6d5b74d684,36,37,73,0,0,0,36,37,73,1,9
2023-11-24,d9bb24c8-a97a-4ff5-8620-f07331ec28d7,954,1232,2186,0,0,0,954,1232,2186,1,3
2023-11-24,d9ccec3a-30a7-423b-92fa-980898d6abd6,4,1,5,0,1,1,4,2,6,1,1
2023-11-24,d9dde52a-c543-403e-81c6-03cb49608793,34,40,74,0,0,0,34,40,74,1,1
2023-11-24,d9f56104-0fca-40ca-89f5-53d9afc69d88,20,23,43,7,1,8,27,24,51,1,7
2023-11-24,da080aad-ebb1-4cab-9395-f777e46bac6d,1,4,5,0,0,0,1,4,5,1,2
2023-11-24,da23b42e-2a85-4fa8-82a7-49c215931ff8,69,60,129,6,1,7,75,61,136,1,11
2023-11-24,da2e4837-9eb9-4587-8ef1-659a5dad3c29,3,1,4,39,0,39,42,1,43,1,3
2023-11-24,da57223b-43dd-4663-9186-a6a5b8f93620,2,2,4,0,0,0,2,2,4,1,1
2023-11-24,da6e5e46-aa24-4cdc-9a7b-849deedea687,18,25,43,7,1,8,25,26,51,1,7
2023-11-24,da78c283-ad7b-4759-9083-030fd40ccf45,6,1,7,3,4,7,9,5,14,1,3
2023-11-24,da8ac95c-1ed4-4860-b819-97e2ebae06dd,2,6,8,2,2,4,4,8,12,1,2
2023-11-24,dab3f8cb-168c-42e9-94a3-c036c88ca826,16,17,33,1,2,3,17,19,36,1,2
2023-11-24,dad38172-3133-459e-a821-16877a5b3d64,2,0,2,0,0,0,2,0,2,1,2
2023-11-24,daed5454-a0fd-415b-aee3-c00e3d338a5c,76,67,143,35,14,49,111,81,192,1,8
2023-11-24,daf91029-3e3b-4748-92e4-910d4604cf7b,1,0,1,0,0,0,1,0,1,1,1
2023-11-24,db16c995-9c2d-4400-b0b6-c5a37fef2d05,95,99,194,57,31,88,152,130,282,1,10
2023-11-24,db1dc8f7-6722-482f-95a4-19b517a254e5,47,41,88,0,0,0,47,41,88,1,2
2023-11-24,db3a9737-a162-4b99-8b6e-d565032d7505,13,27,40,8,5,13,21,32,53,1,6
2023-11-24,db520c21-78da-42c8-8feb-74aa2381b115,2,0,2,4,4,8,6,4,10,1,2
2023-11-24,db6eaf87-c026-4bf0-93f4-e92963e4a347,1,0,1,0,0,0,1,0,1,1,1
2023-11-24,db865ffb-6e04-4ebb-a905-0dfd79d0c917,5,3,8,25,0,25,30,3,33,1,4
2022-11-08,0b9dfb04-eb0a-4634-919c-170969476944,0,0,0,9,0,9,9,0,9,1,1
2022-11-08,0bc13418-75a9-46e3-9bdf-876d23a3f64e,21,36,57,115,183,298,136,219,355,1,6
2022-11-08,0bdbb759-7a38-4a88-a93f-501ab0b0ca39,45,41,86,26,35,61,71,76,147,1,8
2022-11-08,0c01c205-abf3-4ace-934c-7d04bd792dc1,2,0,2,3,0,3,5,0,5,1,3
2022-11-08,0c204739-8510-4b6c-b053-acf8704318da,0,2,2,0,0,0,0,2,2,1,1
2022-11-08,0c4f8f71-6218-4795-944e-c6fd289ef65c,10,6,16,0,0,0,10,6,16,1,2
2022-11-08,0c5d4431-0925-4337-ae06-8d75310f7b41,26,36,62,12,13,25,38,49,87,1,7
2022-11-08,0c7a9188-3c51-48af-a593-b6393f77ba32,31,38,69,0,3,3,31,41,72,1,6
2022-11-08,0cb7cc22-64ff-484e-a83a-728a4fc2d9cf,43,52,95,6,13,19,49,65,114,1,9
2022-11-08,0ce1766c-b0cc-4de2-b3ba-6afb6ec072e1,11,9,20,66,12,78,77,21,98,1,8
2022-11-08,0d0d23ff-9c97-430b-b915-146f340e923e,4,3,7,0,2,2,4,5,9,1,1
2022-11-08,0d35632e-925e-415b-abac-524396c914eb,65,62,127,3,1,4,68,63,131,1,13
2022-11-08,0d45a184-ff2a-48df-9558-382915c9774f,3,1,4,0,0,0,3,1,4,1,3
2022-11-08,0d5a9516-90a2-4ccf-bd42-38452c5d052e,12,15,27,0,0,0,12,15,27,1,3
2022-11-08,0d7c9269-606c-4452-ae74-5d0d2e3b9ef0,420,409,829,567,168,735,987,577,1564,1,10
2022-11-08,0d95679c-1bfa-4caf-927e-4a9b420da41c,2,2,4,7,1,8,9,3,12,1,5
2022-11-08,0db2778c-2dcf-4975-bfb4-121d195e1500,6,0,6,1,0,1,7,0,7,1,6
2022-11-08,0dc00be4-fb38-42f4-b211-d55d6e5a66fb,30,26,56,2,3,5,32,29,61,1,9
2022-11-08,0dd1506b-2a06-4e16-b37c-090e096050ac,37,36,73,5,0,5,42,36,78,1,8
2022-11-08,0df7d60a-e9da-4a3f-9aeb-eaa920d838d5,7,4,11,0,2,2,7,6,13,1,1
2022-11-08,0e0cf55b-c841-481f-a539-393ae8f3eb2e,10,9,19,0,0,0,10,9,19,1,1
2022-11-08,0e249a1d-1e1f-4082-9237-0ec1989b4708,0,0,0,0,21,21,0,21,21,1,9
2022-11-08,0e38bbcf-addf-4c41-8d80-a70212560c05,13,18,31,0,0,0,13,18,31,1,1
2022-11-08,0e55d578-2b60-45b6-bd5f-5d6836db1f25,3,0,3,0,0,0,3,0,3,1,1
2022-11-08,0e64a66c-c41a-4f34-aec6-2bc25e434e5d,1,2,3,0,0,0,1,2,3,1,2
2022-11-08,0e7ab9e3-31eb-43d4-8175-f03795e16af1,7,17,24,6,12,18,13,29,42,1,3
2022-11-08,0eb7fcc4-70fa-4125-95c1-e2d9d392136e,40,28,68,2,0,2,42,28,70,1,10
2022-11-08,0ecdf02f-4d6f-4c8c-a10b-1907d1f10610,1,1,2,0,0,0,1,1,2,1,1
2022-11-08,0eebb3ed-b323-488e-b38b-cfa37f057311,22,13,35,1,0,1,23,13,36,1,4
2022-11-08,0effe884-0770-4854-86bc-ccd5109065cf,34,28,62,9,2,11,43,30,73,1,20
2022-11-08,0f2be2a1-0318-49bd-adf5-3a20866e97a9,53,48,101,6,3,9,59,51,110,1,9
2022-11-08,0f46bd56-1088-4ec9-b89f-64acc818800e,1,0,1,3,1,4,4,1,5,1,2
2022-11-08,0f7019a0-8405-45c6-9b15-44239e73c612,27,31,58,0,2,2,27,33,60,1,4
2022-11-08,0f9dd536-7907-4637-85aa-cb90a43f087a,63,80,143,75,70,145,138,150,288,1,10
2022-11-08,0fa467c6-072c-4949-bc73-de52e10f3055,63,69,132,0,4,4,63,73,136,1,11
2022-11-08,0fb6b31e-eae7-49bc-8bd1-0c0ae4d88deb,73,70,143,86,59,145,159,129,288,1,6
2022-11-08,0fcc0954-9328-4886-b941-58a4e00bf945,3,4,7,3,1,4,6,5,11,1,5
2022-11-08,0ff29bba-319f-4917-b90f-7ee34ec09a45,2,1,3,2,0,2,4,1,5,1,2
2022-11-08,100351e5-a7d5-446a-8d58-a080ccf18850,4,2,6,0,0,0,4,2,6,1,1
2022-11-08,101d93fc-6deb-4abb-90eb-00e7a69f5e93,0,6,6,19,3,22,19,9,28,1,3
2022-11-08,10396b0a-69ac-4ec8-9bca-b17642b3067a,2,6,8,0,0,0,2,6,8,1,2
2022-11-08,104e0bbf-d341-4754-8fe0-fc2c50f63e41,2,0,2,0,0,0,2,0,2,1,1
2022-11-08,1055f33a-73df-4360-9ede-78354027b96e,2,2,4,0,0,0,2,2,4,1,1
2022-11-08,1075a52d-ad3a-476e-809c-d197682dc386,7,7,14,32,0,32,39,7,46,1,4
2022-11-08,10a6c68b-2b59-48b8-9d0c-12d64a7a2399,1,2,3,0,0,0,1,2,3,1,2
2022-11-08,10c00885-3133-4374-9a9f-0332cfcec639,29,25,54,0,0,0,29,25,54,1,3
2022-11-08,10e0a7cd-2baf-4a1d-9fa9-ad97faaaf11f,20,28,48,0,0,0,20,28,48,1,1
2022-11-08,11134818-68a2-4f2e-8d4c-3cefd1b9a645,2,6,8,5,2,7,7,8,15,1,2
2022-11-08,1160ab1c-c43d-45ab-b579-3b483e1a6afa,25,22,47,0,1,1,25,23,48,1,4
2022-11-08,117e9fb5-37c2-42d0-a692-2b9b43a47879,327,467,794,6,17,23,333,484,817,1,11
2022-11-08,118e8b02-1d5e-45e9-9da7-d678d5fb422e,9,9,18,8,1,9,17,10,27,1,2
2022-11-08,11bb7865-5171-416d-b765-b001205fc37b,1,2,3,0,0,0,1,2,3,1,1
2022-11-08,11e60a6a-7b80-4fe7-bf3c-31db2957d27e,15,31,46,3,0,3,18,31,49,1,4
2022-11-08,12187726-4759-4eb3-a5b4-bb02e60963c6,18,19,37,7,7,14,25,26,51,1,7
2022-11-08,122c9978-cc6b-41fc-a3b1-836662dd7cc9,29,28,57,3,0,3,32,28,60,1,5
2022-11-08,124a0301-9976-49ed-8b8f-51ba1b2c38a4,0,0,0,69,5,74,69,5,74,1,3
2022-11-08,1257c79d-6790-470b-81fd-7e704c7cb446,77,95,172,8,8,16,85,103,188,1,4
2022-11-08,1274306c-630c-4eeb-8ead-8b8de2cee391,6,3,9,0,0,0,6,3,9,1,2
2022-11-08,12af9f63-9d97-4eb9-8f5b-546f2cc87cd8,69,80,149,2,3,5,71,83,154,1,6
2022-11-08,12bb0bc6-4e78-47b2-a4de-3568f1f459eb,2,2,4,0,0,0,2,2,4,1,2
2022-11-08,12da2529-b244-4bef-92d8-f2380a6c32d5,456,479,935,104,8,112,560,487,1047,1,15
2022-11-08,1316b97a-5182-4ccc-bfab-abd4493966b2,0,0,0,1,0,1,1,0,1,1,1
2022-11-08,132aafe9-ad67-46b9-ba56-738878d511dd,15,0,15,0,0,0,15,0,15,1,3
2022-11-08,1342f9bd-e926-48d4-834a-d0c742d9dfe8,0,2,2,0,0,0,0,2,2,1,1
2022-11-08,13631264-8655-4144-9d69-f2613695c970,19,35,54,9,5,14,28,40,68,1,4
2022-11-08,13968ced-4dd3-47b7-9dba-64e0ba308031,5,22,27,39,16,55,44,38,82,1,5
2022-11-08,13b2a2b1-4f8c-4f73-ac1e-5c8cf3d6beaf,3,2,5,0,2,2,3,4,7,1,2
2022-11-08,13c10cc5-2dfb-4a35-a8e6-a343611039dc,4,0,4,0,0,0,4,0,4,1,4
2022-11-08,13d21863-3630-4f28-99ce-5d275c4d6a05,81,106,187,1,0,1,82,106,188,1,18
2022-11-08,13f5467d-9bfc-4d0b-a4ce-c789d97a5e53,1,2,3,0,0,0,1,2,3,1,1
2022-11-08,141fd7da-3171-4fa2-a9d3-994cc8d074ca,8,5,13,4,0,4,12,5,17,1,2
2022-11-08,143f98b7-cae4-480f-aeab-192cbccfd82d,1,0,1,0,0,0,1,0,1,1,1
2022-11-08,145337e4-acbe-4b7d-9244-229c3fdf6ded,14,15,29,0,0,0,14,15,29,1,4
2022-11-08,147fc4b2-a5e9-4104-83ed-96c2fce28bc8,11,11,22,0,0,0,11,11,22,1,5
2022-11-08,14bdcfcf-561e-497e-a625-0e4d8f7c3d83,8,8,16,1,0,1,9,8,17,1,2
2022-11-08,14e4d31c-de97-4258-a08c-90a8fe26c797,12,3,15,0,0,0,12,3,15,1,3
2022-11-08,1510f5a5-5281-4d5a-a772-d67873f70d99,1,1,2,0,0,0,1,1,2,1,1
2022-11-08,153189e6-1604-4cf7-bd92-4239030e918e,12,9,21,1,0,1,13,9,22,1,5
2022-11-08,1546d11b-72fe-4b15-bbff-a94e33f2ed2b,1,0,1,0,0,0,1,0,1,1,1
2022-11-08,1569fec3-1ab2-4357-a6ca-3bb50b0b3515,4,10,14,3,2,5,7,12,19,1,2
2022-11-08,15867d01-8796-4a68-b5d9-2573eb0262e3,3,5,8,2,3,5,5,8,13,1,3
2022-11-08,15b00425-8b7b-46f8-a77a-091d6903381f,1,0,1,6,0,6,7,0,7,1,2
2022-11-08,15c4afaf-e6eb-45c9-850c-e4cebfad0261,19,29,48,8,5,13,27,34,61,1,9
2022-11-08,15dfd3d9-445a-4db3-8080-73672726e4e1,12,10,22,53,25,78,65,35,100,1,6
2022-11-08,16173933-c651-43ac-8369-a0d9dfd2d44f,4,12,16,0,0,0,4,12,16,1,2
2022-11-08,165867a2-8855-4940-88c8-6107c51b2716,9,19,28,5,7,12,14,26,40,1,5
2022-11-08,166f4779-952a-43e0-855c-e95ad449a275,10,11,21,1,0,1,11,11,22,1,3
2022-11-08,1680c02b-081b-4313-92f6-6def6d6c2dcc,19,16,35,18,0,18,37,16,53,1,4
2022-11-08,168d3a14-02ba-4a61-98e5-b9683c643a62,2,0,2,1,0,1,3,0,3,1,2
2022-11-08,16b1c5ee-02f2-423d-9acb-ad078150253d,13,13,26,44,13,57,57,26,83,1,5
2022-11-08,16bf3966-ad59-4f5e-bfcf-1d00f7f7411a,2,2,4,0,0,0,2,2,4,1,2
2022-11-08,16c8a286-172e-446d-946f-391165251828,114,122,236,53,23,76,167,145,312,1,9
2022-11-08,17075686-7f42-401a-aa8b-79e64ff70e87,6,4,10,1,1,2,7,5,12,1,1
2022-11-08,173d5907-bf29-4408-a8d1-645184a60ddc,0,0,0,11,1,12,11,1,12,1,2
2022-11-08,1747fd39-21d6-464c-bf8c-476fdee65a01,23,23,46,25,7,32,48,30,78,1,7
2022-11-08,175677a9-4025-4ab8-99a7-3f046abac050,76,52,128,16,4,20,92,56,148,1,10
2022-11-08,179ee64a-3553-494a-9e18-f2910032b070,37,28,65,7,0,7,44,28,72,1,5
2022-11-08,17c06a2d-bded-4d29-bf0a-adaa66108883,24,25,49,0,0,0,24,25,49,1,4
2022-11-08,17cf8fdc-b83b-4536-b2a8-0d3ae8b646e3,8,13,21,13,7,20,21,20,41,1,3
2022-11-08,17dc9240-86b8-4a71-9fa9-d965d313a8a9,10,17,27,20,16,36,30,33,63,1,6
2022-11-08,17eaa478-75ae-465c-a435-e293d503c950,29,26,55,10,4,14,39,30,69,1,13
2022-11-08,181a68f2-5b9b-4922-a04d-68919f4aff0a,2,2,4,0,0,0,2,2,4,1,1
2022-11-08,183ddd42-2cb7-4de8-9f4b-b26aacefb342,7,11,18,0,1,1,7,12,19,1,5
2022-11-08,185efa93-8853-49d4-9be2-128f58e77f63,0,0,0,5,0,5,5,0,5,1,1
2022-11-08,187fa112-7e52-4407-9557-c76083968486,7,1,8,0,0,0,7,1,8,1,5
2022-11-08,189dcc43-4255-40d4-8943-bf5916857b70,1,0,1,0,0,0,1,0,1,1,1
2022-11-08,18ce2a29-7fa8-425c-b897-6c2cd75f4e35,4,0,4,0,0,0,4,0,4,1,4
2022-11-08,18dd3bae-ccbd-49c5-a081-a8dc8ad5f49f,1,3,4,0,0,0,1,3,4,1,1
2022-11-08,192fc016-e0dd-4491-944a-90446fbf2806,4,6,10,0,0,0,4,6,10,1,2
2022-11-08,19556981-aecf-42fd-ab88-62af89c14ed8,11,9,20,92,36,128,103,45,148,1,5
2022-11-08,198c52f4-98db-459b-b2b6-c765d36c4a40,10,8,18,0,0,0,10,8,18,1,3
2022-11-08,199a5822-cfbf-4352-97c2-f02ca5dbe437,57,72,129,4,9,13,61,81,142,1,3
2022-11-08,19c61ab0-5cd0-45a9-9687-438dc5298927,1,0,1,0,0,0,1,0,1,1,1
2022-11-08,19e9f230-2ff6-40f2-9538-2dddd2d8b57b,2,2,4,0,0,0,2,2,4,1,2
2022-11-08,1a03ccb4-8586-41e0-94d5-112dee21288a,20,19,39,10,0,10,30,19,49,1,4
2022-11-08,1a1e26ad-7ccc-425f-a255-4d55dfcf70b8,7,6,13,0,0,0,7,6,13,1,2
2022-11-08,1a426b4c-101c-43cf-a22a-7c974036dfe5,12,12,24,0,0,0,12,12,24,1,2
2022-11-08,1a50a15e-ae7a-4ec0-93d1-3d9a5b3417e4,56,68,124,0,0,0,56,68,124,1,6
2022-11-08,1a695d2a-4f2a-41a3-99ca-94931ec76fdb,1,2,3,0,1,1,1,3,4,1,2
2022-11-08,1aa6b965-4448-4f3e-9b18-c4ea402c89b7,226,167,393,37,35,72,263,202,465,1,14
2022-11-08,1ab5e868-aacb-45f4-990f-52624db2afb6,2,0,2,0,0,0,2,0,2,1,2
2022-11-08,1acfc641-f648-4374-b80c-dff6bca8f742,24,42,66,10,11,21,34,53,87,1,3
2022-11-08,1b04fb6b-655a-4921-8b3f-353c3f15c1bc,1,1,2,0,0,0,1,1,2,1,1
2022-11-08,1b31d5a6-be6a-44e9-9044-804b0eaaede7,3,8,11,0,0,0,3,8,11,1,2
2022-11-08,1b4fd2bf-d5b8-4cc7-a944-2363deb32f94,17,25,42,1,6,7,18,31,49,1,6
2022-11-08,1b65e53a-8f4d-4821-9138-7ac2bb186e74,82,139,221,3,3,6,85,142,227,1,3
2022-11-08,1b88c065-2bd7-4d7e-a878-7fd6bb1cb447,10,8,18,1,0,1,11,8,19,1,3
2022-11-08,1b9b4a50-cb5a-468f-9296-5288170d2b2c,306,288,594,46,26,72,352,314,666,1,17
2022-11-08,1bd177eb-dc47-4077-9a34-1443eeae5b94,4,3,7,0,0,0,4,3,7,1,1
2022-11-08,1bed153f-7217-48e8-92be-5459c1f84e6a,7,13,20,0,0,0,7,13,20,1,2
2022-11-08,1c0d26d1-4aa9-43c5-9d5c-1e44d3e52a05,28,24,52,0,1,1,28,25,53,1,4
2022-11-08,1c28cc61-b701-4af3-83c5-0d29311ea053,9,5,14,0,0,0,9,5,14,1,2
2022-11-08,1c5aac9c-097d-4c72-9015-7530f6706792,1,3,4,1,0,1,2,3,5,1,1
2022-11-08,1c953525-3004-43ac-86a0-b67a240f0449,89,103,192,13,13,26,102,116,218,1,20
2022-11-08,1cb6dcba-4c7c-4611-9dc2-027f246e365c,10,11,21,2,0,2,12,11,23,1,2
2022-11-08,1cde39b9-ce00-4ca0-b66a-90e1f5508d15,2,5,7,1,0,1,3,5,8,1,2
2022-11-08,1ce64ecb-f11b-4cf4-8521-f7e5ba834b54,93,87,180,70,23,93,163,110,273,1,10
2022-11-08,1d082a25-0a6c-4c9b-88c4-c7287f735aaf,1,1,2,0,0,0,1,1,2,1,1
2022-11-08,1d1270da-9cc2-4278-bee2-d4b36d0abf9f,126,175,301,8,3,11,134,178,312,1,10
2022-11-08,1d5d92c7-6a81-4edf-8789-777712893f0a,4,0,4,0,0,0,4,0,4,1,1
2022-11-08,1d8a9046-8af4-4f90-b950-8b593f235b6c,32,14,46,1,6,7,33,20,53,1,3
2022-11-08,1db2ff86-c9a2-4b75-86fb-8e72afae469c,50,50,100,2,2,4,52,52,104,1,7
2022-11-08,1de1a71a-05b7-4b0f-9863-e62ce1863f76,12,12,24,4,0,4,16,12,28,1,6
2022-11-08,1deca81c-a3f5-4bd0-beac-b5cd49de64d9,19,12,31,0,0,0,19,12,31,1,4
2022-11-08,1e01ad4b-5080-4ea0-b012-10e0bf7756c3,8,12,20,52,23,75,60,35,95,1,6
2022-11-08,1e1c3921-4ac3-4080-9162-184298f4efd0,161,200,361,38,30,68,199,230,429,1,14
2022-11-08,1e54858b-a8c9-4ee4-8925-6f68f55b63a3,26,19,45,8,0,8,34,19,53,1,5
2022-11-08,1e6fb8e4-d9a0-47a5-b6e5-57ad15b7207f,3,0,3,0,0,0,3,0,3,1,3
2022-11-08,1e8829a6-fa8a-4568-920f-d246c9f5d6b8,5,4,9,3,0,3,8,4,12,1,4
2022-11-08,1e92f5ad-fbd2-4a71-82df-cf49c282ca86,1,0,1,0,0,0,1,0,1,1,1
2022-11-08,1e9b9cce-1443-44e4-9cd2-df5a9ae2d394,51,48,99,13,6,19,64,54,118,1,15
2022-11-08,1eb63941-1793-4eda-9ec2-206a07f84974,16,16,32,1,1,2,17,17,34,1,2
2022-11-08,1ec820ec-8117-448c-8de0-8fbfa71e3e79,23,44,67,0,9,9,23,53,76,1,4
2022-11-08,1ee96ab9-2d95-4500-af89-fc29a59aa986,0,0,0,96,22,118,96,22,118,1,5
2022-11-08,1ef890d1-9587-4d3b-9a6a-a544713f8e68,4,11,15,3,0,3,7,11,18,1,3
2022-11-08,1f19c3db-a31f-4a41-a7b8-2b13d01b7ce3,25,21,46,3,2,5,28,23,51,1,3
2022-11-08,1f2d43c2-c442-4c62-91a7-6604e92fbc97,18,17,35,15,1,16,33,18,51,1,3
2022-11-08,1f403627-b03d-409e-8537-67e8a7ee80a4,1,3,4,0,0,0,1,3,4,1,2
2022-11-08,1f5eae62-9390-4068-83b6-c6153f89c120,18,12,30,14,6,20,32,18,50,1,4
2022-11-08,1f7f5d46-2ac1-430d-8dc1-bc5dd0ece5fb,0,0,0,0,5,5,0,5,5,1,1
2022-11-08,1f9d4707-7ee7-4c93-bdfb-1c02f56bcbb5,4,12,16,1,1,2,5,13,18,1,5
2022-11-08,1fc629f2-980f-4aca-a62e-72f8d0351e5f,4,0,4,0,0,0,4,0,4,1,1
2022-11-08,1ff088a7-c4da-4554-bcc3-873653310311,561,505,1066,2,5,7,563,510,1073,1,7
2022-11-08,20159322-fe47-4c79-8983-5fce478b28ed,25,35,60,2,3,5,27,38,65,1,6
2022-11-08,2034ff5c-2aec-4d02-952e-ee1e57a3140e,0,0,0,1,0,1,1,0,1,1,1
2022-11-08,2067b8d8-1bf2-47a0-a182-db330110ef7d,9,4,13,11,6,17,20,10,30,1,9
2022-11-08,2096ad9c-92a5-4ccc-bff3-cda3764a9945,2,6,8,0,1,1,2,7,9,1,3
2022-11-08,20d50e6f-db3e-4dd6-98cb-a93524fd9ff2,2,1,3,10,7,17,12,8,20,1,4
2022-11-08,20f886d9-1de5-4967-91fa-e4196841db06,138,150,288,29,13,42,167,163,330,1,17
2022-11-08,21070a8b-c652-480e-8331-709cd9c50a3d,2,1,3,0,0,0,2,1,3,1,2
2022-11-08,21206f4c-8cc5-4ad2-8845-a3b5089c4c82,1,0,1,0,0,0,1,0,1,1,1
2022-11-08,21445483-1da3-4ee5-81da-6e55c4cf1f0b,0,0,0,1,0,1,1,0,1,1,1
2022-11-08,216194e6-1c5e-4e54-9f01-0950d059b393,9,9,18,0,0,0,9,9,18,1,3
2022-11-08,2179ac17-4128-41c8-8b74-0b16d3ca26f4,17,27,44,1,11,12,18,38,56,1,7
2022-11-08,2197e9fa-aa20-49fe-83cb-5f8fc875ec54,232,273,505,1,10,11,233,283,516,1,10
2022-11-08,21c0b477-ebd7-4fd2-b772-32d84a6ce128,6,0,6,0,0,0,6,0,6,1,2
2022-11-08,21d983ea-90b8-4a1a-ae4d-cacb3b9fc360,75,106,181,49,48,97,124,154,278,1,7
2022-11-08,21f6116b-3af6-4b5d-add4-a2ad8ad7181e,4,4,8,0,0,0,4,4,8,1,1
2022-11-08,220f0742-5a6a-4234-ae60-b4f6461cde44,37,49,86,11,6,17,48,55,103,1,11
2022-11-08,223ac350-bed1-4f42-8a99-1d0046865391,5,6,11,1,0,1,6,6,12,1,2
2022-11-08,224ac559-2077-47ee-a818-be0838ba38a7,2,0,2,0,0,0,2,0,2,1,2
2022-11-08,226505c3-6119-4574-8468-d908c67bc2fd,24,30,54,0,1,1,24,31,55,1,5
2022-11-08,22966902-c1d6-4624-9a77-400a9c735474,7,11,18,0,0,0,7,11,18,1,2
2022-11-08,22da5c15-d00e-4f4b-a7ef-d87ec369432e,1,1,2,2,0,2,3,1,4,1,2
2022-11-08,22ea3b95-3153-4ece-b472-388b3819d270,0,2,2,0,0,0,0,2,2,1,1
2022-11-08,22fa3bde-2988-413a-adce-b97915bdb18b,10,7,17,0,0,0,10,7,17,1,1
2022-11-08,230cd926-e912-4d33-8197-8443d6d6e39c,10,7,17,1,1,2,11,8,19,1,4
2022-11-08,2327b4ce-517a-45bf-9d15-426bd19f134b,4,8,12,7,0,7,11,8,19,1,6
2022-11-08,234a40ac-904c-406b-a747-5cf7d79f6f02,20,15,35,6,7,13,26,22,48,1,5
2022-11-08,235a75f1-d4ce-4288-91b6-f0fbbad499e9,0,0,0,22,0,22,22,0,22,1,1
2022-11-08,237ea5a1-1a2f-4180-bd2d-1a0ee83d1c0e,18,13,31,4,0,4,22,13,35,1,8
2022-11-08,23a2677c-4052-4d23-b592-719e08b3ddfc,0,1,1,0,0,0,0,1,1,1,1
2022-11-08,23e18318-cc8b-49c5-b6ff-812a5415cd9d,16,13,29,1,0,1,17,13,30,1,6
2022-11-08,23fb8324-32d8-4fca-ad73-85f2a47086e9,2,0,2,0,0,0,2,0,2,1,1
2022-11-08,240fafec-eefb-41de-8aea-e7aac5df1f4d,8,5,13,0,3,3,8,8,16,1,2
2022-11-08,24224a7c-966f-42ce-b604-2ed73a31556f,55,32,87,1,0,1,56,32,88,1,5
2022-11-08,24351774-dc85-4279-9bae-adb579c9f9af,5,7,12,0,0,0,5,7,12,1,3
2022-11-08,2448568b-6146-4521-9fc7-12457455fc33,5,3,8,3,0,3,8,3,11,1,5
2022-11-08,246a0c2c-3e7c-49af-b7b8-8aa68e5f06b7,1,2,3,0,0,0,1,2,3,1,1
2022-11-08,24898bec-96ed-4f49-af10-0a18708c5bed,1,4,5,8,0,8,9,4,13,1,5
2022-11-08,249daaf8-b7b9-4ea3-a88c-fc5fed5262f1,10,12,22,1,0,1,11,12,23,1,4
2022-11-08,24d6d22c-8316-4723-8b81-0ce43a49e265,0,6,6,0,0,0,0,6,6,1,1
2022-11-08,24e8ff97-494d-4d79-bdd2-cce208d697ae,23,19,42,1,2,3,24,21,45,1,5
2022-11-08,250945f1-d7e2-440e-baf3-722fb49a91b1,7,10,17,1,0,1,8,10,18,1,3
2022-11-08,2526074c-35ce-4a02-86e6-3fea3e8539fa,5,5,10,0,0,0,5,5,10,1,3
2022-11-08,25372857-4b0b-42c2-9115-67ae62a9b079,11,11,22,0,1,1,11,12,23,1,3
2022-11-08,253e365a-fda2-4740-861d-7f96fc207a3a,0,0,0,1,0,1,1,0,1,1,1
2022-11-08,2559c0b4-2479-4665-a7cd-3aa1a131e8f0,360,399,759,11,10,21,371,409,780,1,9
2022-11-08,25729e13-717d-44ce-aa37-14401ccd52f4,18,11,29,54,32,86,72,43,115,1,2
2022-11-08,25868eb2-9aa9-4b40-bed8-883c5acc1839,18,18,36,6,4,10,24,22,46,1,6
2022-11-08,25a20c7c-a784-427a-8728-635048bf3ab9,47,40,87,42,10,52,89,50,139,1,16
2022-11-08,25b88965-901f-4355-8d9c-10ee17aeb1cf,532,462,994,5,4,9,537,466,1003,1,5
2022-11-08,25db89dd-2f8f-4da7-94c0-202191625359,1,0,1,0,0,0,1,0,1,1,1
2022-11-08,2601de29-ba6a-44fc-94db-9c8b1538797f,19,22,41,12,8,20,31,30,61,1,7
2022-11-08,26237169-b820-492e-869e-2b8ee696c830,17,21,38,1,0,1,18,21,39,1,6
2022-11-08,263efb1d-9e08-489c-8619-d3e4a8bffa08,1,4,5,0,0,0,1,4,5,1,1
2022-11-08,2667b5b3-29ef-4439-a17b-9d09dd310cc3,9,4,13,1,1,2,10,5,15,1,3
2022-11-08,269f6713-2200-4cc7-bd5d-b3afd4ac96c0,5,5,10,33,3,36,38,8,46,1,5
2022-11-08,26cd3672-3459-453c-820f-cc99c41b16b4,58,60,118,6,5,11,64,65,129,1,10
2022-11-08,26d909c4-34ac-46c8-9117-59fdefc95264,5,6,11,0,0,0,5,6,11,1,2
2022-11-08,26ff2738-d60f-434f-87cd-9ec8d4d5bfe6,11,17,28,1,1,2,12,18,30,1,5
2022-11-08,272a6a40-122c-4157-82ee-80b5c10b5924,57,72,129,2,15,17,59,87,146,1,5
2022-11-08,27446582-9e1d-4f74-b5fb-efd5b3c35318,111,154,265,89,0,89,200,154,354,1,8
2022-11-08,276f9e11-4f28-419e-b584-27fa3e13bcf7,3,3,6,0,0,0,3,3,6,1,1
2022-11-08,2784a874-ccaa-48d2-b196-1c9c91dc19bb,40,45,85,193,178,371,233,223,456,1,6
2022-11-08,27a5726f-7283-4be4-ad52-9440aae50383,2,0,2,0,0,0,2,0,2,1,2
2022-11-08,27b3455d-c8ae-4d1c-bd4b-d9afe71f8114,1,2,3,0,0,0,1,2,3,1,1
2022-11-08,27e801b2-7a5a-45f7-87ef-28be0acbb4fe,24,17,41,10,5,15,34,22,56,1,2
2022-11-08,28100d66-536f-4147-b398-22f896849d94,3,1,4,0,0,0,3,1,4,1,3
2022-11-08,2837fde3-953e-40a3-a671-3f32ab2eb02a,42,66,108,1,0,1,43,66,109,1,5
2022-11-08,285b1529-232b-454a-ab12-1045dbf80d11,3,0,3,0,0,0,3,0,3,1,2
2022-11-08,2886d91d-0f60-4484-aac9-5c28badf2d53,0,0,0,0,5,5,0,5,5,1,3
2022-11-08,28c92416-b454-4276-be42-8be0a9e34d9e,262,255,517,86,29,115,348,284,632,1,20
2022-11-08,29001d9f-7c90-466c-ba82-42c28e38aa2a,48,73,121,42,11,53,90,84,174,1,12
2022-11-08,2927087c-eb98-4c76-a27f-e4a9f956861a,3,4,7,4,2,6,7,6,13,1,2
2022-11-08,294505d6-1506-4904-9ffd-549b533d9103,0,0,0,1,0,1,1,0,1,1,1
2022-11-08,297a1238-577a-4a5e-93b0-ae71e1ec27d5,2,0,2,0,0,0,2,0,2,1,2
2022-11-08,29903d3f-6cd5-4f07-a589-5e77ecabd769,0,0,0,3,0,3,3,0,3,1,3
2022-11-08,29a0ed8e-d4a7-4a49-bce3-37521f0cfa60,43,59,102,0,0,0,43,59,102,1,8
2022-11-08,29c36c6c-844c-48f3-99fe-5d99e7ed593b,9,1,10,12,1,13,21,2,23,1,7
2022-11-08,29e23dcf-ec83-4d18-9f6d-b7e456711bbb,4,6,10,0,0,0,4,6,10,1,2
2022-11-08,2a0cea03-be59-482b-b479-ee2dcb1d5b7a,3,6,9,2,0,2,5,6,11,1,3
2022-11-08,2a256cee-2361-4b42-a972-e2fb777ad5a5,1,0,1,1,0,1,2,0,2,1,2
2022-11-08,2a53659a-7d07-4e21-ada9-9beef0942ff3,1,4,5,2,1,3,3,5,8,1,1
2022-11-08,2a5a3669-4d36-4a5a-aa0e-ec31f58972a2,7,5,12,0,0,0,7,5,12,1,2
2022-11-08,2a72d824-2f42-481f-b963-4a3d2baaf613,7,10,17,1,6,7,8,16,24,1,5
2022-11-08,2a8402b8-d885-4c73-b20f-bb1021cbe29b,8,2,10,8,0,8,16,2,18,1,3
2022-11-08,2aa15df4-dc4c-4d77-839b-e1464ece9e8b,5,4,9,0,1,1,5,5,10,1,4
2022-11-08,2ad4720a-2f4e-4a1c-898b-fb3124ac8579,6,23,29,66,7,73,72,30,102,1,3
2022-11-08,2afe6dfc-cf33-4713-8fc1-92e32cfe451f,5,3,8,11,0,11,16,3,19,1,3
2022-11-08,2b1d7f6e-87a8-4cd9-856a-18c4e749131b,0,0,0,44,0,44,44,0,44,1,1
2022-11-08,2b2f2692-ddbb-462e-9c85-bf2d0346ff68,42,63,105,2,5,7,44,68,112,1,7
2022-11-08,2b546d36-25f1-4952-9c2f-04ec547b8ad4,1,1,2,0,1,1,1,2,3,1,1
2022-11-08,2b7401f2-9310-467c-b5bd-9cba39343ebe,53,44,97,3,2,5,56,46,102,1,11
2022-11-08,2b928d5e-1d47-4842-b582-5f85ec1287f4,16,11,27,3,0,3,19,11,30,1,1
2022-11-08,2baddf6d-223d-4781-b7a6-ac55cfa7478f,2,1,3,11,1,12,13,2,15,1,7
2022-11-08,2be21ef3-2523-46e2-9a33-3813ebf2c3c1,235,194,429,0,1,1,235,195,430,1,3
2022-11-08,2bfb42fc-9e75-4d25-b9e8-bd0f1a2ee91e,17,18,35,46,4,50,63,22,85,1,7
2022-11-08,2c08942d-d5a9-4ac9-9de8-f0302d3bf3ce,3,6,9,0,0,0,3,6,9,1,1
2022-11-08,2c2767c6-ab8e-43ca-92b8-1b45530d0b76,4,11,15,0,0,0,4,11,15,1,1
2022-11-08,2c492529-4d5c-41d3-82d4-67af72d123b3,87,72,159,3,0,3,90,72,162,1,10
2022-11-08,2c62ac1b-5516-4e5f-8e30-6858fadd9d94,10,5,15,0,0,0,10,5,15,1,1
2022-11-08,2c8ae44a-32ed-4dba-81da-213764722ffd,23,50,73,4,14,18,27,64,91,1,7
2022-11-08,2c9addea-8d2b-4e68-a838-2b8ee88a32fd,4,5,9,28,1,29,32,6,38,1,4
2022-11-08,2ca3bb6e-4d4b-44bd-9a47-c6f37ccb2c87,2,2,4,42,1,43,44,3,47,1,2
2022-11-08,2cb75b27-d5e1-4aa5-aee7-70f034edd555,477,708,1185,51,51,102,528,759,1287,1,11
2022-11-08,2ceabaa7-69ed-4d57-9c29-f2547c9ec344,2,1,3,11,5,16,13,6,19,1,4
2022-11-08,2d0f1d23-97e5-4a46-9fae-ba31fdb32d43,6,5,11,3,0,3,9,5,14,1,3
2022-11-08,2d27fda4-56f7-47c8-8876-02d801d2d485,4,2,6,0,0,0,4,2,6,1,3
2022-11-08,2d31fea5-4d12-46b6-9346-a4fa139a856a,116,198,314,0,0,0,116,198,314,1,5
2022-11-08,2d4980ce-3885-4c18-8578-937e597a6cf3,12,5,17,11,0,11,23,5,28,1,5
2022-11-08,2d66e39d-600f-4c9d-b44d-202f0671faaa,47,30,77,28,10,38,75,40,115,1,5
2022-11-08,2d99ca22-215b-4abd-b44b-74d8d3197862,8,8,16,5,0,5,13,8,21,1,4
2022-11-08,2dbeeb47-07ea-4544-b3d1-a7b4eb70fc40,27,83,110,13,5,18,40,88,128,1,7
2022-11-08,2de16e01-1178-478f-870d-c3541b848667,10,8,18,149,1,150,159,9,168,1,9
2022-11-08,2decfe9a-c4c9-422a-95c9-45895d9bc429,1,0,1,0,0,0,1,0,1,1,1
2022-11-08,2e1f50e9-d6af-41bc-ba5e-a873f52394d2,325,358,683,31,10,41,356,368,724,1,12
2022-11-08,2e337565-5fcb-478b-a3ee-2e629a9fa66a,4,7,11,0,0,0,4,7,11,1,1
2022-11-08,2e4ebaf5-1b40-4b73-8261-1a7c2614d808,10,5,15,0,1,1,10,6,16,1,1
2022-11-08,2e797e0e-2d7d-42f3-913f-8be254d44825,9,9,18,0,0,0,9,9,18,1,6
2022-11-08,2e99e5be-f806-40b8-9af5-92387cd90144,379,373,752,0,8,8,379,381,760,1,14
2022-11-08,2eab4c11-cff0-49f8-9153-eda4fb4d772f,1,0,1,0,0,0,1,0,1,1,1
2022-11-08,2ec76213-3fc4-45e7-9d0c-5a67b97ceacd,42,70,112,3,9,12,45,79,124,1,5
2022-11-08,2edc7cdb-227d-45ee-b52e-00910c140e98,77,137,214,1,1,2,78,138,216,1,8
2022-11-08,2ef61690-6670-4fc9-94f5-73b011eda126,34,22,56,0,0,0,34,22,56,1,4
2022-11-08,2f0b5bc0-435c-4aaa-91b4-76323e17e43e,46,47,93,28,14,42,74,61,135,1,15
2022-11-08,2f202747-5e5f-4900-812e-ca3e2234810b,50,66,116,1,0,1,51,66,117,1,4
2022-11-08,2f38d334-b87b-4dd8-bfab-06ca480e8065,8,10,18,0,3,3,8,13,21,1,3
2022-11-08,2f4f29bf-ca56-4e2c-9b77-7c2653d12419,1,1,2,1,1,2,2,2,4,1,3
2022-11-08,2f91c2ea-3671-405f-8da4-003f65f522c6,20,17,37,0,0,0,20,17,37,1,2
2022-11-08,2fab4c91-3d17-49a9-a872-69fa092a5aaa,11,13,24,0,0,0,11,13,24,1,3
2022-11-08,2fcae210-a014-453f-8088-756677e35894,19,13,32,0,0,0,19,13,32,1,4
2022-11-08,2fea3586-7328-4390-9d89-ade653c3d8a5,0,1,1,0,0,0,0,1,1,1,1
2022-11-08,2ffd87a7-950f-43f3-8f46-f32179414b88,404,532,936,20,35,55,424,567,991,1,10
2022-11-08,300b842f-7b65-4999-90b7-327344984be7,6,5,11,26,1,27,32,6,38,1,4
2022-11-08,30403f97-622b-49d0-80d1-9fb53facabf2,6,0,6,0,1,1,6,1,7,1,4
2022-11-08,304a2d1f-93c1-4d28-9cc8-06320c22cd7c,75,80,155,1,4,5,76,84,160,1,5
2022-11-08,30650bbe-6305-48cd-ab85-e7e28f0e2038,7,8,15,0,0,0,7,8,15,1,3
2022-11-08,3082a9bd-b71c-4521-af31-5a8eb009bb93,33,45,78,0,0,0,33,45,78,1,5
2022-11-08,30bec945-249d-4aec-b5db-b91cd35c0d6f,4,9,13,0,0,0,4,9,13,1,3
2022-11-08,31076f11-0fec-4f48-a66a-09e42ae37590,31,29,60,2,0,2,33,29,62,1,7
2022-11-08,3116c1cf-2ed1-42af-ba53-ecc10cca6bd1,2,0,2,0,0,0,2,0,2,1,1
2022-11-08,312d3564-96aa-4dc9-8052-c0d3b46d343f,5,7,12,5,4,9,10,11,21,1,3
2022-11-08,313ec7a6-3ee7-4ab9-8557-da33739edb2f,1,0,1,0,0,0,1,0,1,1,1
2022-11-08,316c1cf9-10da-4024-8a2b-5cc3e6ff3331,16,26,42,18,1,19,34,27,61,1,6
2022-11-08,31897f5d-5def-4067-8481-359dbcee855f,2,3,5,0,0,0,2,3,5,1,1
2022-11-08,31ab8fa4-0775-4d7e-ab75-c714da9206bb,23,34,57,1,0,1,24,34,58,1,4
2022-11-08,31eccf3b-f9e1-4e9c-915a-5e5a2dfaddca,52,61,113,2,5,7,54,66,120,1,6
2022-11-08,3204257f-ac92-43d4-8a33-1b0bcab87682,0,1,1,0,0,0,0,1,1,1,1
2022-11-08,3232ff6d-40c5-4b28-aed7-812eef73c524,148,153,301,5,2,7,153,155,308,1,12
2022-11-08,324c0e14-5043-46ee-af2a-548be54c669b,2,2,4,0,0,0,2,2,4,1,3
2022-11-08,3283dc75-1333-43d3-8c7f-e8b1746d3d16,4,1,5,0,0,0,4,1,5,1,1
2022-11-08,328e7266-c120-4855-b4e8-cb18dfe8bac1,42,38,80,29,8,37,71,46,117,1,8
2022-11-08,329cd2d6-52d4-42c7-b845-afde5e0291a2,2,0,2,0,0,0,2,0,2,1,2
2022-11-08,32d5a78b-34f4-4132-a9dc-ffe7f50b6e6b,18,24,42,3,6,9,21,30,51,1,2
2022-11-08,32fe78b7-6255-49f0-9b4f-dbb7366988e7,2,4,6,0,0,0,2,4,6,1,1
2022-11-08,3322d7e9-0065-46d5-aa78-e1a807e11e7f,1,0,1,1,0,1,2,0,2,1,2
2022-11-08,334e2e02-a6a4-4e04-aefe-5d84b1ae382b,2,2,4,119,50,169,121,52,173,1,3
2022-11-08,33758fff-e63b-43cf-b02e-9a3a7381427d,29,30,59,0,1,1,29,31,60,1,3
2022-11-08,33a1a51d-8372-44d9-83cd-690846ff6d33,11,35,46,0,4,4,11,39,50,1,5
2022-11-08,33cc2082-957f-4aa3-bd78-92642c9a2708,2,1,3,0,0,0,2,1,3,1,2
2022-11-08,3412b752-5407-4dfa-85b6-2db0fa5b433b,58,61,119,79,0,79,137,61,198,1,7
2022-11-08,3429d76c-3d4b-428e-a290-68e8a3ce79fe,1,1,2,0,0,0,1,1,2,1,1
2022-11-08,34666606-6e65-4f64-b9b6-52a42e417436,6,1,7,0,0,0,6,1,7,1,2
2022-11-08,348b6595-cd5e-4e03-b05a-af60cbec5846,1,1,2,0,0,0,1,1,2,1,1
2022-11-08,34a5926f-27fe-4337-ba85-6635ed756228,201,172,373,31,13,44,232,185,417,1,3
2022-11-08,34c56d03-6f63-4d29-a08b-359b9310b36e,104,213,317,0,0,0,104,213,317,1,6
2022-11-08,34f4f38e-940e-458b-aef2-468a9d6637e9,6,5,11,4,0,4,10,5,15,1,3
2022-11-08,350c7ff0-7254-45e4-9e03-6e0665988a94,0,0,0,6,0,6,6,0,6,1,1
2022-11-08,351cbe9f-8cfe-4082-b559-cb2181ac21c4,84,86,170,1,1,2,85,87,172,1,6
2022-11-08,35313727-86aa-48a8-9e3c-5065094bbe79,1,0,1,0,0,0,1,0,1,1,1
2022-11-08,354b6fa8-dcf1-4030-9241-e1c9c924cd7f,2,0,2,2,0,2,4,0,4,1,2
2022-11-08,3570c453-8402-49eb-9ff6-b42f15a50768,1,7,8,0,0,0,1,7,8,1,3
2022-11-08,3593782c-0739-4836-adc1-79b0c7ae6343,23,8,31,0,2,2,23,10,33,1,4
2022-11-08,35a6630d-46db-4bc7-a4e6-eec16f0a7caa,3,5,8,4,3,7,7,8,15,1,3
2022-11-08,35b7fef1-da56-46f5-bb52-f434b3018844,1,0,1,0,0,0,1,0,1,1,1
2022-11-08,35c6aa61-3e2c-4796-ae0d-7e6b3af9d8a8,33,29,62,2,1,3,35,30,65,1,6
2022-11-08,35e4215a-6759-4eee-9082-d0d2adbbc9e2,32,34,66,115,36,151,147,70,217,1,12
2022-11-08,35fae47e-16be-4e7f-8e5b-734091ae2aba,38,30,68,5,1,6,43,31,74,1,10
2022-11-08,3622d79c-e36e-4236-902e-de993bb97eb1,1,0,1,0,0,0,1,0,1,1,1
2022-11-08,36453474-8c55-4306-b990-4f60fd998836,7,3,10,5,4,9,12,7,19,1,6
2022-11-08,3666ea4e-58ff-465b-ac04-b25d2751c1c5,68,68,136,0,0,0,68,68,136,1,3
2022-11-08,3689fe09-1e18-4144-b512-ad0b3c0b8496,0,0,0,1,0,1,1,0,1,1,1
2022-11-08,369a9c4b-9f77-4b4a-bdb4-725540d66fcd,1,0,1,0,0,0,1,0,1,1,1
2022-11-08,36ace193-4683-4e7a-a31c-9edd83551f46,59,86,145,0,3,3,59,89,148,1,5
2022-11-08,36c6460b-b1a2-4d88-9f87-c282dc847e43,5,11,16,0,1,1,5,12,17,1,1
2022-11-08,3722f389-ee86-4269-bc7c-f93aac3fad05,1,0,1,0,0,0,1,0,1,1,1
2022-11-08,3748643a-5b6a-4080-894e-4136cfa35402,4,6,10,23,5,28,27,11,38,1,5
2022-11-08,3782d004-a6e9-4b34-94cc-baa59cb9aafa,1,0,1,0,0,0,1,0,1,1,1
2022-11-08,37b16d2b-0fa7-425c-8062-215476514b65,19,26,45,0,0,0,19,26,45,1,2
2022-11-08,37c2cb01-89f2-4066-9145-80cae1cf695b,28,32,60,1,0,1,29,32,61,1,5
2022-11-08,37d414c2-4d0d-4385-8e1a-58ee5e45e8cb,12,25,37,21,7,28,33,32,65,1,7
2022-11-08,37fc9ba0-ed60-471a-a387-0337c8b8ef97,1,0,1,6,0,6,7,0,7,1,2
2022-11-08,381638bf-ded7-4ba9-8611-f73ef990c012,15,11,26,0,4,4,15,15,30,1,5
2022-11-08,385c83f1-efa0-4c0c-a40a-ac09dd757837,14,30,44,2,0,2,16,30,46,1,2
2022-11-08,386d8455-7aa7-4a6d-9761-c9f4b482a76f,13,14,27,0,0,0,13,14,27,1,4
2022-11-08,38a0e230-fa03-450a-8705-bdf59a70612f,3,2,5,0,0,0,3,2,5,1,2
2022-11-08,38c4b9e0-6eaa-47fe-81e6-395f119c0f3e,60,77,137,8,7,15,68,84,152,1,5
2022-11-08,38deaab2-28b1-45be-9f67-2c2a73d420a0,2,3,5,0,0,0,2,3,5,1,3
2022-11-08,38eb6c74-edf2-4ade-b3e0-1a6358369e2e,6,4,10,1,0,1,7,4,11,1,3
2022-11-08,3906aae1-beb2-4491-b45a-e3de8a19b323,1,0,1,1,0,1,2,0,2,1,2
2022-11-08,390f0e29-d333-4c69-b75c-9b87e9c27906,0,0,0,6,0,6,6,0,6,1,1
2022-11-08,39376d47-46f5-4503-b84c-3818b32856f5,7,8,15,0,0,0,7,8,15,1,4
2022-11-08,3952b128-9b53-41a7-a983-c2d4e3540637,19,15,34,0,0,0,19,15,34,1,1
2022-11-08,39608c7c-9b79-443b-81a0-2c6b7c10d375,48,163,211,1,6,7,49,169,218,1,25
2022-11-08,39a540b3-1715-4857-9ce9-edbd4f2d2dcf,8,15,23,8,5,13,16,20,36,1,7
2022-11-08,39bfccd3-dc2a-4eea-87b3-438a5076736c,1,0,1,0,0,0,1,0,1,1,1
2022-11-08,39cb1967-faa8-44bb-8bad-47c893a7ddcc,16,19,35,1,3,4,17,22,39,1,4
2022-11-08,39e3507d-86e4-4242-98ee-e75b0499b45d,9,15,24,3,2,5,12,17,29,1,2
2022-11-08,3a1b791a-192a-4efa-a2de-1a4cf237c774,3,5,8,11,3,14,14,8,22,1,3
2022-11-08,3a395d2a-49f9-4127-8c3a-9504249821da,36,41,77,1,1,2,37,42,79,1,7
2022-11-08,3a5ed850-1915-4935-bf95-cfa08f9b257e,4,0,4,0,0,0,4,0,4,1,4
2022-11-08,3a7bcf6d-95b6-4716-a5b0-4bde3c289188,2,0,2,0,0,0,2,0,2,1,2
2022-11-08,3abca909-08a6-4b36-badb-573dcb0fad20,4,6,10,0,1,1,4,7,11,1,1
2022-11-08,3add2c21-85c0-457f-95e3-abe67b4b2e80,1,0,1,0,0,0,1,0,1,1,1
2022-11-08,3b1062d7-81c8-431f-9926-b830885e760b,0,0,0,1,0,1,1,0,1,1,1
2022-11-08,3b2fd86f-5818-4463-b0c3-a2ee9f8f8fbe,2,7,9,0,1,1,2,8,10,1,6
2022-11-08,3b492a28-e0e5-424f-88bb-ca7d464242ef,8,15,23,23,31,54,31,46,77,1,3
2022-11-08,3b7644fc-d3ad-4d3b-b6d3-2ed60a612ce6,2,2,4,0,0,0,2,2,4,1,1
2022-11-08,3b86d2cb-9294-4594-9947-a6c5f54ce19f,5,12,17,0,1,1,5,13,18,1,1
2022-11-08,3b984fd3-9204-4be2-b1a8-edc98523d97a,162,180,342,2,4,6,164,184,348,1,7
2022-11-08,3bb33ac8-a374-49d2-9c27-cb6630917c15,2,0,2,0,0,0,2,0,2,1,2
2022-11-08,3bcd606b-c9ca-4193-9de7-10e128c0067d,8,4,12,3,0,3,11,4,15,1,5
2022-11-08,3bec4783-d246-4541-ab81-74146578df5b,27,15,42,1,0,1,28,15,43,1,4
2022-11-08,3c19b6a7-df67-4430-8b74-91604e655c64,6,1,7,0,2,2,6,3,9,1,4
2022-11-08,3c366558-45c7-4ff5-8aa8-9666b770e71b,6,9,15,0,0,0,6,9,15,1,2
2022-11-08,3c5a16aa-6f19-4bac-a6a9-6fad69a4234a,11,17,28,1,0,1,12,17,29,1,3
2022-11-08,3c69c6c3-5599-407a-818b-d4dceecac6ef,33,29,62,31,1,32,64,30,94,1,6
2022-11-08,3c88093e-0cca-48e7-ab53-4cd13d070fe8,4,4,8,1,0,1,5,4,9,1,6
2022-11-08,3ca069a6-0f74-4077-8698-7cd0599b042d,15,15,30,0,0,0,15,15,30,1,4
2022-11-08,3cbd0412-a52b-42b2-9dc1-4818263c0dc3,5,1,6,0,0,0,5,1,6,1,3
2022-11-08,3cdd6d84-0090-403a-9f2b-c8a6d4f3b519,14,12,26,3,7,10,17,19,36,1,6
2022-11-08,3d00bff6-d2b5-4287-9ecd-01bd7c9e5034,5,3,8,0,0,0,5,3,8,1,2
2022-11-08,3d187b20-8087-41e1-8ba6-03a361a288a6,3,3,6,0,0,0,3,3,6,1,1
2022-11-08,3d348e5f-c9be-4d93-8398-8ff80a294d26,1,0,1,0,0,0,1,0,1,1,1
2022-11-08,3d49efaf-8404-47b0-a665-50cfabf4706d,1,1,2,0,0,0,1,1,2,1,1
2022-11-08,3d6f09ef-dafa-4fb8-9352-2e1c10d6a261,7,7,14,2,0,2,9,7,16,1,4
2022-11-08,3d8b4051-947a-4d6b-a1e4-b0f95284ed1e,23,25,48,1,2,3,24,27,51,1,2
2022-11-08,3db2815b-6c12-41ca-b229-ccd67a62ccd0,1,0,1,0,0,0,1,0,1,1,1
2022-11-08,3dc1b52a-da22-4964-ab67-12030f2245a1,16,19,35,1,1,2,17,20,37,1,3
2022-11-08,3dd7866c-26ff-4bad-961f-9c54ab5c283a,6,14,20,49,1,50,55,15,70,1,6
2022-11-08,3e07559e-0064-4d52-939c-6a883c6a7c28,16,14,30,0,0,0,16,14,30,1,3
2022-11-08,3e2904c0-25a1-42e5-a311-720b796c9dff,1,3,4,4,3,7,5,6,11,1,4
2022-11-08,3e4d01b6-00c6-45bb-945b-39038adf41a6,0,0,0,10,0,10,10,0,10,1,1
2022-11-08,3e76d439-6124-4a8c-936f-1eb922e93c32,1,0,1,0,0,0,1,0,1,1,1
2022-11-08,3e9cb000-7a9b-4134-945f-a8ae3ff65f2b,2,1,3,0,0,0,2,1,3,1,2
2022-11-08,3eb4eb54-62da-45ee-8a56-1a2c7c2b0a2d,12,18,30,1,1,2,13,19,32,1,5
2022-11-08,3ecdde2f-dee6-4514-a546-cac074219ebc,27,39,66,4,1,5,31,40,71,1,5
2022-11-08,3f02dcfe-7094-4736-b069-6ca87755a0f3,26,38,64,2,1,3,28,39,67,1,3
2022-11-08,3f178946-c956-4cab-86a6-00e9e276a6e2,19,25,44,0,0,0,19,25,44,1,6
2022-11-08,3f3c4cde-67c9-4eea-8654-6a5f6029bbe8,9,11,20,8,3,11,17,14,31,1,4
2022-11-08,3f5a365c-f395-4573-91a7-37e91e3c0ec5,66,64,130,45,3,48,111,67,178,1,7
2022-11-08,3f7409ea-f53d-4c53-bb96-068b68511a6a,7,2,9,21,1,22,28,3,31,1,3
2022-11-08,3fa06dff-76bd-49e3-aca7-0a6888f63b1e,14,15,29,0,0,0,14,15,29,1,2
2022-11-08,3fc70936-65ed-4364-a607-8f8c4035392c,22,17,39,7,6,13,29,23,52,1,5
2022-11-08,3ff7571a-d51e-460c-b419-6676e0999f6b,8,16,24,0,1,1,8,17,25,1,4
2022-11-08,40044cf3-ce5b-494d-8d20-a4c8131ddf75,0,2,2,11,0,11,11,2,13,1,3
2022-11-08,4032c3f1-b980-4dc5-93eb-c32583279853,9,6,15,20,4,24,29,10,39,1,5
2022-11-08,404b9a2d-7b6e-40cd-acb9-819cd2845a17,1,0,1,0,0,0,1,0,1,1,1
2022-11-08,409630a3-6027-481a-bc71-90b00d304dfc,10,5,15,1,0,1,11,5,16,1,6
2022-11-08,40ce44dd-09f6-4337-869d-e1914805e9cd,4,3,7,0,1,1,4,4,8,1,2
2022-11-08,40f2a3d0-f298-4b5f-b33e-093a2cd2804e,0,3,3,0,0,0,0,3,3,1,2
2022-11-08,4104f2ee-3cd6-431f-b979-aa7cb6aed0e9,0,0,0,2,0,2,2,0,2,1,1
2022-11-08,4121ec34-9279-4396-89b8-56d2b2d58e2c,35,26,61,3,3,6,38,29,67,1,5
2022-11-08,4144c949-ec95-4fd0-b019-ac5e83982d85,6,1,7,3,0,3,9,1,10,1,3
2022-11-08,414f82a4-993b-4098-a0cb-711ff46c9543,83,64,147,0,0,0,83,64,147,1,6
2022-11-08,41741b43-11d7-4070-beba-4c42205f769e,3,4,7,0,0,0,3,4,7,1,2
2022-11-08,418b7519-3121-49d8-a814-a02469c8d599,0,0,0,1,0,1,1,0,1,1,1
2022-11-08,419b0fdd-2b63-4f4f-a342-e955edf95e86,20,16,36,0,0,0,20,16,36,1,5
2022-11-08,41c17370-2624-49d8-9d25-bb532a4d7f10,35,41,76,32,11,43,67,52,119,1,7
2022-11-08,41d7647a-b17e-47df-84e5-58e739821520,11,26,37,1,7,8,12,33,45,1,7
2022-11-08,41fdfd3a-18e4-4180-b279-473278d39a17,12,14,26,1,4,5,13,18,31,1,4
2022-11-08,4212d2b4-0994-4682-980a-09fb67e5e11e,9,7,16,4,0,4,13,7,20,1,5
2022-11-08,423485b8-feac-45e4-bbf7-90464143d4de,41,39,80,3,3,6,44,42,86,1,4
2022-11-08,4253fadc-e735-4e43-b091-c87e94c287b4,1,0,1,0,0,0,1,0,1,1,1
2022-11-08,425c0381-7ddc-4eca-80c3-f03bca9f7e6d,2,10,12,0,1,1,2,11,13,1,2
2022-11-08,426fd118-76e1-400d-b945-7351b06efa53,4,6,10,0,3,3,4,9,13,1,2
2022-11-08,428d030d-6a3d-4db5-a935-63e16a46c627,19,40,59,1,3,4,20,43,63,1,3
2022-11-08,42daf8cd-f294-42f3-82df-cb02d80724ad,4,6,10,0,0,0,4,6,10,1,2
2022-11-08,42f1fb03-793a-4426-840c-f81b0ad44cf1,5,4,9,0,0,0,5,4,9,1,1
2022-11-08,430595a3-37a0-44e4-b5f4-675ca7751705,2,1,3,0,0,0,2,1,3,1,2
2022-11-08,43341141-58b8-47be-8eab-34d4998d32da,4,8,12,0,0,0,4,8,12,1,3
2022-11-08,4355d900-53d1-4f02-990d-b8166328fe71,32,52,84,0,0,0,32,52,84,1,31
2022-11-08,4368c53e-920e-498e-a3ec-94bdd6ac98fa,5,8,13,0,1,1,5,9,14,1,2
2022-11-08,436d549f-862f-46f4-a485-3e73e8c24a94,6,1,7,1,0,1,7,1,8,1,6
2022-11-08,439937cb-4765-4537-a99b-daad5002cad9,4,6,10,1,2,3,5,8,13,1,7
2022-11-08,43e71860-8786-4cf0-9eae-a01b476a3145,45,47,92,7,5,12,52,52,104,1,5
2022-11-08,44259a7a-a65e-4efa-a25d-09b2fb9f3cc8,4,3,7,0,0,0,4,3,7,1,3
2022-11-08,44607b90-37d0-4305-a9e0-2373d8b573f0,67,56,123,4,1,5,71,57,128,1,7
2022-11-08,4485e992-738a-470b-9264-45b12b908800,41,43,84,2,4,6,43,47,90,1,6
2022-11-08,449914f7-0ee3-421a-b0c2-99c667d55811,2,1,3,0,0,0,2,1,3,1,2
2022-11-08,44acbbe6-ec8c-4783-8c44-4c8842a5d061,1,2,3,0,0,0,1,2,3,1,2
2022-11-08,44c184f7-937d-49e9-b9ff-2ce8d864f570,5,3,8,1,0,1,6,3,9,1,2
2022-11-08,44f0d7f1-e001-4e57-a025-a1eec50c19c3,7,11,18,2,1,3,9,12,21,1,4
2022-11-08,44fb64ba-6ab3-4893-aa92-44cd3be9996e,14,14,28,23,3,26,37,17,54,1,6
2022-11-08,45062790-1065-4396-bdef-802a8cbf0b71,1,1,2,8,3,11,9,4,13,1,2
2022-11-08,4516725d-a5f0-47f8-8790-54ef0e11e187,15,13,28,7,8,15,22,21,43,1,7
2022-11-08,454df4bc-10bf-4c56-be01-8d8e142c5020,4,2,6,0,0,0,4,2,6,1,2
2022-11-08,45794797-42da-4f7e-97d2-52a0d6aff1d5,9,6,15,0,0,0,9,6,15,1,1
2022-11-08,458973f7-5d41-4a9c-9074-679092b21eee,66,49,115,9,2,11,75,51,126,1,10
2022-11-08,45cc194c-ac4a-466b-9ca5-ccc22850b47a,17,25,42,0,0,0,17,25,42,1,3
2022-11-08,45f3b6a4-8cf9-4bc5-a5fb-22fa70d0c973,42,45,87,3,2,5,45,47,92,1,5
2022-11-08,4605ebfa-bda9-4e5c-bc9e-8c604e108799,41,60,101,1,0,1,42,60,102,1,2
2022-11-08,4635c8a3-52a7-46c0-baa4-b9ad71b312b8,10,9,19,1,0,1,11,9,20,1,3
2022-11-08,4670fb99-7cf8-48d0-bbb7-ae91720130ad,3,2,5,1,1,2,4,3,7,1,3
2022-11-08,468e41ad-faab-4063-aba3-1cc0d6d2b217,7,17,24,43,17,60,50,34,84,1,6
2022-11-08,46b13921-57b6-409f-b36b-2cc0e4737c12,2,0,2,1,0,1,3,0,3,1,3
2022-11-08,46d2b9c1-02a4-46e4-a0de-bafd780c3b90,4,0,4,0,0,0,4,0,4,1,1
2022-11-08,46ef772d-47a2-4e07-9373-c17496185ed9,3,10,13,0,0,0,3,10,13,1,3
2022-11-08,470a0655-f88d-4a57-9770-89b77b1f623f,2,8,10,0,0,0,2,8,10,1,2
2022-11-08,472e1c25-2742-4047-ac42-02c870741cb5,5,2,7,0,0,0,5,2,7,1,2
2022-11-08,4741aed0-3ca8-422c-bf1e-e5512b579017,1,2,3,0,1,1,1,3,4,1,3
2022-11-08,476e2ba1-bb00-44cd-aa75-9f044ab117c9,3,3,6,0,0,0,3,3,6,1,1
2022-11-08,4790a9aa-1709-4ed1-a69a-c93a4ee2a12b,70,53,123,39,8,47,109,61,170,1,6
2022-11-08,47b09f04-5c95-4856-8225-3ac6c3ca5a6c,32,43,75,0,0,0,32,43,75,1,5
2022-11-08,47ccc808-758f-4ce9-b0b7-c3b03e2d67f7,82,73,155,8,1,9,90,74,164,1,4
2022-11-08,47fa075b-300d-41e5-a41d-9d2035c23620,1,0,1,0,0,0,1,0,1,1,1
2022-11-08,481258ea-f6fb-47c6-9bf4-ca509d9750b4,4,13,17,7,4,11,11,17,28,1,7
2022-11-08,483aad42-8639-4931-8682-1ed837730a33,2,2,4,1,0,1,3,2,5,1,2
2022-11-08,4857614a-95b4-4b54-b30b-5d1157fb3b01,1,2,3,0,0,0,1,2,3,1,3
2022-11-08,487f6588-d750-4a36-8db4-ec3cd175649a,0,1,1,0,0,0,0,1,1,1,1
2022-11-08,48a02981-0aad-4c54-97b3-ad3a11ed8fff,6,5,11,4,1,5,10,6,16,1,8
2022-11-08,48b23d16-5769-42ff-af4e-7c34fe9b7b95,7,8,15,0,0,0,7,8,15,1,3
2022-11-08,48d80605-6afc-48df-a4fe-ac16f701dfe9,0,1,1,0,0,0,0,1,1,1,1
2022-11-08,48ef770c-e274-4f46-b799-2f2268f6d244,235,246,481,3,7,10,238,253,491,1,3
2022-11-08,48fcca08-68e0-468b-b5df-1ccdb7977229,0,0,0,12,0,12,12,0,12,1,3
2022-11-08,49139c49-f118-4ffd-904c-b0c304055815,65,67,132,7,4,11,72,71,143,1,7
2022-11-08,4927d7d3-6610-4a06-ad01-795655629d5c,1,2,3,0,0,0,1,2,3,1,1
2022-11-08,4938c35a-72a1-4a54-af76-aa26dd74db42,82,75,157,23,18,41,105,93,198,1,10
2022-11-08,4951e172-9d44-4b8f-aa84-ba58ac24f2cf,24,20,44,80,29,109,104,49,153,1,7
2022-11-08,4960477a-c86b-4d3e-9185-311883cd5c8a,0,1,1,0,0,0,0,1,1,1,1
2022-11-08,498293de-3f41-44f0-8764-b289db393fff,1,5,6,1,1,2,2,6,8,1,1
2022-11-08,49a5e938-7c9f-424f-8797-31c237516720,78,99,177,22,18,40,100,117,217,1,9
2022-11-08,49d1f164-ca87-4c9c-974d-ecd8387bf11a,23,24,47,7,3,10,30,27,57,1,7
2022-11-08,49f45a5c-9cba-4c9d-9c43-f710cf2d2f3a,6,12,18,0,0,0,6,12,18,1,2
2022-11-08,49ff1483-1c88-4eda-a8d3-bf8f61609e63,0,0,0,0,1,1,0,1,1,1,1
2022-11-08,4a29b27f-6221-47d4-8b03-29e618d000ac,3,0,3,1,0,1,4,0,4,1,4
2022-11-08,4a6d645f-8bde-462f-a72f-5b6a01f8c9a2,11,13,24,0,0,0,11,13,24,1,3
2022-11-08,4a8d2392-8541-4fc5-9506-c54d9f440837,4,5,9,0,1,1,4,6,10,1,2
2022-11-08,4aa01a34-73aa-4dd4-b1bd-f43614c6fd9d,17,20,37,4,5,9,21,25,46,1,8
2022-11-08,4ab32891-080b-4215-8907-e7f8eb5c68a6,16,18,34,1,0,1,17,18,35,1,3
2022-11-08,4acfec31-935b-4ce4-8e27-7cb657bdbfaa,1,0,1,0,0,0,1,0,1,1,1
2022-11-08,4aef6e51-ca44-4ea4-9c2c-8204084be4c2,3,2,5,0,0,0,3,2,5,1,1
2022-11-08,4b132cee-0183-4b3b-b1fb-d61095af4278,2,4,6,10,9,19,12,13,25,1,6
2022-11-08,4b33951f-cea4-456b-9ad9-4b8e20b3b351,188,176,364,219,47,266,407,223,630,1,8
2022-11-08,4b4d1245-06fa-4604-b838-1fc489ff6d98,10,10,20,31,9,40,41,19,60,1,7
2022-11-08,4b6d71b5-c452-4769-bd57-e16f8d5f03ad,15,11,26,0,0,0,15,11,26,1,3
2022-11-08,4b8083a8-21f4-43d5-b404-8987be51bb72,35,51,86,5,1,6,40,52,92,1,5
2022-11-08,4ba4af5a-f0bb-43a9-94cb-ada6ffcdf29d,32,55,87,1,0,1,33,55,88,1,1
2022-11-08,4bbaf2c3-581a-47ea-9a7b-7f2961873ae0,2,1,3,0,0,0,2,1,3,1,2
2022-11-08,4bdcf6c5-4c5e-443b-aba0-c9731594f684,13,18,31,1,1,2,14,19,33,1,4
2022-11-08,4be7f15d-cc39-449d-b216-1049b2cadd02,7,7,14,2,0,2,9,7,16,1,6
2022-11-08,4c08fe98-d783-4135-86bd-521e451de681,20,43,63,15,0,15,35,43,78,1,12
2022-11-08,4c20c67d-8412-454e-9d79-698b9a5c8c18,1,1,2,0,0,0,1,1,2,1,1
2022-11-08,4c348b21-2488-4f40-917e-0a1e7a1ddf1d,3,3,6,0,0,0,3,3,6,1,2
2022-11-08,4c435803-5491-4e99-920b-1071216fde41,39,44,83,2,5,7,41,49,90,1,8
2022-11-08,4c6411b1-2f10-454a-a02b-4f4d91b37106,10,17,27,3,7,10,13,24,37,1,3
2022-11-08,4c707bd0-8eff-48d6-946a-c229a8bf6c2e,14,3,17,1,0,1,15,3,18,1,3
2022-11-08,4ca255ab-3d79-4357-bc98-64d6e2009823,14,2,16,0,1,1,14,3,17,1,2
2022-11-08,4cb31171-20ef-401d-bc65-171092c15c40,105,105,210,9,4,13,114,109,223,1,13
2022-11-08,4cd37056-030c-40a3-b5bc-b00084030ab3,2,10,12,2,2,4,4,12,16,1,4
2022-11-08,4cf24c7a-b745-43fb-9865-ba4147ecb838,12,17,29,2,0,2,14,17,31,1,4
2022-11-08,4d1f3440-8ef1-4644-90db-791cf5fc8593,1,0,1,0,0,0,1,0,1,1,1
2022-11-08,4d4fdb59-20a4-4d6d-bc3d-db2fd1d204b7,20,17,37,0,0,0,20,17,37,1,6
2022-11-08,4d787311-8d5a-4ead-aca0-7466a8f53bef,5,9,14,3,0,3,8,9,17,1,4
2022-11-08,4d891e9a-8f7b-4992-b06f-435f23629512,41,64,105,0,0,0,41,64,105,1,1
2022-11-08,4d9c991b-09f4-4d74-83ba-07a5fba78197,0,2,2,0,0,0,0,2,2,1,1
2022-11-08,4db82d68-412a-4003-b150-4347619d3869,43,53,96,2,0,2,45,53,98,1,4
2022-11-08,4dda989b-84af-4d6c-be1a-acdca2590637,40,49,89,3,1,4,43,50,93,1,7
2022-11-08,4e0dbc16-baa7-47da-80af-a7ade51d3097,5,4,9,0,0,0,5,4,9,1,3
2022-11-08,4e3cd898-5d25-4f5c-981b-b6550f1ba89a,8,7,15,0,0,0,8,7,15,1,3
2022-11-08,4e6f4e10-6a90-47a0-adc6-1b066fc24072,0,1,1,0,0,0,0,1,1,1,1
2022-11-08,4e8b2648-31c9-47fb-92f7-017265969bb7,9,6,15,68,4,72,77,10,87,1,3
2022-11-08,4eb9b3e4-9e1f-4d0d-834e-e5ac7a6b0e13,1,1,2,0,0,0,1,1,2,1,1
2022-11-08,4eda6edf-91a6-4e91-990d-61e124a63d82,8,17,25,0,0,0,8,17,25,1,1
2022-11-08,4f10316c-c1bb-4ebd-bb33-3ce0d6cb7fda,1,0,1,0,0,0,1,0,1,1,1
2022-11-08,4f5228f9-9ec1-47de-b111-bf7866addf57,8,4,12,1,0,1,9,4,13,1,4
2022-11-08,4f922be3-95fe-424e-898d-36471163b3be,29,20,49,25,8,33,54,28,82,1,14
2022-11-08,4f9bfa85-e484-4231-a483-00dfefa80cb3,1,0,1,0,0,0,1,0,1,1,1
2022-11-08,4fabc075-30ce-4178-ba36-61f606483157,89,133,222,9,4,13,98,137,235,1,18
2022-11-08,4fdc863a-4166-4ad9-9239-4a6a3a06ccfc,245,239,484,85,50,135,330,289,619,1,9
2022-11-08,501554c3-0728-4eb3-8049-c453fa362563,6,4,10,1,0,1,7,4,11,1,7
2022-11-08,502e9d91-e786-486f-86dd-688ec07b65a3,5,3,8,1,0,1,6,3,9,1,1
2022-11-08,504a8690-3ff8-4fe5-8aba-fce0024ce453,1,0,1,34,0,34,35,0,35,1,3
2022-11-08,50616c47-6fd9-441a-8129-8a9f24cbd776,21,28,49,3,7,10,24,35,59,1,4
2022-11-08,5076bee5-118a-4335-84fd-79d7cce12b2d,2,2,4,4,2,6,6,4,10,1,2
2022-11-08,509f3c23-9df8-4ab4-8aa0-09353cf1c658,10,13,23,6,0,6,16,13,29,1,5
2022-11-08,50bc6390-b581-4376-83c8-e6d881f4285a,18,19,37,0,0,0,18,19,37,1,2
2022-11-08,50d5ae09-6cc3-4ca4-994e-63181ac6317e,1,0,1,0,0,0,1,0,1,1,1
2022-11-08,50ec3574-d64d-49e5-b08d-93f3db7968f8,39,22,61,10,7,17,49,29,78,1,4
2022-11-08,5116e8f0-c3f8-4b3d-adaf-a7dbafd82aa2,1,0,1,0,0,0,1,0,1,1,1
2022-11-08,5123bf5f-908d-4396-971c-94625081f64a,17,10,27,0,0,0,17,10,27,1,1
2022-11-08,514e4386-c917-4e2b-8cdf-875fa032f8e9,527,681,1208,5,3,8,532,684,1216,1,16
2022-11-08,5166d7bc-cdc7-4a7b-a2c3-c43d1f682893,7,6,13,0,0,0,7,6,13,1,2
2022-11-08,518aae09-a3a5-4a83-87fc-03d929f5a31d,0,0,0,10,0,10,10,0,10,1,1
2022-11-08,51b613ab-29cc-4550-96e6-b232c2d26162,1,0,1,1,0,1,2,0,2,1,2
2022-11-08,51d0e924-facf-4117-8d06-9731a0aaea64,5,4,9,0,0,0,5,4,9,1,2
2022-11-08,51e6f0ef-4852-47a8-b707-e42a26b0ef7d,14,28,42,1,0,1,15,28,43,1,2
2022-11-08,51f6adda-de50-4b97-805c-7c36f4ab8304,11,38,49,0,1,1,11,39,50,1,3
2022-11-08,52014460-9d74-4726-a5ee-7f4a6ef433a1,3,0,3,0,0,0,3,0,3,1,3
2022-11-08,5226b0f0-57e7-4e55-a6c3-45c7fd47c1dc,12,6,18,1,1,2,13,7,20,1,1
2022-11-08,524de775-82c6-44ac-b745-80d477c7334e,4,6,10,0,0,0,4,6,10,1,1
2022-11-08,52649229-27b8-4a42-8789-502e90742da4,1,0,1,0,0,0,1,0,1,1,1
2022-11-08,52879641-6023-4ab5-81a0-e3e433697be8,52,42,94,4,1,5,56,43,99,1,4
2022-11-08,52982d45-2238-4865-9a4f-20963d4bfa5e,1,0,1,0,0,0,1,0,1,1,1
2022-11-08,52ac6198-3c70-485d-95a6-6cb7d5991ab1,1,0,1,0,0,0,1,0,1,1,1
2022-11-08,52bff451-7483-4815-a3de-9ca628ef7984,7,9,16,0,0,0,7,9,16,1,2
2022-11-08,52e04c9b-efa7-4f83-a548-68a54f99c7c2,1,1,2,4,0,4,5,1,6,1,2
2022-11-08,530abacf-9869-4161-84e6-90828c552eec,0,2,2,0,0,0,0,2,2,1,2
2022-11-08,53241f88-0f16-4496-a65b-ac2d2d034660,0,1,1,0,0,0,0,1,1,1,1
2022-11-08,53484c6d-7c61-4062-b0a5-fb7a01d61f0f,1,4,5,0,0,0,1,4,5,1,3
2022-11-08,535e9e6a-3b4e-4065-aa50-d73aa20633bf,32,34,66,0,0,0,32,34,66,1,6
2022-11-08,5370a382-610e-4b33-9b7d-c521376fb5ea,12,23,35,1,4,5,13,27,40,1,2
2022-11-08,538e8db6-0caa-44fd-9521-4ac5c2397ef6,3,0,3,3,0,3,6,0,6,1,4
2022-11-08,53a8c0b6-246e-41f7-a5c2-02082091bc31,28,31,59,1,4,5,29,35,64,1,5
2022-11-08,53f0ceeb-af09-46c3-afe5-26919ec39882,3,10,13,0,0,0,3,10,13,1,2
2022-11-08,540ef4b6-da6d-483c-af1d-9bed7953d2e5,2,2,4,0,0,0,2,2,4,1,2
2022-11-08,54247312-6ab3-458a-8aad-9de3f21d8fb0,12,10,22,3,1,4,15,11,26,1,6
2022-11-08,543dab12-4eec-49a8-8bb1-6026e47dda80,62,81,143,0,0,0,62,81,143,1,9
2022-11-08,545df551-8102-499d-8c31-88a93a432cad,2,1,3,1,1,2,3,2,5,1,2
2022-11-08,5479c7c6-4127-4ec5-871e-f48b6869d83f,5,4,9,0,1,1,5,5,10,1,1
2022-11-08,5492abad-41ba-409f-8716-3089433baa48,41,41,82,7,0,7,48,41,89,1,9
2022-11-08,54b030fb-e532-4797-9733-3e2d01f19139,1,1,2,1,0,1,2,1,3,1,2
2022-11-08,54df5cfc-6be5-463c-b289-e3ddccd60b31,2,1,3,0,0,0,2,1,3,1,1
2022-11-08,5543dbac-57f2-4a3e-ac6f-050cd79b63e7,7,4,11,2,3,5,9,7,16,1,4
2022-11-08,55652fad-7dc8-45aa-b822-c3123e9ea436,184,207,391,21,21,42,205,228,433,1,19
2022-11-08,557b70dd-2696-4aa3-b0e7-5ac1a97f2b2b,15,10,25,53,13,66,68,23,91,1,5
2022-11-08,55a9e2ea-2b41-491c-8b8c-8112b7eb77bd,1,1,2,0,0,0,1,1,2,1,1
2022-11-08,55c77a11-4c34-4c64-a1e2-caffa557f7f5,47,55,102,4,4,8,51,59,110,1,9
2022-11-08,55d6d16a-b29f-4b54-a3e8-58e8a28e50d4,11,10,21,1,0,1,12,10,22,1,5
2022-11-08,5603bf3e-9f79-4f74-96da-1858a0cf4329,70,60,130,133,2,135,203,62,265,1,13
2022-11-08,56525224-4ff5-48b9-9508-ffd627976430,28,19,47,0,0,0,28,19,47,1,5
2022-11-08,565f0596-3a1e-4637-b190-eae51e9f4974,1,6,7,0,0,0,1,6,7,1,3
2022-11-08,569063fc-9347-4264-8c62-bf31987bf642,73,60,133,0,1,1,73,61,134,1,2
2022-11-08,56ac5ab0-bdc7-4146-bcac-7e2fe4ba4991,80,72,152,23,5,28,103,77,180,1,6
2022-11-08,56cffb2d-705e-4a41-a7d3-a793bc78abb7,9,10,19,39,10,49,48,20,68,1,5
2022-11-08,56ff9722-c755-4619-b3e0-66e2665b6092,6,8,14,0,0,0,6,8,14,1,4
2022-11-08,57258912-4286-4b15-9dc2-e774addbf073,1,0,1,1,0,1,2,0,2,1,2
2022-11-08,57402925-618a-441e-8fcd-a271b0f3d1ae,21,24,45,4,12,16,25,36,61,1,6
2022-11-08,57741402-b147-434e-94f0-81437cc471f0,1,1,2,0,0,0,1,1,2,1,1
2022-11-08,578294ff-224d-419a-a53e-e03502eaf9ed,13,9,22,0,0,0,13,9,22,1,4
2022-11-08,57a413f9-28f7-4d01-bc7e-02b0f42a4b7d,55,100,155,4,12,16,59,112,171,1,8
2022-11-08,57b9dca8-05d6-4955-9183-afbbf9b41770,25,26,51,0,4,4,25,30,55,1,5
2022-11-08,57d9139e-f32f-40f5-9814-9c431128b9d5,52,52,104,0,0,0,52,52,104,1,4
2022-11-08,58085b75-22e0-440a-9dd0-671d159f5fc2,73,75,148,7,1,8,80,76,156,1,11
2022-11-08,582011d6-44e9-4789-8e02-73c7e3551990,11,10,21,2,3,5,13,13,26,1,7
2022-11-08,583476df-881a-455a-ad3e-31c166fb9939,3,2,5,0,0,0,3,2,5,1,2
2022-11-08,584c2bd8-c452-40f0-85aa-6395decba292,3,4,7,2,0,2,5,4,9,1,5
2022-11-08,588cf722-3e1b-416a-87bc-a34ce954953d,68,104,172,1,2,3,69,106,175,1,18
2022-11-08,589bb0b5-0b46-42c5-b8e6-5287f617c2fa,11,11,22,0,0,0,11,11,22,1,1
2022-11-08,58b96c83-22f4-44b2-a654-8cb24af4f7f2,70,54,124,31,15,46,101,69,170,1,10
2022-11-08,58c98810-cc9e-4e55-bb44-65af1462d2cb,5,6,11,0,0,0,5,6,11,1,1
2022-11-08,58d6d6d5-2a50-47b4-90b1-4e57da6a239a,7,3,10,0,0,0,7,3,10,1,3
2022-11-08,59132b8b-a658-49de-9fa0-e9ebb84702bb,4,5,9,0,0,0,4,5,9,1,2
2022-11-08,59409933-af1e-4edc-97b9-a8853c66680f,9,14,23,3,0,3,12,14,26,1,4
2022-11-08,595c023f-8b3b-4dd7-abf2-5872cd0fca80,13,12,25,1,0,1,14,12,26,1,5
2022-11-08,59865672-040c-45af-8f4b-943626a50231,13,13,26,0,0,0,13,13,26,1,4
2022-11-08,599c755b-8584-49e4-af1c-fca0e90d87f0,21,16,37,0,0,0,21,16,37,1,4
2022-11-08,59b6ccb5-d8b5-4972-8562-b20d465d119e,0,1,1,35,8,43,35,9,44,1,3
2022-11-08,59de5649-10a1-4e1e-8e57-aaea2ca8a1df,6,3,9,0,0,0,6,3,9,1,2
2022-11-08,59f0f757-1108-433e-ba5c-742ec1ccdd48,22,21,43,16,1,17,38,22,60,1,7
2022-11-08,59f4b48c-c411-4ab0-bd9a-1c5ce7b94561,257,289,546,23,7,30,280,296,576,1,8
2022-11-08,5a0dc17f-abd3-431f-8c8c-373c8dfdde9e,0,0,0,2,0,2,2,0,2,1,1
2022-11-08,5a29094e-cd1d-4461-82bf-42c17b0515d3,1,0,1,0,0,0,1,0,1,1,1
2022-11-08,5a4e7162-04c5-43f9-9d62-8f91c31f7d4a,6,7,13,15,11,26,21,18,39,1,5
2022-11-08,5a6ff809-aa82-458b-861d-cd4075f17976,30,29,59,3,2,5,33,31,64,1,6
2022-11-08,5a89c1a9-aaa0-4a65-aacd-404a59d0272f,165,160,325,8,4,12,173,164,337,1,6
2022-11-08,5aba2a09-b6ed-4356-9f34-a8889871a51d,2,3,5,0,1,1,2,4,6,1,3
2022-11-08,5afa3665-ed67-49df-a86f-a1b3714f92a4,1,0,1,0,0,0,1,0,1,1,1
2022-11-08,5b0495e7-2977-4d76-b87e-8da43d11ead3,0,1,1,0,0,0,0,1,1,1,1
2022-11-08,5b1c54bf-56c7-45cc-bf0a-bf5864a76570,15,7,22,0,0,0,15,7,22,1,2
2022-11-08,5b2e2518-c623-426c-a08e-4d099a089393,2,1,3,0,0,0,2,1,3,1,3
2022-11-08,5b48b209-35e0-4410-8242-2aa8e3dde3aa,2,0,2,0,0,0,2,0,2,1,1
2022-11-08,5b6dcb35-09f9-476c-931e-eab362d80c3e,290,368,658,7,1,8,297,369,666,1,8
2022-11-08,5ba04d59-a0c5-43f5-87c9-5f3114cf6e3b,10,11,21,0,0,0,10,11,21,1,3
2022-11-08,5bb4f7b2-a3be-4545-a24d-b4bf8cc04cf0,3,2,5,0,12,12,3,14,17,1,2
2022-11-08,5bc0f476-16e7-4427-8b00-6891f418e834,170,94,264,2,0,2,172,94,266,1,2
2022-11-08,5be31b3e-efd7-46db-9ce9-ba97d7809152,91,109,200,0,0,0,91,109,200,1,5
2022-11-08,5c09285d-1d28-4fc2-9041-7762e134f381,1,0,1,0,0,0,1,0,1,1,1
2022-11-08,5c251278-b243-4d1d-bc16-2adceb7ef00b,0,2,2,0,0,0,0,2,2,1,1
2022-11-08,5c3d69a1-bdd5-4bf1-a7c1-38f56f270107,1,3,4,0,0,0,1,3,4,1,1
2022-11-08,5c4b44d6-349a-4342-9ce4-2c8b73a9cdcb,3,0,3,1,0,1,4,0,4,1,1
2022-11-08,5c95a46b-fc73-4f8d-9e6d-b2c61bde31f1,3,5,8,0,0,0,3,5,8,1,1
2022-11-08,5ca10f9b-5c5c-4930-aaca-7f90cd26d092,19,6,25,0,0,0,19,6,25,1,3
2022-11-08,5cb6af3c-98b8-4357-9550-beb7ab54d81a,10,8,18,3,2,5,13,10,23,1,3
2022-11-08,5ce4b08e-cb65-451c-b859-bef65da00bea,24,60,84,16,4,20,40,64,104,1,9
2022-11-08,5cfd229a-8c7d-4a1e-8a68-ca47cceb0840,69,65,134,9,9,18,78,74,152,1,6
2022-11-08,5d157a08-c207-410e-b46b-1c76ef94de75,14,11,25,0,0,0,14,11,25,1,4
2022-11-08,5d4d3b7c-a947-4151-b918-09da0f4cd11f,14,12,26,130,16,146,144,28,172,1,8
2022-11-08,5d61b126-dd43-4431-b723-89ac8c4d4224,8,11,19,1,0,1,9,11,20,1,3
2022-11-08,5d6da103-564b-40ee-bdad-450ed1dfef05,78,90,168,3,2,5,81,92,173,1,5
2022-11-08,5da1ffc8-7979-454d-a0db-7778ab925df6,35,88,123,37,50,87,72,138,210,1,10
2022-11-08,5de19318-2498-4367-81aa-7681cc385608,6,4,10,3,3,6,9,7,16,1,4
2022-11-08,5dee6227-07fe-48e2-a9c5-81f9a4f25c92,6,5,11,6,0,6,12,5,17,1,3
2022-11-08,5e0503d7-b187-4d0c-9f5c-7f9c060e8dd3,1,0,1,4,4,8,5,4,9,1,2
2022-11-08,5e2745b8-96cb-484f-a59f-a90d5b5a7646,2,23,25,0,4,4,2,27,29,1,2
2022-11-08,5e344031-feb6-427a-b4e4-ac2a15ee3b05,111,109,220,1,0,1,112,109,221,1,4
2022-11-08,5e484eaa-37ce-4727-91b7-20c56dbf126f,1,1,2,0,0,0,1,1,2,1,1
2022-11-08,5e6905e4-cd1e-454c-84a3-5ec408aa4f45,8,12,20,20,12,32,28,24,52,1,5
2022-11-08,5e72e83f-bd1d-4aed-8d43-113562026fe7,9,27,36,0,3,3,9,30,39,1,5
2022-11-08,5e813093-4411-4ed3-970e-5fc68c995e89,23,49,72,3,3,6,26,52,78,1,6
2022-11-08,5ecc7fd3-057b-4135-b454-07a33b3e0215,13,22,35,4,7,11,17,29,46,1,4
2022-11-08,5eeb1a99-4e49-46d7-9210-c6525587d935,1,1,2,0,0,0,1,1,2,1,1
2022-11-08,5f083bb1-d847-4d7e-baaa-62f62ca5817e,1,0,1,67,21,88,68,21,89,1,2
2022-11-08,5f3f5339-7e4c-4ec5-b2fd-e5bdbb5b5579,17,10,27,22,20,42,39,30,69,1,10
2022-11-08,5f68449b-317b-4b3a-8cfb-d29f42e5d3e1,1,0,1,0,0,0,1,0,1,1,1
2022-11-08,5f7dd77d-bf94-4635-9a85-454b7cff1e49,15,12,27,0,0,0,15,12,27,1,3
2022-11-08,5f90a8cf-3c8c-43e4-80de-9c765abc5785,1,0,1,0,0,0,1,0,1,1,1
2022-11-08,5fa9019e-a929-4a95-8112-ab1b203cd7d7,1,0,1,0,1,1,1,1,2,1,2
2022-11-08,5fb664f4-0792-4d86-adc8-a65515817af7,122,54,176,32,23,55,154,77,231,1,5
2022-11-08,5ff2d129-46aa-4a04-aabe-3871049c8094,3,0,3,6,0,6,9,0,9,1,2
2022-11-08,601a4709-3526-4e0c-aefa-730268788995,0,0,0,127,0,127,127,0,127,1,1
2022-11-08,60295d9a-852d-4b1f-bb18-1e890a3e9fa9,3,1,4,2,0,2,5,1,6,1,3
2022-11-08,6059abf8-a54f-4ba0-a1b4-463aeaed607f,2,4,6,0,0,0,2,4,6,1,1
2022-11-08,6092e4d5-8c40-4d91-ad3d-1c8205865e7f,65,33,98,0,3,3,65,36,101,1,12
2022-11-08,60ca69ad-b3be-4e68-8806-d02927a67a3a,4,4,8,0,0,0,4,4,8,1,1
2022-11-08,60d983d7-8e6f-4da4-a45c-bea4b2a4f0ee,0,2,2,4,2,6,4,4,8,1,2
2022-11-08,60ebe523-2d6a-4b91-91a5-04138903d4eb,12,7,19,0,1,1,12,8,20,1,4
2022-11-08,60feedb3-314c-4828-aa61-d22896bc721a,6,19,25,0,0,0,6,19,25,1,5
2022-11-08,611e0244-1b59-491c-bd91-60c2a9e2acec,15,38,53,0,0,0,15,38,53,1,6
2022-11-08,613bfe7a-289e-421a-8b6b-13258fd9e605,47,64,111,9,7,16,56,71,127,1,4
2022-11-08,615c67b7-58e1-4d25-9cb0-f8c77921a8cd,8,8,16,0,0,0,8,8,16,1,3
2022-11-08,61856399-4ef6-49e2-84ef-704e4efde029,24,16,40,2,2,4,26,18,44,1,4
2022-11-08,61a0d291-3134-49b8-863b-28d40b0712ba,4,6,10,1,0,1,5,6,11,1,4
2022-11-08,61b84864-6102-4865-8c66-e6de631b9167,26,19,45,0,0,0,26,19,45,1,3
2022-11-08,61d4da71-0149-4e27-ae89-e0afa62100ca,36,59,95,0,0,0,36,59,95,1,6
2022-11-08,61e17181-694b-410e-9075-16f14cbab846,39,44,83,2,0,2,41,44,85,1,2
2022-11-08,61f306bb-8261-4b63-823f-e08fde2b6386,2,0,2,0,0,0,2,0,2,1,1
2022-11-08,6221d8cc-e6b1-4b5d-b966-9da5c58643a9,58,62,120,5,4,9,63,66,129,1,4
2022-11-08,623eed4a-9b2a-4b7f-9ba2-0e87080c8922,0,0,0,1,0,1,1,0,1,1,1
2022-11-08,62570693-9e74-46ca-a53c-57d7d8444541,26,9,35,0,4,4,26,13,39,1,5
2022-11-08,626a6aff-4e09-4e64-a21e-65edc9866c97,0,0,0,10,2,12,10,2,12,1,2
2022-11-08,627d8a11-c340-4ee3-9ef1-09e5aded65b3,16,11,27,3,0,3,19,11,30,1,4
2022-11-08,62a4c6d3-c990-4d6f-8f0a-c240a737d980,2,1,3,41,4,45,43,5,48,1,4
2022-11-08,62be3c04-44ce-4133-86d9-9d86ca586df7,39,39,78,59,25,84,98,64,162,1,4
2022-11-08,62db61c5-565d-4c11-9d4e-923993c87275,149,96,245,6,2,8,155,98,253,1,3
2022-11-08,6303995c-28c6-494a-94dc-3f910dfa46c3,19,14,33,9,1,10,28,15,43,1,3
2022-11-08,63238f0f-9034-486d-ab23-1edbc12ea83a,23,34,57,1,2,3,24,36,60,1,5
2022-11-08,632e4a89-bbfd-4eba-ba41-3d4f3706f467,15,18,33,0,0,0,15,18,33,1,2
2022-11-08,635bb31e-d779-4334-9933-5fbebd32c0b8,14,11,25,25,21,46,39,32,71,1,3
2022-11-08,6390d8b3-7c87-413b-8019-8f19b7057408,10,6,16,0,0,0,10,6,16,1,1
2022-11-08,63aa3743-e8ce-4f5f-94af-356cb2f57f9c,37,84,121,3,5,8,40,89,129,1,6
2022-11-08,63b960d9-9f8f-47ad-9f18-3cb0e031e582,3,3,6,3,0,3,6,3,9,1,3
2022-11-08,63d293f2-e0ed-4136-b42e-3dffddd89dab,16,23,39,2,5,7,18,28,46,1,8
2022-11-08,63f04477-fa50-42b6-b3eb-8a5c94ad8630,2,1,3,0,0,0,2,1,3,1,1
2022-11-08,642338f7-1732-4ee2-923d-b7b11c4f4ecd,1,2,3,0,0,0,1,2,3,1,1
2022-11-08,64263db8-5ed0-40c6-907a-fe8626bf1abf,1,0,1,9,0,9,10,0,10,1,3
2022-11-08,643c690f-9fcc-4d88-ae3e-8291d7be7251,14,23,37,0,0,0,14,23,37,1,2
2022-11-08,64919142-2797-471e-93bc-c3616749db81,122,125,247,2,2,4,124,127,251,1,5
2022-11-08,64c010e5-8974-4b7a-9e87-903cbe72a30b,1,0,1,2,0,2,3,0,3,1,2
2022-11-08,64e2c795-c5dc-41a0-99ca-99ce185a7355,3,6,9,0,0,0,3,6,9,1,2
2022-11-08,650c3ab1-6519-4006-af4d-c31b5f9b0107,6,14,20,18,2,20,24,16,40,1,7
2022-11-08,651dc7f7-a6cf-4f32-bab2-e92f982635ad,61,78,139,27,17,44,88,95,183,1,12
2022-11-08,6541f9a0-f131-4d0e-9f12-9c7ebd81c92b,2,2,4,0,0,0,2,2,4,1,3
2022-11-08,655b216b-22b3-4ae9-800a-32beea4f3671,74,83,157,1,2,3,75,85,160,1,12
2022-11-08,6597535c-3a68-4683-a70e-1bab8306ac20,3,10,13,0,0,0,3,10,13,1,4
2022-11-08,65bec73e-8ff8-4156-a942-1c1f7b120bb4,3,0,3,1,0,1,4,0,4,1,1
2022-11-08,65ce3c5a-d8f0-4c91-aae3-00e202a0c310,1,0,1,0,0,0,1,0,1,1,1
2022-11-08,6604da3d-bb48-4185-a14c-40bceb2b10d1,14,12,26,0,0,0,14,12,26,1,1
2022-11-08,662ab857-fd95-425a-a4e6-4bf2a5de32c6,1,0,1,0,0,0,1,0,1,1,1
2022-11-08,6640c529-1c95-47cf-b28c-5f3561df157c,13,21,34,8,4,12,21,25,46,1,6
2022-11-08,6655ec75-e28e-44c2-b682-1101755980d5,3,4,7,0,0,0,3,4,7,1,2
2022-11-08,6666f2ed-7dc1-432c-bb7a-5ffd5fefd918,14,9,23,2,4,6,16,13,29,1,5
2022-11-08,668b2e2f-ab6a-4af2-9727-47a19036e705,1,0,1,0,1,1,1,1,2,1,2
2022-11-08,66b0f036-7665-47c9-a9d2-7aea7d8750e5,5,3,8,0,0,0,5,3,8,1,1
2022-11-08,66c1b51f-a21b-4142-adae-afbd99d7d577,19,6,25,1,1,2,20,7,27,1,5
2022-11-08,67007b3c-3666-4d0a-ae52-99da0cd97394,3,3,6,3,0,3,6,3,9,1,4
2022-11-08,672b64a5-7a52-49ba-8936-320c0194796e,17,7,24,5,1,6,22,8,30,1,10
2022-11-08,6752031a-b42c-4fff-ae95-7989d0eb261d,2,0,2,0,0,0,2,0,2,1,2
2022-11-08,675c5d97-83bb-41c3-9eb5-abacaec0f9fd,3,2,5,0,0,0,3,2,5,1,2
2022-11-08,677461cc-cd5f-4237-bd8b-16378a03d8cc,8,11,19,2,0,2,10,11,21,1,4
2022-11-08,67a0bfee-8436-4aec-80b0-d9bc4c232497,22,14,36,45,27,72,67,41,108,1,6
2022-11-08,67bb67b6-4250-48bd-b925-1aa7a428085e,14,12,26,0,0,0,14,12,26,1,1
2022-11-08,67db1a33-1019-4be5-8c1f-2f8a798eea9c,2,9,11,0,1,1,2,10,12,1,7
2022-11-08,67fc4498-671c-4c31-9f78-738af96d0e89,23,15,38,0,0,0,23,15,38,1,7
2022-11-08,681b6838-cd2e-46e3-a714-231298cc0903,112,120,232,4,1,5,116,121,237,1,15
2022-11-08,683aa3fb-9a9f-4255-b814-698e65db7c84,11,5,16,117,5,122,128,10,138,1,8
2022-11-08,686cff1a-c70b-4b0d-bf01-6224f5c0ca7b,9,17,26,4,1,5,13,18,31,1,5
2022-11-08,6896212e-2c5c-4de4-8738-c903d9a1bacb,200,336,536,2,11,13,202,347,549,1,14
2022-11-08,68bc1f62-8a80-4d6f-aba6-620f44ed6673,6,6,12,1,1,2,7,7,14,1,1
2022-11-08,68e04283-d701-4811-876a-018f1c8a7263,9,3,12,49,2,51,58,5,63,1,7
2022-11-08,68e93b85-9f2a-45e9-9165-c0c86a66cb7d,16,22,38,0,0,0,16,22,38,1,2
2022-11-08,692543d0-8e5b-4ec9-9d69-5e248db8db98,24,11,35,0,22,22,24,33,57,1,20
2022-11-08,6932d29e-2a6a-4f6f-a564-18c73ae4326f,6,14,20,0,0,0,6,14,20,1,2
2022-11-08,693dc524-85aa-40fc-bd89-98f2dcd8a5e0,1,1,2,0,0,0,1,1,2,1,2
2022-11-08,69532abb-2508-4c3d-af59-43e7d3332dc9,39,40,79,0,1,1,39,41,80,1,7
2022-11-08,69602235-82cb-4876-bf7f-ffc9e42a06bb,7,11,18,0,0,0,7,11,18,1,2
2022-11-08,6980450f-efb1-4d5a-8388-00b155a44edf,42,34,76,25,3,28,67,37,104,1,9
2022-11-08,69a86bef-3350-4436-b79a-ad013ce4d801,12,5,17,0,0,0,12,5,17,1,3
2022-11-08,69c36877-e303-4b63-b761-a7bbc7771dce,4,4,8,0,0,0,4,4,8,1,2
2022-11-08,69d261fa-713e-475a-b68d-09905544b83d,3,0,3,0,0,0,3,0,3,1,1
2022-11-08,69ec7d5b-f672-4de4-81e3-bc91c5e3bf29,12,8,20,1,0,1,13,8,21,1,5
2022-11-08,6a0d6dee-9410-493a-8e5c-fe432b3af9a1,29,22,51,85,24,109,114,46,160,1,9
2022-11-08,6a3309c1-07f9-4f24-892a-a61cc6999182,19,20,39,10,3,13,29,23,52,1,7
2022-11-08,6a575230-68db-44c4-83a9-bbb21c06e887,1,1,2,0,0,0,1,1,2,1,2
2022-11-08,6a7fb7eb-bdb2-41a8-8d74-640a1ee21e43,8,7,15,0,0,0,8,7,15,1,3
2022-11-08,6a99e3ff-0df3-435e-9372-8bf936afae9f,24,34,58,1,2,3,25,36,61,1,4
2022-11-08,6abb0297-7c82-4f10-a6de-974bedc723cb,39,42,81,1,1,2,40,43,83,1,7
2022-11-08,6aed0ea6-8974-4a00-9cbe-1cced4c30d49,1,1,2,1,0,1,2,1,3,1,2
2022-11-08,6b058eb8-b4fb-4212-b093-09385e9e18b0,2,0,2,2,0,2,4,0,4,1,4
2022-11-08,6b218669-199f-4160-b19f-a660a6aea6f2,64,64,128,4,24,28,68,88,156,1,4
2022-11-08,6b4d5a4e-68de-4ca4-9c0c-56ea1116003c,4,32,36,0,0,0,4,32,36,1,6
2022-11-08,6b581f0f-14f7-411f-944f-5daf6465c4a1,0,2,2,0,0,0,0,2,2,1,2
2022-11-08,6b7ca5af-24e5-40f9-b79d-0a2093774315,10,11,21,2,4,6,12,15,27,1,3
2022-11-08,6b91b92f-2492-48b5-ae39-5abc42beea95,17,16,33,58,2,60,75,18,93,1,8
2022-11-08,6bac5f63-b1fe-4749-b811-48597c63a149,97,121,218,0,3,3,97,124,221,1,13
2022-11-08,6bbf671b-8d61-41f7-a9f3-061171f99b36,8,6,14,1,0,1,9,6,15,1,4
2022-11-08,6c065648-762b-4356-a73b-03d47e4da466,9,7,16,0,2,2,9,9,18,1,1
2022-11-08,6c331c24-b2d2-428c-8158-a2670ab6000e,10,11,21,2,0,2,12,11,23,1,4
2022-11-08,6c56c8e1-508f-4382-bde0-5ebde4a105fb,5,5,10,0,1,1,5,6,11,1,4
2022-11-08,6c75b020-3972-40d8-ada6-df26ac37030e,2,4,6,0,1,1,2,5,7,1,2
2022-11-08,6c9c7179-48d0-4b15-b975-056e97c5abd6,3,7,10,0,0,0,3,7,10,1,3
2022-11-08,6cb0b64f-3cb0-4f35-b5c7-04581c64f03a,5,1,6,0,0,0,5,1,6,1,6
2022-11-08,6cd94b2a-84c0-4617-bff9-55b082131a96,6,9,15,7,4,11,13,13,26,1,5
2022-11-08,6d103931-3003-44ef-8e45-e916dfb431be,40,55,95,11,5,16,51,60,111,1,5
2022-11-08,6d3aa995-f074-4684-8ed5-c50f3c7f12fa,2,0,2,0,0,0,2,0,2,1,1
2022-11-08,6d6a32d3-c05d-461b-b0d7-49fb98e4d626,4,0,4,0,0,0,4,0,4,1,2
2022-11-08,6d7be9b8-9b6b-4a0a-9d75-9f6b05560371,45,41,86,19,13,32,64,54,118,1,5
2022-11-08,6daf28f8-3adf-48cf-bca6-c93cf599a230,3,1,4,16,2,18,19,3,22,1,4
2022-11-08,6dd3a790-d86b-4ed7-928b-62ce45621186,49,54,103,21,5,26,70,59,129,1,16
2022-11-08,6de878d7-0ba7-43e5-bd57-72865d0fb254,8,8,16,0,0,0,8,8,16,1,4
2022-11-08,6e062991-c55a-44be-a498-499c70fe3b79,3,3,6,51,16,67,54,19,73,1,3
2022-11-08,6e1e1ce8-e1e3-4183-837b-0e46b9569b30,36,43,79,0,0,0,36,43,79,1,6
2022-11-08,6e3c72b0-257d-489b-939f-b6e24bae4226,5,3,8,0,0,0,5,3,8,1,1
2022-11-08,6e5102d8-5d61-489e-a377-54749c9dafc2,5,5,10,39,2,41,44,7,51,1,5
2022-11-08,6e65aa7a-07b9-4526-88bf-5f2cd67585f9,23,20,43,0,0,0,23,20,43,1,6
2022-11-08,6e78c062-2b75-4c9a-8e56-ab69fd5845d5,4,2,6,2,1,3,6,3,9,1,5
2022-11-08,6ea4d701-94f9-4da9-a3b9-591af5c81b00,15,18,33,5,0,5,20,18,38,1,4
2022-11-08,6ebf15ad-8f52-43f3-9fe0-fe4533c1f667,1,2,3,1,1,2,2,3,5,1,2
2022-11-08,6ee24461-d944-4958-b5e4-fb639508dd4e,1,0,1,0,0,0,1,0,1,1,1
2022-11-08,6f010e83-2a2a-4862-8e24-8151db436e5b,5,4,9,0,0,0,5,4,9,1,3
2022-11-08,6f1e540d-eae7-443c-aad8-f7fb733685ab,20,30,50,7,3,10,27,33,60,1,3
2022-11-08,6f3ceb6e-e4b4-42ae-8517-e61737a963c4,15,15,30,4,0,4,19,15,34,1,2
2022-11-08,6f5b7377-0a24-429f-ac5b-a0d40782a154,3,6,9,0,0,0,3,6,9,1,2
2022-11-08,6f889e51-63fe-4d42-8a00-d1aff6d3a8a1,15,13,28,2,2,4,17,15,32,1,8
2022-11-08,6faf3545-edd0-43c7-a6ee-49172dc0d986,6,4,10,0,0,0,6,4,10,1,3
2022-11-08,6fc82b0e-ef05-4bd0-915d-bb850b25bc4a,29,40,69,5,19,24,34,59,93,1,6
2022-11-08,700a78b0-49c4-4fb2-bec8-1f444377c452,18,18,36,21,8,29,39,26,65,1,7
2022-11-08,7017169e-0584-4fe2-afa2-d8a92e392fc9,4,4,8,3,0,3,7,4,11,1,5
2022-11-08,7037f5ab-750a-48bb-8290-181dbd346a9d,2,2,4,0,0,0,2,2,4,1,2
2022-11-08,7045d634-2d8e-49af-83f6-72d872170bb8,27,31,58,1,0,1,28,31,59,1,9
2022-11-08,7082187a-1996-49a1-a4ed-5c96b1c5dba3,1,2,3,0,0,0,1,2,3,1,2
2022-11-08,70977273-dd22-4899-a8f3-d58371a2a025,3,6,9,0,0,0,3,6,9,1,3
2022-11-08,70a22de3-65a0-4491-9271-6137cf20bd61,34,40,74,3,8,11,37,48,85,1,3
2022-11-08,70c25786-be75-42ad-a590-4d03cf129bb1,29,35,64,1,1,2,30,36,66,1,8
2022-11-08,7101680b-8389-48dc-aa4b-20190a3e625d,1,2,3,0,0,0,1,2,3,1,1
2022-11-08,71168c3e-120e-4fba-96d9-e48a1d0e28f5,16,11,27,9,0,9,25,11,36,1,1
2022-11-08,7128300a-c59d-4e8a-9434-62c706ab55d8,4,2,6,0,0,0,4,2,6,1,1
2022-11-08,7155fcf1-c89c-43f2-8e14-7f3dae368ba2,10,9,19,27,19,46,37,28,65,1,5
2022-11-08,71b3eb32-303c-4baf-8f7e-e9acecac125d,28,32,60,0,1,1,28,33,61,1,7
2022-11-08,71bc45b7-671c-4597-8a0a-7b3917bfcce6,3,7,10,1,1,2,4,8,12,1,3
2022-11-08,71d83b96-eb88-446e-9556-5c02db45626c,5,0,5,0,0,0,5,0,5,1,3
2022-11-08,71fe50fe-e15b-4c2c-bbd2-3897fdca8ea8,5,6,11,1,0,1,6,6,12,1,3
2022-11-08,7217a2c6-361b-441f-b2cc-54bbcc6fddc5,12,9,21,2,9,11,14,18,32,1,13
2022-11-08,7247ab9b-d486-4802-b442-4fc2fddaaa88,1,3,4,0,0,0,1,3,4,1,1
2022-11-08,7264e72e-2bf2-4b58-be8f-053ef485018d,0,0,0,1,1,2,1,1,2,1,1
2022-11-08,727a0bdb-4685-4fa5-bba0-08548889ab07,6,4,10,0,3,3,6,7,13,1,5
2022-11-08,7299e3b8-6ad8-40c1-817a-082e3bf6e87f,40,46,86,1,2,3,41,48,89,1,2
2022-11-08,72b4293b-3696-43f4-8389-d68d7ba58e96,10,14,24,0,0,0,10,14,24,1,3
2022-11-08,72c728a7-d1d2-4d80-b6e7-8ac2c6ca3164,15,13,28,0,0,0,15,13,28,1,4
2022-11-08,72daaf8f-b3e5-492b-9f4b-898ad897c2d4,3,3,6,0,0,0,3,3,6,1,3
2022-11-08,7300b066-04c3-4592-a0fd-694316f656a5,6,6,12,1,0,1,7,6,13,1,4
2022-11-08,73376688-06e8-4777-b87d-dc23ae3116b9,16,24,40,4,7,11,20,31,51,1,6
2022-11-08,735b48ae-dd24-4ff0-b7ab-f42da441c9ac,15,14,29,2,0,2,17,14,31,1,3
2022-11-08,73a538ec-d404-469b-882d-8ae8cc822d4e,4,0,4,0,0,0,4,0,4,1,4
2022-11-08,73c47e96-edac-4159-98b2-a778816786a2,10,4,14,0,0,0,10,4,14,1,4
2022-11-08,73fd7a67-ddb3-454f-b2ea-452430bcb298,1,0,1,9,5,14,10,5,15,1,2
2022-11-08,740ae27f-e1cc-4755-9a51-35f3a45dcb98,1,0,1,1,0,1,2,0,2,1,2
2023-11-24,db9b4aba-bec8-4a43-9e70-9002d02ef69a,1,0,1,0,0,0,1,0,1,1,1
2023-11-24,dbb4c9bb-164d-4eff-8d6e-ea29618ebc77,9,21,30,0,0,0,9,21,30,1,3
2023-11-24,dbcbb7d0-3afa-4ed5-a504-118f58962a31,8,1,9,1,0,1,9,1,10,1,8
2023-11-24,dbe2aed4-7778-4ec9-b083-ca00314163ca,7,8,15,1,0,1,8,8,16,1,4
2023-11-24,dbf4a7e1-9e0d-482e-9080-cfc6611cd03b,12,12,24,0,0,0,12,12,24,1,6
2023-11-24,dc1bf650-787b-4bcd-a3bf-8371bfdf2a2c,18,11,29,1,1,2,19,12,31,1,5
2023-11-24,dc3039a5-116c-402e-8471-8ac513e0957c,1,0,1,0,0,0,1,0,1,1,1
2023-11-24,dc4bd80e-133b-43e0-a9d8-c76e92481dd6,3,2,5,0,1,1,3,3,6,1,3
2023-11-24,dc7185a8-2971-4f02-a636-fa8d60485525,77,75,152,28,8,36,105,83,188,1,6
2023-11-24,dc912b4e-2898-4145-b948-30d7577e7599,1,3,4,1,0,1,2,3,5,1,3
2023-11-24,dca160e2-09a6-4af2-bd44-7e02323d42c7,86,94,180,2,6,8,88,100,188,1,9
2023-11-24,dcce908d-c78d-4942-8ca0-777bbf834f5a,3,5,8,0,0,0,3,5,8,1,2
2023-11-24,dce6bd1e-f527-496f-baa3-70242f4737b7,5,13,18,0,10,10,5,23,28,1,3
2023-11-24,dd0060b0-cddc-40fc-ac6f-398a2a82221d,14,21,35,0,14,14,14,35,49,1,4
2023-11-24,dd0eb0c5-d489-4a5d-8587-9219ada1a46d,2,8,10,0,0,0,2,8,10,1,2
2023-11-24,dd23d21a-b2e3-4227-b745-3c729895dded,1,2,3,0,0,0,1,2,3,1,1
2023-11-24,dd6741ff-833b-47b9-abaf-ee2a05f83c20,19,22,41,2,0,2,21,22,43,1,12
2023-11-24,dd6e414c-d0a6-4fd6-b32d-16674413ed10,0,0,0,13,7,20,13,7,20,1,3
2023-11-24,dd79d717-3c0d-4111-9906-f4feccb80d67,348,331,679,17,6,23,365,337,702,1,9
2023-11-24,dda43161-3e6d-445f-8f35-01978c07e750,0,0,0,16,0,16,16,0,16,1,1
2023-11-24,ddb740c7-56fd-4006-91c6-f33bf5127447,2,0,2,36,0,36,38,0,38,1,3
2023-11-24,ddd05ea1-c03e-4445-9c07-7cd5bea49d7b,8,17,25,1,1,2,9,18,27,1,5
2023-11-24,ddf5ce9f-8d84-40fb-bdc9-2a8591ac279e,37,38,75,71,25,96,108,63,171,1,7
2023-11-24,de0fb2fb-841e-4b9b-918d-d9da6ca85687,3,5,8,0,0,0,3,5,8,1,2
2023-11-24,de2a50e4-d62b-4e4d-baa5-06b1f7c777b8,2,2,4,1,0,1,3,2,5,1,2
2023-11-24,de34a20f-2b42-4fb0-8b02-0f581722dec0,1,0,1,0,0,0,1,0,1,1,1
2023-11-24,de3b2f35-e021-44db-ad80-f2497ed18686,1,1,2,1,2,3,2,3,5,1,3
2023-11-24,de4dd7ff-c242-4de4-b677-d3f1481c1bfb,13,15,28,0,0,0,13,15,28,1,3
2023-11-24,de58c556-2406-4848-9868-efedb5707aa7,7,2,9,0,1,1,7,3,10,1,2
2023-11-24,de7f8ff2-70a9-41a3-9f74-205141f5bb69,35,40,75,2,21,23,37,61,98,1,19
2023-11-24,deb6b4c8-958e-46f8-acbf-cf02d752cd29,436,333,769,8,25,33,444,358,802,1,8
2023-11-24,dec56de2-a642-42d7-ac4a-18438a87400d,45,58,103,8,8,16,53,66,119,1,7
2023-11-24,deed25cd-b67e-4a02-8665-a4c32c0d73ec,88,113,201,9,1,10,97,114,211,1,5
2023-11-24,df01aea3-75ed-4fd3-b714-a9c12a48006e,3,7,10,13,2,15,16,9,25,1,3
2023-11-24,df11a724-deac-463b-8974-565e18c21e62,0,0,0,0,3,3,0,3,3,1,1
2023-11-24,df1cfa59-1e49-435b-a8ee-9c40861b7f72,5,4,9,168,25,193,173,29,202,1,4
2023-11-24,df39434c-60bb-4015-be97-fd0bf90094d9,6,0,6,0,0,0,6,0,6,1,1
2023-11-24,df5557a0-72e4-4598-ad86-04c00c5d5d14,14,11,25,14,11,25,28,22,50,1,6
2023-11-24,df6976f7-7f93-45b4-aa06-4f86d1584e0a,33,26,59,5,0,5,38,26,64,1,6
2023-11-24,df7a06ab-109e-43d4-a244-0ddb7337609f,5,8,13,16,12,28,21,20,41,1,5
2023-11-24,df8ddcda-9286-47c6-a593-99474fff1cf7,3,2,5,0,0,0,3,2,5,1,3
2023-11-24,dfae0156-cbd2-45bf-913a-a4f57ab136a6,6,3,9,0,0,0,6,3,9,1,3
2023-11-24,dfe01ca5-20d0-4220-ae57-e4aafb2e4bff,6,3,9,1,14,15,7,17,24,1,7
2023-11-24,dff5f6aa-3cf1-42de-b921-fc0b20133b6c,136,157,293,3,10,13,139,167,306,1,7
2023-11-24,e013717a-1a24-47f2-a563-eb19a052db5d,43,38,81,1,2,3,44,40,84,1,7
2023-11-24,e029fca5-7876-4858-b930-ea42e3fc820e,0,0,0,15,5,20,15,5,20,1,1
2023-11-24,e037f60a-90a2-4e5d-9235-154e128ed58f,0,0,0,17,0,17,17,0,17,1,1
2023-11-24,e045d6ba-73f6-4eac-a1ad-3e9d752e872a,0,0,0,2,0,2,2,0,2,1,1
2023-11-24,e0588f14-2bce-45f2-8818-d45c8c238607,2,1,3,0,0,0,2,1,3,1,1
2023-11-24,e081d77e-5dab-46bc-b757-5ba03bab5f37,5,4,9,1,0,1,6,4,10,1,3
2023-11-24,e0981459-8d42-43c1-b617-47008dc2b17c,0,4,4,8,2,10,8,6,14,1,2
2023-11-24,e0b44ff7-8e0f-49ea-a86d-d4229e15e4ef,3,1,4,5,0,5,8,1,9,1,3
2023-11-24,e0e67d21-6fc5-47da-bf4c-2958e85ea8cc,1,0,1,11,1,12,12,1,13,1,2
2023-11-24,e102ef4f-7049-4b48-98bd-4c32d9dda2d8,2,4,6,1,1,2,3,5,8,1,4
2023-11-24,e12615e4-50fd-4246-85fa-40c76b7ea32a,7,14,21,4,0,4,11,14,25,1,4
2023-11-24,e13181aa-d0ca-4315-87c4-e1f8954d68bf,27,64,91,4,4,8,31,68,99,1,6
2023-11-24,e14a35bb-2d71-472b-89ec-e8950df494ae,13,13,26,217,1,218,230,14,244,1,7
2023-11-24,e160a81a-ab9a-45f7-ae2e-6f347b978f0f,10,1,11,0,0,0,10,1,11,1,6
2023-11-24,e16f74f7-33d5-4921-ae4b-6f8d2983fb7b,74,58,132,7,3,10,81,61,142,1,10
2023-11-24,e1890c53-2b88-4812-aa2e-089d7e800a09,64,82,146,3,11,14,67,93,160,1,8
2023-11-24,e19b350f-a7e4-49a6-aa1c-77d6114106dc,5,5,10,0,0,0,5,5,10,1,2
2023-11-24,e1a4a7bd-52af-473f-a168-aa10352e89fb,1,3,4,0,0,0,1,3,4,1,2
2023-11-24,e1b4e1f4-88b1-4d8f-a4eb-52f5d1385e12,5,5,10,39,4,43,44,9,53,1,1
2023-11-24,e1c44bc9-d793-47a2-9cb3-5b62f6329362,1,0,1,1,0,1,2,0,2,1,2
2023-11-24,e1dbc190-218e-4c1c-b222-8a40b655b66b,118,166,284,0,0,0,118,166,284,1,19
2023-11-24,e205160a-7b60-48b2-b238-8b7fd912b72c,20,34,54,1,0,1,21,34,55,1,12
2023-11-24,e226480c-4345-4c3c-b7e0-798fb052c667,3,1,4,0,0,0,3,1,4,1,1
2023-11-24,e23243e6-42f8-4b16-886f-363e22315175,9,12,21,0,6,6,9,18,27,1,5
2023-11-24,e24196bd-53d8-4799-8e1f-87c6f5023f5a,2,0,2,0,0,0,2,0,2,1,2
2023-11-24,e26c9054-6489-4232-9b1f-87b9d6b9c866,19,14,33,17,1,18,36,15,51,1,5
2023-11-24,e28a377a-e7cd-41ee-b2c7-b2139f2f23ef,163,196,359,3,0,3,166,196,362,1,6
2023-11-24,e295f498-1151-4a52-aebf-4c2e8db93fb3,22,28,50,25,13,38,47,41,88,1,8
2023-11-24,e2ac08e7-ffc0-4ee9-b43e-0c408172d999,4,7,11,0,0,0,4,7,11,1,1
2023-11-24,e2ba794b-462a-46a1-a150-c2231532cd12,14,14,28,0,0,0,14,14,28,1,5
2023-11-24,e2c9fd93-2256-495d-8a14-5c85e9077685,4,4,8,10,0,10,14,4,18,1,3
2023-11-24,e2e9b9e7-d852-4202-bff7-c792f82ac378,12,14,26,0,1,1,12,15,27,1,4
2023-11-24,e2f9588a-fc38-4261-9935-dd46e0dc64f0,0,0,0,15,2,17,15,2,17,1,2
2023-11-24,e31cf727-9923-4264-b985-82d693df209f,114,88,202,14,10,24,128,98,226,1,4
2023-11-24,e32a1598-5b86-42ab-b866-66ab1e530ead,2,0,2,11,0,11,13,0,13,1,4
2023-11-24,e34ed002-1bd9-4504-ab05-cf83c90ebf9d,2,1,3,0,1,1,2,2,4,1,2
2023-11-24,e35f76a8-d88d-46f6-8f49-3fc6be0737dd,1,1,2,0,0,0,1,1,2,1,1
2023-11-24,e36ecb9a-2425-4c53-aab9-8c890ae0a218,1,0,1,3,1,4,4,1,5,1,2
2023-11-24,e39feff5-fc3d-4255-ad77-7c6f8bba7f0d,6,5,11,4,4,8,10,9,19,1,5
2023-11-24,e3b05d07-031b-4257-ab79-67d74930b35c,13,24,37,0,0,0,13,24,37,1,2
2023-11-24,e3bd7bd2-cf47-4fab-9cc8-1a8d1de0a79b,75,78,153,32,15,47,107,93,200,1,6
2023-11-24,e3e6ad6d-4e1a-4273-9318-b4d99a77cb50,4,0,4,1,0,1,5,0,5,1,5
2023-11-24,e4039313-7423-4a04-a332-6ab479e8101f,10,19,29,6,16,22,16,35,51,1,7
2023-11-24,e43bd734-36e1-4050-aea5-3486124d90a1,6,9,15,6,2,8,12,11,23,1,6
2023-11-24,e448e846-7b71-4df8-b7d5-27a72c1af5e9,141,129,270,47,11,58,188,140,328,1,14
2023-11-24,e45546ff-d5a9-432f-8d88-ed86ad657b43,20,21,41,0,0,0,20,21,41,1,6
2023-11-24,e459c0f4-1b38-42de-870d-90f55214d238,164,188,352,31,29,60,195,217,412,1,13
2023-11-24,e4711529-be3d-458f-8ff9-c5d8c67776ba,5,0,5,0,0,0,5,0,5,1,3
2023-11-24,e49d857c-5308-4660-bcff-1a7166a9f7e3,0,0,0,2,0,2,2,0,2,1,1
2023-11-24,e4b95f2a-4a1c-4b01-8a63-4e143e15dae9,30,18,48,0,30,30,30,48,78,1,3
2023-11-24,e4c9cf0e-f24a-4cff-b767-e00a94882025,0,0,0,2,0,2,2,0,2,1,1
2023-11-24,e5025583-8925-49f2-81ea-7d023d58692c,78,70,148,11,1,12,89,71,160,1,4
2023-11-24,e52a7e00-39e7-4ad1-8e9b-c22910e79eab,0,0,0,8,0,8,8,0,8,1,1
2023-11-24,e52dd6e1-333b-492c-8ce3-bf6f2d1b238d,0,2,2,0,3,3,0,5,5,1,1
2023-11-24,e5346dbf-e1fa-4f0c-b086-89abf4ff367b,0,0,0,62,0,62,62,0,62,1,2
2023-11-24,e54b87e7-91a5-430d-83ba-1505a98a7c03,3,3,6,6,1,7,9,4,13,1,5
2023-11-24,e5537c5a-fd5b-40c3-9c64-3b9b0b87c705,1,0,1,0,0,0,1,0,1,1,1
2023-11-24,e56e936d-2605-494a-b5fc-9892ae910257,37,39,76,1,0,1,38,39,77,1,6
2023-11-24,e576855b-0367-4792-94ec-8dd32a8693de,170,157,327,47,10,57,217,167,384,1,9
2023-11-24,e593144d-2d09-48e1-8d12-765f9602828b,10,1,11,2,1,3,12,2,14,1,11
2023-11-24,e5b95f45-98f2-471b-ba5b-a5be82f121ba,23,26,49,27,10,37,50,36,86,1,3
2023-11-24,e5d19cd7-5fa3-4dc5-99a4-7255cfed6e10,2,2,4,0,0,0,2,2,4,1,1
2023-11-24,e5dd6c3f-689f-4402-8ead-a3a2b15de6b9,15,8,23,0,0,0,15,8,23,1,2
2023-11-24,e5f03ae5-dabc-49b9-a3c5-eb08ceb74392,1,5,6,0,0,0,1,5,6,1,1
2023-11-24,e6093dd5-7c47-4d36-aafd-6ab3b2206492,1,1,2,11,0,11,12,1,13,1,5
2023-11-24,e63cd1f7-84d3-4b9b-8c04-2ecb40b84e81,1,0,1,0,0,0,1,0,1,1,1
2023-11-24,e66fdadc-ca5a-43d7-961b-94d7ea0bfa74,19,21,40,1,4,5,20,25,45,1,9
2023-11-24,e68d55e4-076e-422e-9e95-5ca8e5ceb56e,1,1,2,0,0,0,1,1,2,1,1
2023-11-24,e6a81a6e-f4f2-4ce7-aa3d-5ca45c771a8f,5,2,7,2,2,4,7,4,11,1,5
2023-11-24,e6b61f31-c06c-4a0f-81fb-c7c0b9b663fc,0,1,1,0,0,0,0,1,1,1,1
2023-11-24,e6c526bc-a4fe-4347-91bb-651dc94294d4,2,0,2,1,0,1,3,0,3,1,2
2023-11-24,e6e1f94d-1cc5-447c-a926-05f387467c1c,22,21,43,0,0,0,22,21,43,1,4
2023-11-24,e6fa5344-308e-4c6b-a5ed-a1dc4702ea65,0,0,0,2,0,2,2,0,2,1,1
2023-11-24,e70caed2-14a8-49aa-9a95-9f67b7081bf5,12,17,29,5,2,7,17,19,36,1,6
2023-11-24,e724816d-babc-40fa-8d02-d93740c12815,17,18,35,0,0,0,17,18,35,1,6
2023-11-24,e73e16ce-997c-46f8-bf78-1ff5638340fe,1,1,2,67,37,104,68,38,106,1,5
2023-11-24,e7570ecd-fa71-404c-83a1-f6a18635aced,8,8,16,0,1,1,8,9,17,1,4
2023-11-24,e766cb1f-4d04-4cb6-8cff-608bcc6a5b69,1,1,2,0,1,1,1,2,3,1,1
2023-11-24,e773660f-4c34-4c43-aedc-9e641c222b95,9,24,33,23,22,45,32,46,78,1,3
2023-11-24,e781a747-7cb7-4042-986d-4514220b032a,160,118,278,8,1,9,168,119,287,1,6
2023-11-24,e7acb119-9583-4c25-b9b1-0c4a345c9250,21,20,41,0,1,1,21,21,42,1,4
2023-11-24,e7d5e1b1-d1c1-484f-bc27-28d10599fa63,7,17,24,2,0,2,9,17,26,1,4
2023-11-24,e7fa9fca-20d6-471a-9ea9-ec648fab036d,2,0,2,0,0,0,2,0,2,1,2
2023-11-24,e80e39a7-df3b-4460-a23c-d20921ae867c,7,16,23,8,1,9,15,17,32,1,3
2023-11-24,e81cf8d5-747f-4baa-ae5e-7a3385c7adef,36,30,66,3,0,3,39,30,69,1,7
2023-11-24,e84a2c0a-472f-4acd-896a-24230d6c15e5,1,0,1,0,0,0,1,0,1,1,1
2023-11-24,e85e5bb4-9d9a-4a0f-a2ee-4563515c9fca,11,9,20,0,0,0,11,9,20,1,3
2023-11-24,e86882f5-b728-4545-85aa-996bdbdb4bc9,16,9,25,1,0,1,17,9,26,1,4
2023-11-24,e879abdc-bbb7-4d4b-99ec-83fa63bff282,47,40,87,10,2,12,57,42,99,1,17
2023-11-24,e884f5a0-d052-4457-a8cd-03e45ffeb65a,5,13,18,0,0,0,5,13,18,1,3
2023-11-24,e89ec90b-eed3-4854-89e4-4bca9714e69a,27,45,72,6,1,7,33,46,79,1,6
2023-11-24,e8b63916-e0fd-4afc-ad99-4b7ce99cabc1,17,18,35,2,0,2,19,18,37,1,2
2023-11-24,e8c9d994-5fae-499d-b5ce-ac99aa2205ae,0,0,0,2,0,2,2,0,2,1,1
2023-11-24,e8e1ff7b-0291-49f1-b167-b67f58a7f070,7,5,12,40,18,58,47,23,70,1,4
2023-11-24,e8f08894-9f1d-4f83-8754-7f4781e4642e,32,34,66,2,0,2,34,34,68,1,11
2023-11-24,e8fd56cd-6358-401c-8e44-9194561f79c1,2,5,7,0,0,0,2,5,7,1,1
2023-11-24,e914f543-f08d-4133-8a05-3accfdf25b29,5,7,12,2,3,5,7,10,17,1,3
2023-11-24,e931624e-d92c-466d-b4d2-64710dc2cbb9,19,46,65,16,15,31,35,61,96,1,9
2023-11-24,e93d1087-5358-4d03-ba1a-230532269fd7,0,1,1,7,0,7,7,1,8,1,2
2023-11-24,e959d883-a117-4089-957b-74601a1a68fd,13,21,34,0,0,0,13,21,34,1,4
2023-11-24,e9625685-8e43-4c0d-a32d-26d1c470c5e8,5,4,9,0,0,0,5,4,9,1,4
2023-11-24,e96e4954-7682-43d0-81fb-1e418a9c88b4,2,2,4,21,14,35,23,16,39,1,4
2023-11-24,e996a175-d5c3-4653-a7c5-86ecbcaafa3d,5,10,15,32,12,44,37,22,59,1,6
2023-11-24,e9a849ef-6bc4-45ae-8338-4e7cf881a026,2,2,4,2,0,2,4,2,6,1,2
2023-11-24,e9b87d54-dd7a-446f-a286-f128e91d31cd,1,0,1,0,0,0,1,0,1,1,1
2023-11-24,e9e12c19-4cf5-495c-8ed8-9f18bf680e00,8,2,10,63,17,80,71,19,90,1,8
2023-11-24,e9f48430-a3b0-41db-9fb7-016e1bd519dc,28,40,68,3,1,4,31,41,72,1,3
2023-11-24,ea16d745-b678-46c4-94ea-70a5187d6864,3,14,17,0,1,1,3,15,18,1,2
2023-11-24,ea206724-943d-4dc0-862d-4aa0c6374918,12,11,23,31,4,35,43,15,58,1,4
2023-11-24,ea417a2f-98c9-44f2-a4c0-906816a6e205,52,59,111,11,2,13,63,61,124,1,6
2023-11-24,ea5a1153-d1ff-47c0-b164-80a485ee59e6,37,46,83,19,17,36,56,63,119,1,9
2023-11-24,ea6de251-5266-4d8c-8c93-60be7dca3577,6,10,16,3,1,4,9,11,20,1,3
2023-11-24,ea9ea8c5-4c72-4da6-9b36-9a013de99c54,14,37,51,5,2,7,19,39,58,1,8
2023-11-24,eab16445-1a9c-4a28-bf17-1ba85a7d504d,1,0,1,68,14,82,69,14,83,1,4
2023-11-24,eac14918-8968-4840-85f3-8ccefae573bd,16,19,35,7,13,20,23,32,55,1,8
2023-11-24,ead5ef85-c2a7-4344-8dc8-c5587291abba,1,1,2,0,0,0,1,1,2,1,1
2023-11-24,eafc88f7-3a1d-406a-8d08-1c62ecca708b,1,0,1,1,0,1,2,0,2,1,2
2023-11-24,eb367b85-7445-46e1-9e32-2a3b77696a31,2,3,5,1,1,2,3,4,7,1,2
2023-11-24,eb3f2eae-2be6-4ed9-b9ff-31b076547943,28,41,69,0,0,0,28,41,69,1,6
2023-11-24,eb675e62-0292-4605-baf5-ceffee3cc5fd,2,0,2,0,0,0,2,0,2,1,1
2023-11-24,eb6cd026-ffd7-42a0-a454-e8a6e690c761,6,6,12,1,0,1,7,6,13,1,3
2023-11-24,eb737e39-ba84-447c-9b63-403c56646fc1,0,0,0,0,1,1,0,1,1,1,1
2023-11-24,eb81d711-9a02-4daf-b584-d7169bcf4739,4,3,7,3,0,3,7,3,10,1,2
2023-11-24,eb8ab216-8cb0-4215-9860-094b725076c0,30,41,71,1,1,2,31,42,73,1,7
2023-11-24,eb9e0a5c-8711-4517-a750-89e69922444d,4,2,6,41,0,41,45,2,47,1,4
2023-11-24,eba53bea-e30b-4f99-b6aa-3bd32ced8a67,0,0,0,2,0,2,2,0,2,1,1
2023-11-24,ebb7a798-80c3-4bea-aa88-fb31bd59ab11,69,76,145,7,0,7,76,76,152,1,3
2023-11-24,ebd055c6-f9be-4cd0-94f5-0bf2f678d347,1,0,1,0,0,0,1,0,1,1,1
2023-11-24,ec01d5bc-e330-4474-a06c-252677936431,1,0,1,0,0,0,1,0,1,1,1
2023-11-24,ec1c6256-e84d-47d2-a117-56359c3f6621,2,0,2,0,2,2,2,2,4,1,1
2023-11-24,ec497894-efa2-4991-8881-01058863838d,1,0,1,0,0,0,1,0,1,1,1
2023-11-24,ec5e51d5-0618-473b-b6df-370dff6ed679,1,1,2,0,0,0,1,1,2,1,2
2023-11-24,ec7f84c5-24a4-4a7c-bcdc-01218f734595,54,74,128,4,1,5,58,75,133,1,6
2023-11-24,ec952da7-d727-4de8-afef-4ae672fd5851,2,0,2,0,0,0,2,0,2,1,2
2023-11-24,eca9ca7b-c6ab-4970-8516-74c9e9c03f85,29,45,74,47,34,81,76,79,155,1,11
2023-11-24,ecbaeabb-4d46-40f8-818e-72179487cf53,3,2,5,0,0,0,3,2,5,1,2
2023-11-24,ecd9cc5f-5a73-4a97-ae9d-58f18a983583,15,14,29,1,0,1,16,14,30,1,4
2023-11-24,ed03fc53-7637-4d11-96c4-bdd13a2532c7,2,0,2,0,0,0,2,0,2,1,1
2023-11-24,ed3d7faa-f3c1-42b4-820b-86d6415d307e,1,0,1,0,0,0,1,0,1,1,1
2023-11-24,ed4baa3a-6fdd-4662-86e9-5079019a8501,3,0,3,0,0,0,3,0,3,1,2
2023-11-24,ed5871db-41a3-40ce-8a1f-b81a0bc44ebd,14,3,17,4,0,4,18,3,21,1,4
2023-11-24,ed7288f4-7631-455a-903f-e8518ae8237f,31,31,62,14,12,26,45,43,88,1,8
2023-11-24,eda442aa-fc8b-4820-a400-dcbf8d461637,20,15,35,1,0,1,21,15,36,1,3
2023-11-24,edc53a0a-6de4-4fb1-96a8-86d87635836c,9,8,17,1,0,1,10,8,18,1,4
2023-11-24,ee0167c3-9900-4e22-ab50-6782620a39b7,1,0,1,0,0,0,1,0,1,1,1
2023-11-24,ee1079f1-d9b0-4466-8930-19d66e665343,7,1,8,1,0,1,8,1,9,1,7
2023-11-24,ee31d5a5-36f1-4b8a-a55c-392f4f21e0e9,0,6,6,5,1,6,5,7,12,1,3
2023-11-24,ee5c2c1d-ff41-48c1-bc63-4e73c9fa9291,34,35,69,29,0,29,63,35,98,1,5
2023-11-24,ee70c15f-cccc-4d4f-87f7-4407964fac44,1,7,8,0,0,0,1,7,8,1,1
2023-11-24,ee8a9476-7007-42c1-add5-654cdb65e37c,3,5,8,3,0,3,6,5,11,1,1
2023-11-24,eea17c96-4576-4b32-af07-3788b13f2d42,4,6,10,0,0,0,4,6,10,1,2
2023-11-24,eed104bb-2ac9-4cd5-9a03-3f3c6a11a159,7,12,19,10,18,28,17,30,47,1,6
2023-11-24,eed84508-3b97-423d-9d05-7606a9f9349a,1,1,2,8,3,11,9,4,13,1,3
2023-11-24,eee290e0-9cdb-4a3a-9e4f-df7b7a00cf78,2,3,5,0,0,0,2,3,5,1,1
2023-11-24,eef99af7-3b31-4adb-9d7f-fc7e858d9d9a,9,4,13,2,0,2,11,4,15,1,6
2023-11-24,ef053ab3-8392-46fa-a153-84d6f5fec129,0,0,0,1,1,2,1,1,2,1,2
2023-11-24,ef0fe23c-aa61-4f17-ba8c-970774541d39,4,2,6,1,0,1,5,2,7,1,4
2023-11-24,ef282676-da9e-4a0d-b2ce-bb1d39b75892,20,15,35,17,10,27,37,25,62,1,3
2023-11-24,ef34e8c5-134e-4619-96ae-ce5f093c1fbf,6,10,16,3,0,3,9,10,19,1,4
2023-11-24,ef467bbb-5386-44a6-9d82-d9923d91f40a,22,21,43,0,0,0,22,21,43,1,2
2023-11-24,ef50ba26-ce37-40c9-bd2e-1b0b29c17063,0,0,0,1,0,1,1,0,1,1,1
2023-11-24,ef5c8014-e5cd-4d01-b4bf-4844f51acf2f,6,11,17,2,4,6,8,15,23,1,7
2023-11-24,ef78e43b-4e40-45ed-bb30-790c570c3ac3,3,1,4,48,0,48,51,1,52,1,4
2023-11-24,ef8fd9fb-370c-4573-8eba-20ce84617e84,1,0,1,0,0,0,1,0,1,1,1
2023-11-24,efd4fe3a-0fa5-4516-b86f-e9f3815046d1,3,1,4,0,0,0,3,1,4,1,2
2023-11-24,efeded32-0d65-43d6-86f6-f62928114448,0,0,0,11,2,13,11,2,13,1,1
2023-11-24,f00b7613-58f3-44ea-b504-37e610555454,70,87,157,21,20,41,91,107,198,1,8
2023-11-24,f030fa5f-22cc-4b98-94e0-132d548410da,1,0,1,0,0,0,1,0,1,1,1
2023-11-24,f06ad6d5-de46-41e8-ae8d-c2129d7faa1a,40,44,84,19,0,19,59,44,103,1,8
2023-11-24,f0848b8e-adcb-4ae8-a242-9620c441e51d,1,0,1,0,0,0,1,0,1,1,1
2023-11-24,f0bbf288-f392-423a-9a5a-63afb4d0edb9,50,32,82,55,9,64,105,41,146,1,8
2023-11-24,f0db5b2d-78ab-4d68-bf4a-517344435dcc,73,471,544,1,2,3,74,473,547,1,8
2023-11-24,f0e4b577-b423-403f-893f-d2173a32d2e4,20,22,42,0,0,0,20,22,42,1,2
2023-11-24,f0f2dcda-af14-4266-95d8-e4083c1cc180,8,9,17,1,1,2,9,10,19,1,3
2023-11-24,f1125782-e43a-4c0e-8b9d-e0dfd0d8b48d,8,52,60,0,5,5,8,57,65,1,4
2023-11-24,f1333487-54eb-4145-9861-65caf9ee5aac,74,115,189,17,25,42,91,140,231,1,10
2023-11-24,f144bc42-182e-406b-9752-a1b5893ca0e4,1,2,3,2,0,2,3,2,5,1,2
2023-11-24,f152f32b-781f-418d-84a9-2b7006bfeef6,11,9,20,1,0,1,12,9,21,1,5
2023-11-24,f163a094-e3a9-466c-8a0a-362afea9d1ed,3,3,6,19,5,24,22,8,30,1,5
2023-11-24,f171ee4e-6da2-419c-bd7f-6a230f27293c,1,1,2,0,0,0,1,1,2,1,1
2023-11-24,f1837502-8c93-4db7-8d6a-7fe0b5ff8fa4,93,163,256,3,6,9,96,169,265,1,5
2023-11-24,f1a0f411-0c97-4fc2-a191-5373a02cabab,1,0,1,0,0,0,1,0,1,1,1
2023-11-24,f1ae2f19-e93d-4349-a9d6-47ca7daffd0a,81,101,182,54,40,94,135,141,276,1,12
2023-11-24,f1bd702f-e72d-4f4e-9862-e03193f7ae43,68,92,160,350,168,518,418,260,678,1,10
2023-11-24,f1fc9e9a-155d-4776-beee-62065d5d67fa,113,104,217,5,4,9,118,108,226,1,5
2023-11-24,f20a6f91-ad43-48ae-92ee-285fd8ebf71f,4,2,6,0,0,0,4,2,6,1,1
2023-11-24,f217a3c3-0b4a-491d-ba8a-44ee70b8d7ba,6,39,45,1,5,6,7,44,51,1,5
2023-11-24,f227e4a0-da48-4930-95b5-eb17caedb3b3,0,1,1,0,0,0,0,1,1,1,1
2023-11-24,f245c10c-a720-455a-bca0-67518e2f797f,13,35,48,0,2,2,13,37,50,1,3
2023-11-24,f260a097-83d9-4ae9-bdbe-46bb66eda681,11,16,27,7,2,9,18,18,36,1,5
2023-11-24,f26caa4e-f79d-4f5b-a90e-4c7945df6293,1,0,1,0,0,0,1,0,1,1,1
2023-11-24,f27dc3af-f615-47e9-a516-e40e2e69b97f,0,1,1,0,0,0,0,1,1,1,1
2023-11-24,f2938b91-8690-4a56-a5fa-768dde58628f,3,6,9,11,1,12,14,7,21,1,4
2023-11-24,f2ac9337-a41f-4b75-948d-176eb4a347b0,12,3,15,3,0,3,15,3,18,1,7
2023-11-24,f2c375b4-fcf5-4648-b0fb-853f9c3ec0e5,0,0,0,3,0,3,3,0,3,1,1
2023-11-24,f2df208d-4ad9-47df-aa69-1d83f45f6604,14,14,28,5,1,6,19,15,34,1,10
2023-11-24,f2f9efc1-670c-42ed-8353-41c0e685a063,14,21,35,12,20,32,26,41,67,1,4
2023-11-24,f2ff5cc1-9305-495b-8873-cc82a4aaaf29,0,0,0,1,0,1,1,0,1,1,1
2023-11-24,f301ac84-fd5f-41af-9837-bd0ee074b410,20,19,39,0,0,0,20,19,39,1,5
2023-11-24,f313247d-be09-4ca0-b8c0-dac832da5d07,16,35,51,0,0,0,16,35,51,1,4
2023-11-24,f3257b69-64ad-41c3-9a2a-12c63a56bfec,79,72,151,3,1,4,82,73,155,1,3
2023-11-24,f3515a05-308d-4588-b204-924f4b95f3f1,140,94,234,5,1,6,145,95,240,1,5
2023-11-24,f36ea309-3998-4f50-8cd5-8b3502ee3def,32,32,64,197,279,476,229,311,540,1,7
2023-11-24,f376bab0-faa5-44e2-8dd8-5a5b3a1970c7,1,0,1,11,0,11,12,0,12,1,2
2023-11-24,f38494c2-ddac-47ae-af76-f2224aa7e734,12,8,20,1,0,1,13,8,21,1,8
2023-11-24,f397ea80-e70a-496c-a36e-37546b962a14,136,123,259,97,44,141,233,167,400,1,14
2023-11-24,f3a997a8-e0cb-4bb7-9e49-d7ad46694d5d,11,9,20,7,0,7,18,9,27,1,5
2023-11-24,f3ba2a53-d903-47fd-9970-a35519e46f10,0,0,0,1,0,1,1,0,1,1,1
2023-11-24,f3cd5519-7f18-47cd-8c5c-f9de918f8938,2,5,7,24,3,27,26,8,34,1,7
2023-11-24,f3f03097-5b3b-400f-875a-65e05b503ae3,8,9,17,0,0,0,8,9,17,1,3
2023-11-24,f4094d4b-1ad0-4dca-aa1c-86b2d2fe5d7d,10,10,20,4,7,11,14,17,31,1,2
2023-11-24,f430e5ba-bc11-4276-ba11-5d61717491c6,8,5,13,5,4,9,13,9,22,1,5
2023-11-24,f44db0ab-5402-4a91-b614-009bb28ae32f,0,0,0,0,1,1,0,1,1,1,1
2023-11-24,f47342b4-77b5-456e-929d-e248617780aa,5,3,8,5,2,7,10,5,15,1,5
2023-11-24,f48e554e-5166-47ea-8a31-29c13ef117de,4,7,11,0,0,0,4,7,11,1,4
2023-11-24,f4ac5f4f-8a1a-46a8-83c4-ed39fb51e9e4,4,5,9,0,0,0,4,5,9,1,2
2023-11-24,f4da6c32-0133-425a-84cc-6729c8e2ec4d,2,2,4,1,0,1,3,2,5,1,1
2023-11-24,f507df8a-bd4a-4925-a2e7-ef897ca46acc,5,6,11,22,3,25,27,9,36,1,4
2023-11-24,f512ef77-a3c5-4e78-9d07-9f8d79df16e0,9,9,18,0,0,0,9,9,18,1,2
2023-11-24,f531e610-88da-4b67-9f44-d46c080176c8,8,2,10,0,0,0,8,2,10,1,9
2023-11-24,f551c764-2d65-41da-8c91-53ea7b511eec,17,23,40,16,9,25,33,32,65,1,10
2023-11-24,f5692b38-a9a2-4f40-8633-064b801f640d,0,0,0,0,1,1,0,1,1,1,1
2023-11-24,f584c8c7-aab5-4a70-af96-799303d58d30,4,0,4,0,0,0,4,0,4,1,3
2023-11-24,f5a9f6aa-2973-4f5c-9700-2480294e603c,6,4,10,1,1,2,7,5,12,1,5
2023-11-24,f5b23b4c-3f0e-4b0d-a5b0-115da9135631,2,1,3,82,12,94,84,13,97,1,4
2023-11-24,f5c23d05-3fc1-4641-b4d0-361f8740a4ba,2,0,2,0,0,0,2,0,2,1,1
2023-11-24,f5cdd894-3c8a-4ecb-841f-640d3c46eba0,6,6,12,1,6,7,7,12,19,1,2
2023-11-24,f5e3d5c5-4657-4a22-a102-3d94ec13d399,14,12,26,2,4,6,16,16,32,1,8
2023-11-24,f6075d1f-33a7-47df-bbfd-de88ad91e584,44,50,94,24,26,50,68,76,144,1,5
2023-11-24,f61961fa-5583-459e-a277-b7fa2bd0dc11,1,1,2,0,0,0,1,1,2,1,1
2023-11-24,f61f69e2-b634-48c4-b102-a20597300a7f,13,15,28,1,1,2,14,16,30,1,6
2023-11-24,f648ae1c-6989-4044-a610-5fd5b9ff2a21,143,173,316,378,171,549,521,344,865,1,4
2022-11-08,7432905f-a9a1-4720-a572-447857d719a7,10,2,12,4,5,9,14,7,21,1,4
2022-11-08,745e167e-90d2-4311-b6cc-26bbea88d6b1,34,37,71,314,101,415,348,138,486,1,9
2022-11-08,746afe0f-2f90-4ab2-90ce-eb9542b4f807,5,5,10,0,0,0,5,5,10,1,2
2022-11-08,747ffc3f-5283-4fcc-9843-b94529443e8c,35,41,76,0,3,3,35,44,79,1,9
2022-11-08,74a06966-bb60-4823-a798-87217978ec9f,1,0,1,0,0,0,1,0,1,1,1
2022-11-08,74a9d134-f225-4714-93a7-557da8f7d9db,1,1,2,47,16,63,48,17,65,1,2
2022-11-08,74d55101-9b7c-4961-94af-6715c14fbd00,9,8,17,0,0,0,9,8,17,1,2
2022-11-08,74f4e89c-035e-4b32-909f-70a5951082f8,101,94,195,13,6,19,114,100,214,1,8
2022-11-08,753bc4a1-af0e-4e5e-a447-b15f69723b7e,43,55,98,1,1,2,44,56,100,1,16
2022-11-08,75502313-f8e4-4de0-a8e0-387c66f6d2f8,8,17,25,131,39,170,139,56,195,1,8
2022-11-08,755f68e2-9c4f-43a2-aa2a-7f0cd9afa787,29,29,58,0,0,0,29,29,58,1,4
2022-11-08,75789da2-112c-495a-8315-2ac3e994176c,0,2,2,45,0,45,45,2,47,1,2
2022-11-08,759f0166-c8e3-4319-a8f4-30ad1ef9cf3e,14,15,29,0,0,0,14,15,29,1,4
2022-11-08,75bc94e4-5203-4e62-b796-c7f154f10136,4,7,11,5,0,5,9,7,16,1,3
2022-11-08,75e63e7d-08ee-4a21-813c-78c777efe573,27,56,83,0,7,7,27,63,90,1,3
2022-11-08,75f6040a-17d7-4d7f-b10e-2056cd8454f8,15,26,41,0,0,0,15,26,41,1,3
2022-11-08,7629a463-e04e-43db-a55c-ce13f1c2f3d3,1,3,4,0,0,0,1,3,4,1,1
2022-11-08,76480977-1912-4f70-9f32-37e21cba78db,1,2,3,0,0,0,1,2,3,1,1
2022-11-08,76609117-e460-483a-8925-96d511d5a9e2,4,5,9,0,0,0,4,5,9,1,3
2022-11-08,7675ef85-899a-4b19-884a-a88809d8a051,2,6,8,0,0,0,2,6,8,1,1
2022-11-08,768f57a5-545f-4efd-a4f2-f5baf86365ed,5,0,5,0,0,0,5,0,5,1,2
2022-11-08,769cea36-32c1-47ff-97ab-d90c42b9c20f,30,47,77,230,53,283,260,100,360,1,12
2022-11-08,76bbc2bd-9c0d-481e-a500-ae31609f49b4,0,0,0,1,0,1,1,0,1,1,1
2022-11-08,76e462ca-96ae-46d6-ab5c-99d8986f4f6d,3,1,4,1,0,1,4,1,5,1,3
2022-11-08,76eb23ec-bf2a-4aa2-ab75-6a1beedc20af,22,27,49,0,0,0,22,27,49,1,6
2022-11-08,76fb177c-7975-4ba4-aaf8-f5d4710f3e4c,9,13,22,0,0,0,9,13,22,1,3
2022-11-08,772ffa4d-1eb1-428a-9544-ef8170116f78,2,1,3,0,0,0,2,1,3,1,2
2022-11-08,776fa897-5cb9-48e8-b556-1c4a92dc0147,4,6,10,12,5,17,16,11,27,1,4
2022-11-08,77b86b82-37dc-455c-ac9b-63916d5ea179,12,11,23,1,1,2,13,12,25,1,8
2022-11-08,77c99016-2f96-4564-ad8d-81a5b1505a04,0,0,0,0,7,7,0,7,7,1,1
2022-11-08,77ebd994-5947-4305-ae73-6f50618cd574,3,2,5,0,1,1,3,3,6,1,2
2022-11-08,7803726b-41fe-42fb-b3c4-25c3d192e382,71,90,161,0,0,0,71,90,161,1,7
2022-11-08,782c5fd7-65e3-4ea4-94bf-3573570f820d,43,42,85,78,15,93,121,57,178,1,7
2022-11-08,7834dec5-4edf-4085-9f87-c8c6b33e85a7,80,68,148,0,5,5,80,73,153,1,7
2022-11-08,785b0d4d-6a31-492c-badf-06ad4589b399,10,10,20,0,0,0,10,10,20,1,7
2022-11-08,786a7527-2493-4f88-8494-8ab455095471,24,40,64,0,1,1,24,41,65,1,9
2022-11-08,7887672d-2b5e-437e-8da3-b74238afe0f0,3,3,6,0,0,0,3,3,6,1,3
2022-11-08,788d0c82-a14a-48d1-8c8c-f1f602d069c7,4,5,9,0,0,0,4,5,9,1,2
2022-11-08,78af1e54-f0e4-4140-8e9d-e3b3cc1d35c5,3,2,5,6,5,11,9,7,16,1,3
2022-11-08,78d6e146-4a93-4be4-8795-1ed85984a31c,6,6,12,0,0,0,6,6,12,1,2
2022-11-08,78e6f638-d55a-44e4-931e-15cc7366b2a4,18,19,37,1,3,4,19,22,41,1,3
2022-11-08,791c2db8-3184-43bf-8465-583d4af82fbb,2,2,4,10,1,11,12,3,15,1,2
2022-11-08,79266d1f-30a2-43d8-b34a-1b77ff269200,1,0,1,0,0,0,1,0,1,1,1
2022-11-08,794d8361-8bb1-4672-ab57-39b02d72a831,1,1,2,0,0,0,1,1,2,1,1
2022-11-08,7991a6e7-7415-4073-a46d-8e783aed2c8d,1,0,1,0,0,0,1,0,1,1,1
2022-11-08,79b1ed1c-6e66-47aa-a676-8dbaeaa11337,1,0,1,0,0,0,1,0,1,1,1
2022-11-08,79e8fc4b-edbe-47c3-8348-5f3931b2ebb3,10,13,23,13,0,13,23,13,36,1,6
2022-11-08,7a14a9e0-e372-4b90-84ba-22f6a97820aa,9,10,19,1,0,1,10,10,20,1,4
2022-11-08,7a2cf801-dada-48a2-9daf-d1104ce58ea6,1,3,4,1,0,1,2,3,5,1,2
2022-11-08,7a45a906-c5f9-4186-8804-1ae3fc1910fa,39,32,71,10,3,13,49,35,84,1,6
2022-11-08,7a5a0d5f-367c-4dbe-b3f2-eb39925c2fca,25,19,44,1,0,1,26,19,45,1,5
2022-11-08,7a7fb675-2adb-4b00-bbfe-22364fd7c25b,20,17,37,0,0,0,20,17,37,1,4
2022-11-08,7a9d8033-8aaf-4ebb-a160-3d1f11d3e04f,8,9,17,7,3,10,15,12,27,1,6
2022-11-08,7aa15c0d-0bb4-478a-a846-6c61ff1a67cd,3,0,3,0,0,0,3,0,3,1,2
2022-11-08,7ab4467a-d618-44dc-9137-87913a2de56c,4,3,7,1,0,1,5,3,8,1,1
2022-11-08,7ad8dc50-a6c2-4aa8-ac29-ca07912a1529,82,121,203,0,0,0,82,121,203,1,8
2022-11-08,7ae96de8-57c4-4300-87e6-32a3028a7d5e,1,1,2,0,1,1,1,2,3,1,1
2022-11-08,7b238163-c3f7-4331-90c2-32a08a6f329d,35,32,67,2,1,3,37,33,70,1,2
2022-11-08,7b5cac25-394c-4de8-b868-14437becf251,1,0,1,0,0,0,1,0,1,1,1
2022-11-08,7b7647d6-cdcd-4c9f-a1b0-5a21e467454b,11,24,35,0,0,0,11,24,35,1,7
2022-11-08,7b88902e-8d28-464f-b999-53ec9ad6df30,1,0,1,0,0,0,1,0,1,1,1
2022-11-08,7b9a1a8f-0b8d-4230-8da6-9a41e0af3117,1,0,1,14,0,14,15,0,15,1,2
2022-11-08,7bca94ec-3b22-4329-a9d8-123ff6589a29,19,15,34,0,0,0,19,15,34,1,3
2022-11-08,7bd176f4-9067-446a-939a-7bd51c3e92f0,1,0,1,0,0,0,1,0,1,1,1
2022-11-08,7bde003c-3f35-4ec6-bbc4-542246dd67d8,60,43,103,12,2,14,72,45,117,1,10
2022-11-08,7be62760-a121-4bbb-8daa-61530e126029,0,2,2,0,0,0,0,2,2,1,1
2022-11-08,7bf6c51c-48b2-43ec-a88b-51d42c05025c,30,35,65,0,0,0,30,35,65,1,1
2022-11-08,7c06e57a-3dec-4785-b1ff-f48df5092d38,1,2,3,0,0,0,1,2,3,1,2
2022-11-08,7c1d87da-a9ba-4d09-8f64-7ae561ec7066,0,0,0,1,0,1,1,0,1,1,1
2022-11-08,7c4b0c41-e1fa-4ffe-b4dc-353e985deafa,4,4,8,0,0,0,4,4,8,1,3
2022-11-08,7c68af77-e170-4481-a69b-393e9f4cd9bb,6,10,16,0,0,0,6,10,16,1,3
2022-11-08,7c896467-c147-477b-a9d0-1ff7117c81ac,27,30,57,23,7,30,50,37,87,1,9
2022-11-08,7cbb75d1-4ee0-4c30-9f07-5d9c7fcfe41a,5,4,9,0,0,0,5,4,9,1,1
2022-11-08,7cd63d56-5c9a-4e4b-8176-c74bdc104999,3,4,7,0,0,0,3,4,7,1,1
2022-11-08,7ce95b0c-d34a-4813-a719-c286c1c69376,7,7,14,0,0,0,7,7,14,1,2
2022-11-08,7d039762-a567-44a7-991e-7e7e03541fbe,1,2,3,0,0,0,1,2,3,1,1
2022-11-08,7d2f9a91-2881-4854-b335-53afd015b91b,4,0,4,0,0,0,4,0,4,1,4
2022-11-08,7d5fdfe8-141d-48c1-ba92-af841cb622fd,16,31,47,0,3,3,16,34,50,1,3
2022-11-08,7d83c9fe-416e-47ae-a452-ccede3f7c816,5,2,7,0,1,1,5,3,8,1,2
2022-11-08,7dabbb66-b532-4727-963a-a61dea5bcd1e,111,187,298,9,12,21,120,199,319,1,18
2022-11-08,7db7f972-6771-48f3-a790-49120a9b726a,19,16,35,1,3,4,20,19,39,1,5
2022-11-08,7dd5ed6d-086f-4c1d-af40-3f43003cdd3f,26,31,57,0,2,2,26,33,59,1,2
2022-11-08,7deae342-f193-4ba7-9ab1-29dd0dfb08bd,97,146,243,12,1,13,109,147,256,1,10
2022-11-08,7e085ed3-2271-44db-aa83-f2401eea9baf,14,17,31,0,0,0,14,17,31,1,5
2022-11-08,7e34a10f-3777-4170-ae65-31f978d8d89d,11,10,21,1,1,2,12,11,23,1,5
2022-11-08,7e6d2ed2-d79d-4884-b866-66b5bc8911e7,30,36,66,0,6,6,30,42,72,1,4
2022-11-08,7e8ee52b-7ccd-4533-8284-c591526cb049,91,79,170,3,0,3,94,79,173,1,9
2022-11-08,7e9d5ea2-4660-4d7f-90e2-4df9e4a43ecf,22,28,50,3,0,3,25,28,53,1,9
2022-11-08,7eaf1182-05af-4341-b69f-6818126e2e8d,2,1,3,0,0,0,2,1,3,1,2
2022-11-08,7ebfc3c2-473b-4749-9bcf-c2adc057e7f7,120,88,208,24,2,26,144,90,234,1,18
2022-11-08,7ecaa1db-82e7-47ba-b472-fae72ceef939,21,22,43,1,4,5,22,26,48,1,8
2022-11-08,7ed9ff58-73f2-4fe3-a900-28572331a31e,16,30,46,0,3,3,16,33,49,1,4
2023-11-24,f655d2ed-9a5c-4c34-9e1b-c3a5123c05cc,7,9,16,2,0,2,9,9,18,1,3
2023-11-24,f6708ef8-8fd0-48e9-9b93-005573f2cb44,18,19,37,26,2,28,44,21,65,1,13
2023-11-24,f6829c4b-2a36-4320-a712-dd5b6f89c97c,20,18,38,112,39,151,132,57,189,1,5
2023-11-24,f6b4f1c5-7c44-4496-9c03-e501b753800d,3,2,5,26,6,32,29,8,37,1,5
2023-11-24,f6d6444f-1a5b-4792-b162-ee24f82c5c04,1,3,4,0,0,0,1,3,4,1,3
2023-11-24,f6dcd8bd-ee89-4ed6-85f8-25010eafe9b4,29,30,59,81,14,95,110,44,154,1,8
2023-11-24,f6f72618-9256-4bb6-92e2-6dfab30f86db,19,14,33,1,1,2,20,15,35,1,5
2023-11-24,f705e22e-44a9-4224-b5fd-fc761f3e9bf1,69,76,145,6,8,14,75,84,159,1,12
2023-11-24,f7254899-4469-48cc-b26f-c4385c073e88,33,13,46,2,2,4,35,15,50,1,2
2023-11-24,f73a42a8-82e7-4709-95f6-0b6abfd48899,4,5,9,0,0,0,4,5,9,1,2
2023-11-24,f74b7b01-885d-4026-a9b4-290331e2ce4e,44,40,84,1,0,1,45,40,85,1,13
2023-11-24,f7733526-38cf-46ae-b1bd-45bc4bb15146,98,88,186,2,3,5,100,91,191,1,10
2023-11-24,f7a59a6c-f6f0-439f-b8a6-3f6eff37a79e,39,66,105,6,9,15,45,75,120,1,6
2023-11-24,f7b95aa6-5a25-4515-8c17-2b2d956ce6d6,19,34,53,1,0,1,20,34,54,1,13
2023-11-24,f7bfdfd2-5bd9-42fe-896b-58eaefa7a106,6,9,15,0,0,0,6,9,15,1,3
2023-11-24,f7d4ff25-f2fc-41cb-8e4f-ac0445dea362,7,10,17,4,0,4,11,10,21,1,4
2023-11-24,f7e2a53f-18ba-4a69-b688-577dd7d16953,0,0,0,8,0,8,8,0,8,1,1
2023-11-24,f7f6a780-0161-489c-a155-77ac475c78ac,0,2,2,0,0,0,0,2,2,1,1
2023-11-24,f81548d3-f657-4bb3-82f2-75a43a95521b,1,0,1,0,0,0,1,0,1,1,1
2023-11-24,f82c17a3-0bb0-4954-bea4-6ec945546471,6,7,13,26,7,33,32,14,46,1,2
2023-11-24,f83edc32-7ad9-4b76-965a-bf88940dd3a4,56,57,113,8,1,9,64,58,122,1,8
2023-11-24,f850b2e0-4f35-465c-916f-18fab7ee73f0,6,15,21,0,0,0,6,15,21,1,2
2023-11-24,f878cf33-7bc6-4440-bd0a-f52fe974dc3a,6,7,13,0,0,0,6,7,13,1,3
2023-11-24,f88ce60c-6462-4fd9-a55a-977921fa02f5,4,0,4,2,0,2,6,0,6,1,3
2023-11-24,f89f05ed-4d65-4bab-b18d-57d016a0777c,24,7,31,0,0,0,24,7,31,1,2
2023-11-24,f8bd13a5-20e6-432b-a044-76afeeb0a92f,0,0,0,43,8,51,43,8,51,1,2
2023-11-24,f8da4a21-71de-4336-a850-40c5a4c12ff4,4,0,4,0,0,0,4,0,4,1,1
2023-11-24,f90282bd-e556-45a2-bb00-6db0bd1aedd1,2,2,4,0,0,0,2,2,4,1,2
2023-11-24,f9219605-bf6c-424c-a09d-40dec9f763ee,19,40,59,1,0,1,20,40,60,1,8
2023-11-24,f934be46-8bd7-4e12-980a-c7a19074cdf1,32,56,88,0,0,0,32,56,88,1,6
2023-11-24,f940a9e2-057f-4404-a2d1-ba361a607d3e,2,2,4,9,0,9,11,2,13,1,3
2023-11-24,f94cdb2c-e484-4f0f-9ed9-7c38c473e94c,4,4,8,0,0,0,4,4,8,1,1
2023-11-24,f95c3abe-9c3f-4d04-9f35-9cb2df912bda,24,23,47,0,0,0,24,23,47,1,4
2023-11-24,f96d3d5c-9152-49e0-8383-c8a5962d39ae,20,0,20,5,0,5,25,0,25,1,11
2023-11-24,f98cadfb-6860-4d62-89ce-b9c146971857,4,4,8,12,0,12,16,4,20,1,5
2023-11-24,f9a59855-3511-4daa-8fe0-4c2884698017,38,47,85,4,2,6,42,49,91,1,7
2023-11-24,f9c6ef9a-5532-4dd8-b141-2c5d5a58fec5,33,31,64,1,2,3,34,33,67,1,6
2023-11-24,f9e47060-fcb0-4efc-b54f-fef6f902b295,7,16,23,1,3,4,8,19,27,1,7
2023-11-24,f9fd25be-9869-45d5-b2bc-2ba71be5b29b,3,11,14,0,0,0,3,11,14,1,1
2023-11-24,fa2b4077-3df9-43fc-bfa8-85a34ae3a4c0,3,2,5,0,1,1,3,3,6,1,2
2023-11-24,fa414f66-1732-4ca1-bc66-8654f519e0a5,10,9,19,4,0,4,14,9,23,1,8
2023-11-24,fa4f5323-a720-4917-87b7-d474f9681e53,42,37,79,12,3,15,54,40,94,1,3
2023-11-24,fa64cd4f-053e-47a0-8242-6c3e807c605e,16,34,50,11,0,11,27,34,61,1,5
2023-11-24,fa9067e2-1dc3-4a65-a1c2-4374e41bac29,25,23,48,22,4,26,47,27,74,1,10
2023-11-24,fa9ad06a-4a63-40e5-a0d8-838ae9dfa368,86,91,177,13,20,33,99,111,210,1,8
2023-11-24,fab9ef67-bacc-45ef-bdf9-9d37954044fd,7,10,17,1,0,1,8,10,18,1,1
2023-11-24,faefc75b-7e7c-4db3-b3b6-e0202607a67c,0,0,0,4,0,4,4,0,4,1,1
2023-11-24,fb178c0f-4d4a-4376-b59d-79efdf4f0804,11,33,44,1,0,1,12,33,45,1,3
2023-11-24,fb2dda95-7cd4-4842-9060-db3cf75b669b,18,11,29,3,1,4,21,12,33,1,3
2023-11-24,fb5125f5-214b-4305-baca-079057c67cec,1,0,1,3,0,3,4,0,4,1,2
2023-11-24,fb679cde-6387-4719-9f21-7cfe4125d824,13,18,31,0,0,0,13,18,31,1,5
2023-11-24,fb771fdb-79f8-44ea-b45b-ca2be29da16e,34,50,84,0,6,6,34,56,90,1,3
2023-11-24,fb7ca049-0623-42d4-bfba-03c8bdd39f64,40,62,102,44,37,81,84,99,183,1,10
2023-11-24,fb9717b5-2a2c-4d04-b3b9-318c7a4825bf,17,11,28,7,0,7,24,11,35,1,5
2023-11-24,fbae9eec-9663-4c79-ba68-8cfcb80c952b,9,6,15,10,0,10,19,6,25,1,6
2023-11-24,fbc450ac-d38a-4633-949d-3fe7b519b54f,1,4,5,1,0,1,2,4,6,1,3
2023-11-24,fbd8b14e-2dc1-464b-9d6d-ff6781b69523,4,4,8,201,0,201,205,4,209,1,5
2023-11-24,fbeb5293-7b0d-497d-b09e-ce411488e9e3,142,110,252,14,8,22,156,118,274,1,7
2023-11-24,fbfecbf9-ba47-4e2c-a17e-7616a3ef6e13,3,4,7,0,1,1,3,5,8,1,3
2023-11-24,fc215546-29f7-4c68-b3bd-ed1ddd6e7dd8,30,22,52,0,0,0,30,22,52,1,11
2023-11-24,fc2b419b-6554-4de5-861a-aeacee4c5533,4,0,4,0,0,0,4,0,4,1,3
2023-11-24,fc723699-5902-4b7d-a885-911e8c4c8179,82,45,127,5,2,7,87,47,134,1,3
2023-11-24,fc807200-21b7-46c5-8091-5a06b128137f,1,1,2,0,1,1,1,2,3,1,1
2023-11-24,fca1f189-10ae-440b-b97c-4b6b311dd184,49,54,103,6,3,9,55,57,112,1,3
2023-11-24,fcc1364e-4ce1-454b-a72e-5a00539ca0db,155,307,462,10,6,16,165,313,478,1,3
2023-11-24,fcd3bebf-8e27-418c-913c-50f69a0a236c,21,31,52,10,12,22,31,43,74,1,6
2023-11-24,fcebca2d-59ff-459f-b1e9-6179415527a5,3,8,11,18,0,18,21,8,29,1,4
2023-11-24,fd1ff151-e23d-479a-99d0-8488484e7fff,5,2,7,22,1,23,27,3,30,1,5
2023-11-24,fd2f9a2e-ab53-47a1-8e6e-a2855141ca67,10,14,24,146,81,227,156,95,251,1,6
2023-11-24,fd5e09b2-83b9-4706-8472-6b4c68c059ef,21,46,67,0,0,0,21,46,67,1,3
2023-11-24,fd7f09bb-8046-4fba-a14c-965c5129f500,1,2,3,50,26,76,51,28,79,1,2
2023-11-24,fd8b712b-4caa-4136-ab1b-f1c6fe6b3dec,10,21,31,0,0,0,10,21,31,1,3
2023-11-24,fda3d1d7-9480-46fd-9925-096f410423cb,5,2,7,0,0,0,5,2,7,1,2
2023-11-24,fdbb02e4-e4fc-4573-b270-b9cd5033399c,0,0,0,0,1,1,0,1,1,1,1
2023-11-24,fdcd9798-961e-490f-9aae-cdde1269be12,32,28,60,1,0,1,33,28,61,1,7
2023-11-24,fdf520a7-9cca-4f9f-96ae-268fc1ced1ff,141,114,255,1,0,1,142,114,256,1,5
2023-11-24,fe20c2ca-3d2a-459c-bad7-35e94a333234,99,86,185,0,2,2,99,88,187,1,6
2023-11-24,fe441a24-aa55-4baf-94ac-89f8f78f2344,142,135,277,7,3,10,149,138,287,1,5
2023-11-24,fe61b1e3-4192-404a-a9bf-7223fd4a2350,5,3,8,0,0,0,5,3,8,1,4
2023-11-24,fe8630a3-28e8-455e-beac-c10cc314029f,5,3,8,0,0,0,5,3,8,1,2
2023-11-24,fe9a34dc-7751-416c-b2e2-fb8bb6fb6292,15,22,37,0,1,1,15,23,38,1,5
2023-11-24,feb03e80-455c-48a7-b7d3-8889430524e6,25,17,42,2,2,4,27,19,46,1,4
2023-11-24,febbac73-1029-453e-836a-f6863c8c877e,1,0,1,0,0,0,1,0,1,1,1
2023-11-24,fedefabe-8fa4-461f-81aa-e488f879b0fd,7,4,11,0,0,0,7,4,11,1,5
2023-11-24,fef65350-4f38-4da4-a3bd-dfe7f2049414,1,1,2,164,31,195,165,32,197,1,3
2023-11-24,ff49f55b-26e3-431a-af49-7fc83b9a4202,9,10,19,3,1,4,12,11,23,1,3
2023-11-24,ff52f509-f747-4b2a-b21c-c9e5a6380946,67,70,137,0,1,1,67,71,138,1,7
2023-11-24,ff5c041f-2798-437c-8914-75d1886f0516,6,3,9,1,0,1,7,3,10,1,1
2023-11-24,ff6b3cf5-b818-405d-876c-2776aa446e85,1,0,1,0,0,0,1,0,1,1,1
2023-11-24,ff939187-ee3e-4791-8650-d76e5cd12977,16,28,44,0,0,0,16,28,44,1,4
2023-11-24,ffbf45ef-a629-40a5-8272-6fe21e722337,5,5,10,0,0,0,5,5,10,1,2
2023-11-24,ffd54d09-3c59-4e01-b165-a8a9cf68a521,15,26,41,0,4,4,15,30,45,1,3
2023-11-24,ffe1050f-9943-4a7a-ba53-d2dccc70f9d4,50,52,102,14,1,15,64,53,117,1,11
2021-04-07,01077890-d64f-4eb1-b704-47460a5aa015,0,2,2,0,0,0,0,2,2,1,1
2021-04-07,024fd5bd-375b-4335-978a-b25b4f891ed3,1,5,6,0,0,0,1,5,6,1,2
2021-04-07,044a85ea-ca41-4840-978d-5f168f02ddbb,1,0,1,0,0,0,1,0,1,1,1
2021-04-07,04d19c10-5142-416b-ae3a-e780a5c0f1bb,6,9,15,1,0,1,7,9,16,1,2
2021-04-07,0557ffdf-6a74-4430-baf5-efee45a589b8,1,0,1,9,0,9,10,0,10,1,2
2021-04-07,05d907e6-f7d7-46a7-8804-cec5cbf8bb56,14,14,28,1,1,2,15,15,30,1,4
2021-04-07,0630d1d6-bf56-4ce5-9512-21f5eb997c3a,17,16,33,5,3,8,22,19,41,1,9
2021-04-07,0699fe51-ff3e-4a54-86e4-8ae0f2efbd88,1,2,3,0,0,0,1,2,3,1,2
2021-04-07,081e4951-d895-4482-9b4d-9dec567927e6,7,7,14,2,0,2,9,7,16,1,5
2021-04-07,08e3fcf2-1813-438b-aefc-0edb721e7609,1,2,3,0,0,0,1,2,3,1,1
2021-04-07,09c9a0ef-b127-4148-b849-bcb27aaafe41,1,3,4,0,0,0,1,3,4,1,1
2021-04-07,0a8327e3-9ba9-4817-a674-cd73ee293813,1,0,1,0,0,0,1,0,1,1,1
2021-04-07,0c1b851a-9ecf-4444-a746-0ea4c43c025c,5,3,8,31,2,33,36,5,41,1,4
2021-04-07,0d94d78a-3641-4cf0-b57c-3b45fafc6d47,8,9,17,0,0,0,8,9,17,1,4
2021-04-07,0e838ee2-a129-47ca-a899-2c32e7ddf1da,8,13,21,0,0,0,8,13,21,1,13
2021-04-07,0fc70ba0-be0d-4ed6-b639-8a2f49977d7d,3,2,5,0,0,0,3,2,5,1,2
2021-04-07,13093245-38c8-45e4-9477-846220e57a51,5,0,5,0,0,0,5,0,5,1,1
2021-04-07,1389e6bd-f00e-44a2-a148-7c03a01dd200,2,3,5,0,0,0,2,3,5,1,2
2021-04-07,14415974-0e8f-4c49-abc3-b47f3ffad36a,10,9,19,0,0,0,10,9,19,1,3
2021-04-07,162f2eb6-35a7-4b9e-b0b1-4586762aa039,7,3,10,0,0,0,7,3,10,1,2
2021-04-07,16e96212-66e5-4890-bb8e-824e2b2a7693,7,5,12,0,0,0,7,5,12,1,1
2021-04-07,179b68ed-d684-4e3e-9a41-e240c4aa9681,6,0,6,0,0,0,6,0,6,1,1
2021-04-07,191f5b1a-ec9b-4a13-92f5-82020b56233d,1,3,4,0,0,0,1,3,4,1,1
2021-04-07,19ac34d6-ac4a-4b2e-a653-dd4a053c664f,1,0,1,0,0,0,1,0,1,1,1
2021-04-07,1b4a2159-4ac0-4cb2-822d-c558f5725425,9,17,26,0,0,0,9,17,26,1,5
2021-04-07,1d406985-99ff-4fdb-950a-3e59dc35b4f1,1,1,2,0,0,0,1,1,2,1,1
2021-04-07,1e935ee6-b443-4541-97a2-929db4202ca4,0,1,1,0,0,0,0,1,1,1,1
2021-04-07,1f08bedc-2753-4b44-bcee-3c1bd24b598c,3,0,3,0,0,0,3,0,3,1,1
2021-04-07,20d03a9e-9d74-4f40-ae7c-befb2fe32cc5,16,18,34,17,0,17,33,18,51,1,10
2021-04-07,21561326-cdd1-487d-8fe0-60d5805cb8e1,0,1,1,0,0,0,0,1,1,1,1
2021-04-07,226dd0b8-9685-41b5-b7a1-821b4d175890,3,6,9,0,1,1,3,7,10,1,2
2021-04-07,22fd6131-b475-40f9-8b4b-3e555ae56358,3,10,13,0,0,0,3,10,13,1,2
2021-04-07,249daaf8-b7b9-4ea3-a88c-fc5fed5262f1,3,3,6,0,0,0,3,3,6,1,1
2021-04-07,25c9b581-4f15-407f-983e-2d87ee6129be,3,0,3,1,0,1,4,0,4,1,2
2021-04-07,27d48420-3ba8-46c9-8fd0-90dc7bd0ad19,0,0,0,0,1,1,0,1,1,1,1
2021-04-07,29951693-3d06-49c6-8c6e-18ee51b04ab5,9,17,26,0,0,0,9,17,26,1,4
2021-04-07,2a753584-5f37-4186-84cd-5ce22a1443b5,12,12,24,0,0,0,12,12,24,1,3
2021-04-07,2b259ad3-d367-4d76-bb66-1e93b3cefffa,36,32,68,0,0,0,36,32,68,1,6
2021-04-07,2bb9238b-ef70-41de-8a11-4284c1e070be,4,12,16,0,0,0,4,12,16,1,4
2021-04-07,2cee3650-a617-4a8e-80fd-27a19be3fd67,10,16,26,0,0,0,10,16,26,1,2
2021-04-07,2d67555d-bcc2-4345-a1db-f1771de44d4a,3,8,11,1,3,4,4,11,15,1,3
2021-04-07,2ed0f497-b44e-409e-b0c9-f0c7b1bc7832,2,6,8,0,1,1,2,7,9,1,1
2021-04-07,2ff5b70f-f40a-497e-9176-eca41e7c8320,5,10,15,0,0,0,5,10,15,1,3
2021-04-07,30fa0528-65bd-4309-a93b-8cd7543ccaba,4,4,8,0,3,3,4,7,11,1,2
2021-04-07,327f7abb-0c02-4c01-87d7-5e969c93e4f0,40,42,82,0,0,0,40,42,82,1,4
2021-04-07,340b6594-780c-4217-a938-8eb4c49fd6ef,2,2,4,0,0,0,2,2,4,1,1
2021-04-07,3492c9aa-ba42-4722-94ac-b213638b54ba,1,1,2,6,0,6,7,1,8,1,2
2021-04-07,35dc4c00-4ca2-41c2-ab23-2d0f8e263633,5,6,11,0,0,0,5,6,11,1,3
2021-04-07,36a7e449-c15b-4f3a-97aa-a1ba43d81504,0,1,1,0,0,0,0,1,1,1,1
2021-04-07,37cea94a-7867-4f50-a048-48b3262386c9,1,2,3,0,0,0,1,2,3,1,1
2021-04-07,3821eec1-38b1-4c1a-9751-42cb0da89045,0,2,2,1,0,1,1,2,3,1,1
2021-04-07,3a012adf-0123-41c2-ba7e-48111be00512,1,0,1,0,0,0,1,0,1,1,1
2021-04-07,3b6d277d-fdf6-4e18-8990-ffd6a390f4fc,1,0,1,1,0,1,2,0,2,1,1
2021-04-07,3c812c54-92ee-4c2e-8237-89ac74059058,56,69,125,16,10,26,72,79,151,1,9
2021-04-07,3d3c8286-64a3-48ae-9933-15bbc177b521,6,0,6,0,0,0,6,0,6,1,2
2021-04-07,3dd8e799-37e2-4533-ae49-51c3882e42a1,65,56,121,2,1,3,67,57,124,1,4
2021-04-07,3e3dfc1a-bdec-4d02-9b27-c84b0b0e86b2,60,71,131,0,0,0,60,71,131,1,6
2021-04-07,3f214f57-bf01-4a00-bde8-c26ab3aa435f,3,4,7,0,0,0,3,4,7,1,1
2021-04-07,411c9e93-a538-4c2c-a9de-78f5a1c1fb66,1,0,1,0,0,0,1,0,1,1,1
2021-04-07,4250bef7-86d7-4993-a770-6626b95bdd22,0,2,2,0,0,0,0,2,2,1,1
2021-04-07,42dcbc82-3473-4752-bbf1-82ca8e07babf,2,1,3,1,0,1,3,1,4,1,2
2021-04-07,4331c0eb-d170-4d7f-a18a-b2fa0850c466,20,31,51,1,0,1,21,31,52,1,8
2021-04-07,43decdcf-ad68-44b8-9a93-3ece231a6ccf,10,16,26,16,0,16,26,16,42,1,3
2021-04-07,451a3590-38c6-48fe-bc6d-3ee2d3cbb334,3,2,5,1,0,1,4,2,6,1,5
2021-04-07,460bac5a-d1ac-4d73-ad76-8365f6dc7b45,0,4,4,2,0,2,2,4,6,1,2
2021-04-07,471cdd38-e3e4-4657-a4fb-f21a6a67cba2,2,3,5,2,0,2,4,3,7,1,4
2021-04-07,477e0864-63f6-4f8f-b5c3-3cfd7db72ee6,0,1,1,0,1,1,0,2,2,1,2
2021-04-07,482ef23b-1c41-4dce-9355-e10751b331c2,11,10,21,0,0,0,11,10,21,1,3
2021-04-07,48f2b59d-1aa0-4742-9319-0321d055279f,21,35,56,14,13,27,35,48,83,1,9
2021-04-07,49541caf-3201-4ed6-b0e0-634e89b4c684,9,20,29,0,0,0,9,20,29,1,3
2021-04-07,4b474beb-5e78-45dc-9542-6564f27ef062,8,17,25,0,0,0,8,17,25,1,5
2021-04-07,4c2b3f06-8ff3-4ca7-b1cd-a5968a4c8d82,9,3,12,0,0,0,9,3,12,1,2
2021-04-07,4d2ac017-8276-4cb0-8b99-7f2f56c65655,1,1,2,1,0,1,2,1,3,1,2
2021-04-07,4deda7e4-d2df-42f4-93a1-d7ad3fe06d7a,11,14,25,0,0,0,11,14,25,1,4
2021-04-07,4e9db1f6-c497-4321-b02a-c1f4e00ac9dc,1,2,3,0,0,0,1,2,3,1,1
2021-04-07,4f531693-4646-46ed-bde9-ff3498e1799f,1,3,4,0,0,0,1,3,4,1,1
2021-04-07,504a8690-3ff8-4fe5-8aba-fce0024ce453,6,10,16,22,0,22,28,10,38,1,3
2021-04-07,518c42fc-4fc0-4cd3-af93-a167a293f6d6,40,96,136,7,5,12,47,101,148,1,8
2021-04-07,51f6cba9-9b84-40fd-a8a7-e1bd97c05767,14,2,16,0,0,0,14,2,16,1,2
2021-04-07,5370c70b-6734-4d9c-9a46-b8f7a2550f1f,2,6,8,0,0,0,2,6,8,1,1
2021-04-07,53fb0a23-c9dc-4e04-b873-572f98aea8e0,17,34,51,1,0,1,18,34,52,1,2
2021-04-07,54788b3c-c5b3-4439-bc03-c86c2f5ea3c8,18,15,33,0,0,0,18,15,33,1,2
2021-04-07,564e63ab-526d-4710-94b7-913b9a5def3f,3,5,8,3,0,3,6,5,11,1,2
2021-04-07,56f4668a-7546-46e1-bbc9-f517f629127d,21,8,29,8,3,11,29,11,40,1,6
2021-04-07,5782b859-6b90-4657-8f41-8062a3707b6e,10,19,29,2,1,3,12,20,32,1,6
2021-04-07,58522c0a-b10d-42b7-8389-607d1707c213,1,0,1,0,0,0,1,0,1,1,1
2021-04-07,59caa17e-af72-4eb7-af11-61963a567013,6,6,12,0,0,0,6,6,12,1,5
2021-04-07,5bcff324-92be-49f1-8b0f-8515a48d495e,4,4,8,0,1,1,4,5,9,1,1
2021-04-07,5caea53a-47e7-470c-93b5-dbe965e79f3f,0,16,16,0,0,0,0,16,16,1,2
2021-04-07,5dd07815-9cee-4674-a380-6e212bbf532d,3,4,7,0,0,0,3,4,7,1,3
2021-04-07,5fe9ecc5-8486-4a8e-ae84-85c45c1b4707,1,0,1,0,0,0,1,0,1,1,1
2021-04-07,6095582c-e08b-43b8-b4bf-fa8eab35c4be,2,6,8,2,2,4,4,8,12,1,6
2021-04-07,60e30809-712c-432d-9b90-abc43497be8f,22,31,53,0,0,0,22,31,53,1,5
2021-04-07,618e2d77-c707-4f77-8dc8-a6898fcb755b,8,7,15,3,0,3,11,7,18,1,7
2021-04-07,62bbb9d2-654e-465f-8916-7d6d950e2dc0,1,0,1,0,0,0,1,0,1,1,1
2021-04-07,63ce84bb-7807-459e-88ad-28c4d8d1831c,10,8,18,0,0,0,10,8,18,1,2
2021-04-07,6478b210-44df-4035-85bf-31d5afecbce1,3,1,4,0,0,0,3,1,4,1,2
2021-04-07,652614fa-3d67-49e4-b42c-e257d2546c52,2,4,6,0,0,0,2,4,6,1,1
2021-04-07,65cf2cf5-6b8c-4f2a-b3d7-a112fad360b9,0,0,0,1,0,1,1,0,1,1,1
2021-04-07,670a54ec-3dca-4661-b4c0-86e8250c81fc,41,43,84,0,1,1,41,44,85,1,3
2021-04-07,68c04f81-aa2a-4b59-a042-1d229331f903,15,26,41,0,0,0,15,26,41,1,5
2021-04-07,6a7079d1-c1b5-4faf-9566-30de91c11c4d,1,0,1,0,0,0,1,0,1,1,1
2021-04-07,6b6e78a8-37a6-4807-b736-1d2e10868c1b,73,70,143,3,0,3,76,70,146,1,6
2021-04-07,6c8a91e7-00a2-4ab0-8335-8e23ad0e96eb,9,11,20,0,0,0,9,11,20,1,1
2021-04-07,6cb3a7ac-5c5d-4bed-894a-0b408e3bd20a,5,1,6,0,0,0,5,1,6,1,4
2021-04-07,6ddeea1a-0a01-4514-ac52-13cb49d41c6d,7,10,17,0,0,0,7,10,17,1,4
2021-04-07,6f5f3ffd-093f-4114-878b-33354a04e7c1,5,13,18,0,0,0,5,13,18,1,2
2021-04-07,710c9bf8-f209-45a0-b9cd-ee2977619e7c,6,7,13,1,0,1,7,7,14,1,3
2021-04-07,723b2302-0f7f-477c-ac78-0b709330215e,1,0,1,0,0,0,1,0,1,1,1
2021-04-07,74d595a2-1452-417e-984e-59073b80acbd,7,9,16,12,0,12,19,9,28,1,4
2021-04-07,76680506-d287-45c0-805f-51a6bbb72f76,1,0,1,0,0,0,1,0,1,1,1
2021-04-07,77bebfa5-0974-4d62-9a62-e2e206ce957a,18,17,35,0,3,3,18,20,38,1,3
2021-04-07,78935932-970a-409a-9c0c-7934e459ed00,2,5,7,0,0,0,2,5,7,1,1
2021-04-07,790aa69a-4a63-4c0a-a24e-e7a088657e68,23,25,48,0,0,0,23,25,48,1,5
2021-04-07,79708337-676d-4536-8877-7534bafc5ef8,16,35,51,3,4,7,19,39,58,1,6
2021-04-07,7a0aecb1-ca90-4198-b41a-2296a27f0967,18,26,44,0,0,0,18,26,44,1,6
2021-04-07,7c5dfa0d-55c8-4a53-ba9a-058ec5a3fdf9,17,27,44,4,0,4,21,27,48,1,3
2021-04-07,7d840b1a-9225-4f34-b3be-3fac9154ae98,356,397,753,3,0,3,359,397,756,1,6
2021-04-07,7e68b35a-6eed-4550-856f-f97417d01309,10,3,13,0,0,0,10,3,13,1,2
2021-04-07,809c43d7-31a4-4d48-bac3-d143c43af225,5,6,11,0,0,0,5,6,11,1,2
2021-04-07,80dfda23-759a-4b94-9e6c-002817218117,2,0,2,0,0,0,2,0,2,1,2
2021-04-07,821be8a7-4738-4354-9481-19d18055ebe2,11,13,24,0,0,0,11,13,24,1,4
2021-04-07,82a27a88-1a70-4d52-9543-f3e0a920fde8,1,5,6,0,1,1,1,6,7,1,2
2021-04-07,83bfccce-8749-4ec7-8672-7fc0d7f3f943,0,0,0,1,0,1,1,0,1,1,1
2021-04-07,855d9cba-1894-4b4b-a4b4-08bc127f6c0e,3,5,8,0,0,0,3,5,8,1,2
2021-04-07,861aa139-bab8-4434-b6aa-9a8701f16549,22,18,40,0,0,0,22,18,40,1,5
2021-04-07,86f1f25a-3cdd-4d73-b01c-2cffa6fc4646,31,30,61,8,2,10,39,32,71,1,4
2021-04-07,87475264-8aa5-474e-80ec-78316aae7864,2,0,2,0,0,0,2,0,2,1,1
2021-04-07,87fdcbb7-11c0-48b4-ad4f-56c6cfa6385e,2,0,2,0,0,0,2,0,2,1,2
2021-04-07,8911e442-8281-4934-8755-a60e1ed4af06,47,51,98,0,0,0,47,51,98,1,9
2021-04-07,8a76eb37-f592-4371-8cbb-6545f7781018,137,148,285,1,0,1,138,148,286,1,4
2021-04-07,8b0398cf-dd29-460c-bc09-a718583b8415,24,24,48,0,0,0,24,24,48,1,3
2021-04-07,8c035ea6-738d-4128-b0dd-f105cbc04300,157,194,351,6,1,7,163,195,358,1,7
2021-04-07,8c48bae2-e4ae-443d-bdd3-d61d61fff13b,1,0,1,0,0,0,1,0,1,1,1
2021-04-07,8dc38459-0c89-4654-9244-b7d5935e0af7,1,3,4,0,0,0,1,3,4,1,1
2021-04-07,8e4d26e6-e716-4db5-953d-52fc6e0505c5,12,1,13,2,0,2,14,1,15,1,4
2021-04-07,8f8227c6-feb1-462d-9898-80cc826cc9da,3,1,4,0,0,0,3,1,4,1,3
2021-04-07,90b6a8ad-aa65-4d00-bf8c-e76bf0730ba8,98,101,199,4,2,6,102,103,205,1,12
2021-04-07,91ebbdfc-1deb-4f18-914f-5070041b974e,0,2,2,0,0,0,0,2,2,1,1
2021-04-07,9422cd8c-7bbf-4cb5-bc6b-e4b9b1e09077,0,2,2,0,0,0,0,2,2,1,2
2021-04-07,94abf62f-05bb-4e59-9376-296a4f2b3bf7,10,13,23,0,0,0,10,13,23,1,4
2021-04-07,95771dbd-95f2-4fbb-b9b7-61c7ba3b178e,9,14,23,16,0,16,25,14,39,1,2
2021-04-07,964304b0-72a4-4357-a32f-947f1d8eb6b9,1,0,1,1,0,1,2,0,2,1,1
2021-04-07,97d6355a-a9fb-4f46-80f4-4fa9f9f3efd0,3,4,7,1,0,1,4,4,8,1,2
2021-04-07,98f6a287-2e38-4e16-9e04-1e6596122ae0,59,51,110,10,4,14,69,55,124,1,6
2021-04-07,9a3b8e43-7989-4d12-b78f-d6ef69f716be,1,1,2,0,0,0,1,1,2,1,1
2021-04-07,9b4a8aa1-21ef-4843-8d17-2d83817c9692,59,4,63,0,0,0,59,4,63,1,1
2021-04-07,9bacc301-99e1-41ef-acd2-aa674d4d3f9e,10,12,22,0,0,0,10,12,22,1,1
2021-04-07,9c8ec147-8144-425b-8841-d0fa0a211a19,53,60,113,0,0,0,53,60,113,1,6
2021-04-07,9d6f3283-6ad2-4c27-b5cf-a86a9ea9d71c,5,8,13,0,0,0,5,8,13,1,3
2021-04-07,9e88be65-7dc9-4524-92d1-f8545bb3d3e4,6,23,29,1,2,3,7,25,32,1,3
2021-04-07,9f99901c-412c-468b-9a8f-147f497959dd,33,50,83,0,0,0,33,50,83,1,12
2021-04-07,a0a4fe90-0373-4a48-a7ed-d1ec82c1750d,0,0,0,1,0,1,1,0,1,1,1
2021-04-07,a1b284e8-0626-4eff-999b-86157bef7c24,9,4,13,0,1,1,9,5,14,1,1
2021-04-07,a2746ff5-b4ff-4549-b553-9f1a81fa5a02,21,14,35,0,0,0,21,14,35,1,1
2021-04-07,a3b944f1-1a62-45ad-85ab-e36bbcd4c0f5,143,134,277,14,15,29,157,149,306,1,7
2021-04-07,a48650ba-9b12-46cf-a44d-14f721d73f6b,4,1,5,4,0,4,8,1,9,1,1
2021-04-07,a633bb32-22ea-4f55-8d0c-a9da11746fcb,0,0,0,1,0,1,1,0,1,1,1
2021-04-07,a7624839-121a-46f9-9297-22eb5e14ef22,3,0,3,0,0,0,3,0,3,1,2
2021-04-07,a8f4bf36-a127-4885-a0eb-d658630eb92c,0,1,1,0,0,0,0,1,1,1,1
2021-04-07,a97c2b2a-4a0c-4dd0-94d6-41ff3ae46f56,113,165,278,0,13,13,113,178,291,1,67
2021-04-07,aafd8b39-9682-4eba-b880-67bf567480b9,18,29,47,0,0,0,18,29,47,1,8
2021-04-07,aba66e59-e70d-4f45-bbe8-252bdfaaa5bd,2,4,6,0,0,0,2,4,6,1,1
2021-04-07,ac64d271-928a-4fde-8c7a-689a7f60bf56,5,8,13,0,0,0,5,8,13,1,1
2021-04-07,adda701c-5f47-44fd-930a-9065ceb448a9,1,2,3,0,0,0,1,2,3,1,2
2021-04-07,aede4769-68ea-4052-a030-2071caaca51f,4,1,5,0,0,0,4,1,5,1,2
2021-04-07,b058d07f-839c-4cd6-98d2-3078453e250c,1,2,3,0,0,0,1,2,3,1,3
2021-04-07,b1315c14-c28a-410d-b9e9-650045f2f76e,25,25,50,0,0,0,25,25,50,1,1
2021-04-07,b21f625c-cbd4-4110-b0c2-f1cd315fc724,57,62,119,0,0,0,57,62,119,1,7
2021-04-07,b323f474-c95d-4086-9d0b-3203473c09f0,3,0,3,0,0,0,3,0,3,1,3
2021-04-07,b537fe70-29c6-4f8d-b3de-f09b7e574c6d,3,4,7,0,0,0,3,4,7,1,2
2021-04-07,b5d62951-d9ee-4212-bebb-22a6f4ea42fa,3,0,3,2,0,2,5,0,5,1,3
2021-04-07,b795bb77-d3ee-417c-8071-397aeec8fdbb,26,23,49,0,0,0,26,23,49,1,3
2021-04-07,b97b7bd7-3b16-4fc7-beb6-1fea8acc2431,9,3,12,0,2,2,9,5,14,1,3
2021-04-07,ba2b7228-eb48-4552-bf01-ebdbf980260f,25,24,49,0,4,4,25,28,53,1,4
2021-04-07,baf2a747-5573-42e3-ab89-fa46aae3b003,42,53,95,0,0,0,42,53,95,1,6
2021-04-07,bc774b0f-8324-4740-ac8a-6d04ee8cbedb,1,0,1,0,0,0,1,0,1,1,1
2021-04-07,bddcb82e-95bc-4a21-9078-aa82a016b0e9,0,1,1,0,0,0,0,1,1,1,1
2021-04-07,c09fc0ab-639c-4d48-bfe2-6cb3e2c7a797,10,18,28,1,5,6,11,23,34,1,3
2021-04-07,c15838e0-f07c-41a1-81ba-14e5db9bceb3,28,37,65,2,0,2,30,37,67,1,9
2021-04-07,c2b1d1e2-fbbb-4b3e-a1dd-ad5e58d40388,1,0,1,0,0,0,1,0,1,1,1
2021-04-07,c37eaac0-75be-4982-8e6d-9f551cee0084,6,11,17,5,0,5,11,11,22,1,4
2021-04-07,c44b8182-98ac-4e37-ad44-9104fb3f6583,2,0,2,0,0,0,2,0,2,1,2
2022-11-08,7ee1d77b-13f8-4f56-8e89-f9d8a848e31b,1,0,1,0,0,0,1,0,1,1,1
2022-11-08,7eea3373-2c04-45a1-aef2-242a75465f5d,7,8,15,0,0,0,7,8,15,1,2
2022-11-08,7f06a221-72d3-4476-a440-16ffc0899b6c,5,0,5,0,0,0,5,0,5,1,4
2022-11-08,7f238e37-0f93-4221-8a7e-2d883a251438,1,11,12,23,13,36,24,24,48,1,6
2022-11-08,7f49b2eb-dcf2-4dad-9c45-673715d9d486,4,0,4,0,0,0,4,0,4,1,3
2022-11-08,7f7d7408-528a-45f6-8f61-70376f568d04,20,18,38,4,7,11,24,25,49,1,5
2022-11-08,7fafc308-5e4f-4a11-8109-8511a2377743,2,1,3,1,0,1,3,1,4,1,2
2022-11-08,7fc3c419-1f00-4248-a99d-4dfa86979c2c,346,394,740,19,14,33,365,408,773,1,15
2022-11-08,7ff3c2ed-bc6e-429d-877c-91219b7cbe23,6,8,14,0,1,1,6,9,15,1,1
2022-11-08,800f1989-4e95-4129-b01f-4a336c0d2589,6,3,9,0,0,0,6,3,9,1,1
2022-11-08,8032ca5f-9bd8-4882-83ec-df2f90ff65bf,186,158,344,107,13,120,293,171,464,1,6
2022-11-08,8055b618-ee4d-4552-aaea-55712758821f,22,29,51,0,0,0,22,29,51,1,3
2022-11-08,806a39d3-64b2-45de-9bdd-8d0ffcba1d15,36,75,111,2,5,7,38,80,118,1,8
2022-11-08,80bae56d-04dd-47ab-ab53-9d42710bf5f2,13,14,27,7,6,13,20,20,40,1,6
2022-11-08,80d627d8-27f4-4ebe-846e-0448e47eaced,25,6,31,29,0,29,54,6,60,1,6
2022-11-08,80e9fb61-34ec-4b93-baab-00e29729c736,7,6,13,5,0,5,12,6,18,1,5
2022-11-08,8109057b-405f-45f8-b75b-c4f18cf58c88,37,40,77,0,0,0,37,40,77,1,15
2022-11-08,81261cda-9089-4575-8100-1edfee334b05,61,49,110,1,0,1,62,49,111,1,6
2022-11-08,813e586a-40b4-4537-b86a-9f279ca5df48,2,0,2,20,1,21,22,1,23,1,6
2022-11-08,815aa29b-68e3-4678-85d5-1ae2c611534e,11,8,19,5,2,7,16,10,26,1,6
2022-11-08,81979433-d98a-45ef-8423-f5a367acd1a2,10,10,20,0,0,0,10,10,20,1,2
2022-11-08,81c8d419-aa01-439b-b065-c2defbf53231,5,7,12,0,2,2,5,9,14,1,3
2022-11-08,81de787f-5c90-4a38-80aa-d37a325161c5,2,4,6,2,1,3,4,5,9,1,4
2022-11-08,81fd38de-ad7a-4b67-bc15-9026544a990d,4,3,7,18,2,20,22,5,27,1,5
2022-11-08,821fe7ab-7ac8-4a4a-8366-69cff0107974,5,8,13,0,1,1,5,9,14,1,3
2022-11-08,82622822-5dcc-4dbf-838e-29accddd2312,16,8,24,5,0,5,21,8,29,1,3
2022-11-08,82919534-f988-42d2-a43c-612f1c1a3a9f,19,24,43,19,13,32,38,37,75,1,3
2022-11-08,82a7ecfa-82d0-43cc-a63f-81aa693f9f54,2,1,3,0,0,0,2,1,3,1,1
2022-11-08,82b8747a-eb90-4a97-8582-0c8636c5ce92,20,11,31,0,1,1,20,12,32,1,6
2022-11-08,82da602d-3d51-4791-964c-6a951d4cc984,2,5,7,4,4,8,6,9,15,1,3
2022-11-08,82ffc55d-b906-4501-ab85-8f40ad375c15,10,12,22,13,7,20,23,19,42,1,7
2022-11-08,832b0635-f920-4407-be88-e773f8dd33ac,9,2,11,33,3,36,42,5,47,1,5
2022-11-08,835b331c-3c81-40b3-b353-9f188878ed7d,1,4,5,0,0,0,1,4,5,1,2
2022-11-08,8377530f-6ce2-415d-904c-539ef5041001,82,43,125,2,6,8,84,49,133,1,3
2022-11-08,83898efa-b93d-43cc-85c7-a72564059a19,10,14,24,2,0,2,12,14,26,1,6
2022-11-08,83920e83-28c5-461e-abc0-759273548f84,13,24,37,13,3,16,26,27,53,1,5
2022-11-08,83a285b6-667b-4c65-82b4-b9d7b969d221,4,9,13,1,0,1,5,9,14,1,2
2022-11-08,83bf0f3f-6dd4-41d3-9aca-ff9c1447dffa,6,12,18,0,0,0,6,12,18,1,3
2022-11-08,83d76136-db39-405c-bc9f-ecb434dec71e,11,20,31,34,14,48,45,34,79,1,10
2022-11-08,83f18ef1-17e6-4ac0-a4a2-d35a70e926a7,11,9,20,2,0,2,13,9,22,1,4
2022-11-08,841965f1-0d2b-43b9-beaf-997cd3d772df,2,7,9,8,5,13,10,12,22,1,3
2022-11-08,844f7b1c-6bf1-4715-acf9-235f42e4d4de,1,0,1,0,0,0,1,0,1,1,1
2022-11-08,8478fb06-688e-4dde-9238-db11e516cf5f,5,3,8,1,0,1,6,3,9,1,1
2022-11-08,849d7920-8d70-4eb6-9d79-02953f78a0e1,9,20,29,26,7,33,35,27,62,1,8
2022-11-08,84ba0dd1-f112-4272-991e-419b1477b9c2,86,98,184,3,9,12,89,107,196,1,15
2022-11-08,84d92498-526b-4bd4-929f-1d1e88631817,98,92,190,2,1,3,100,93,193,1,3
2022-11-08,8505cf42-f2e7-4bdf-8a33-ba99c00dc7f8,3,0,3,1,0,1,4,0,4,1,4
2022-11-08,85184d1d-b650-4cc5-8069-27f6fc78a16e,1,0,1,3,0,3,4,0,4,1,2
2022-11-08,853bdb90-3269-4597-82c2-994cca94025a,0,0,0,0,2,2,0,2,2,1,2
2022-11-08,85488302-9f92-46ae-adcb-23531aba8711,36,31,67,22,13,35,58,44,102,1,8
2022-11-08,855b9ec0-810f-48a5-8062-8d765ae1f50e,28,19,47,65,6,71,93,25,118,1,7
2022-11-08,85735010-bde5-4ff1-b087-4581202919ca,3,3,6,0,0,0,3,3,6,1,2
2022-11-08,8594944c-1648-4631-92b6-6c992b1a8bbf,14,29,43,3,3,6,17,32,49,1,3
2022-11-08,85a2b8f5-aec6-4bee-a493-97af5194650f,24,25,49,11,3,14,35,28,63,1,15
2022-11-08,85c14dde-8f17-4f64-9699-98199559eb8c,123,145,268,8,16,24,131,161,292,1,7
2022-11-08,85d00f2a-12f5-4971-9581-1407fdaee489,7,10,17,0,0,0,7,10,17,1,3
2022-11-08,85f17852-3b16-4c5a-88fc-65e996408467,20,18,38,1,0,1,21,18,39,1,2
2022-11-08,861207c1-77e8-434c-b417-161afc065e96,9,13,22,0,0,0,9,13,22,1,3
2022-11-08,862b70db-ea6e-45fe-b2a1-2742d1484157,25,23,48,1,0,1,26,23,49,1,3
2022-11-08,866ce1ef-489c-496f-b9f2-909093d569ae,1,0,1,0,0,0,1,0,1,1,1
2022-11-08,867bed8f-162a-41f7-900a-4959004fc98d,38,27,65,1,0,1,39,27,66,1,2
2022-11-08,8698e8df-2d1f-4a72-a226-b740278b6d91,0,3,3,0,0,0,0,3,3,1,1
2022-11-08,86bf2a3b-8416-4e27-a4cd-3b0db37b030b,5,5,10,0,0,0,5,5,10,1,3
2022-11-08,86f38933-1f42-4c96-9c52-f7b97c319dd9,11,12,23,0,1,1,11,13,24,1,2
2022-11-08,871ae71d-9d85-4591-9280-73711867bb60,5,1,6,0,0,0,5,1,6,1,3
2022-11-08,8741e78a-5136-4642-9cc2-712ffdb93cc5,19,16,35,542,55,597,561,71,632,1,7
2022-11-08,8754c9a5-7647-4cc9-8950-f2246bc7fc56,0,2,2,0,1,1,0,3,3,1,1
2022-11-08,8762d503-985f-492c-8f99-78ef2194495f,10,6,16,4,2,6,14,8,22,1,4
2022-11-08,87881b85-73a2-4820-b0ce-d7726360f41c,54,79,133,0,0,0,54,79,133,1,6
2022-11-08,87a7f463-16fc-4334-89a4-f0b87d2940c3,5,5,10,15,4,19,20,9,29,1,5
2022-11-08,87c79846-bdb0-4125-9263-c48fce5da8cf,0,0,0,8,0,8,8,0,8,1,1
2022-11-08,87da8976-00dd-4733-b36d-1db83724b741,9,19,28,0,0,0,9,19,28,1,3
2022-11-08,87ef29b8-1010-4517-8f3d-94662a6fac36,0,0,0,0,1,1,0,1,1,1,1
2022-11-08,881be4be-e7c7-45f2-973d-d221dc6402e5,5,9,14,2,0,2,7,9,16,1,1
2022-11-08,884bd143-42b5-4c2e-8613-f64bd12a46af,6,4,10,9,0,9,15,4,19,1,4
2022-11-08,887285b3-34e3-4ec9-9224-f595b161b05d,7,4,11,12,1,13,19,5,24,1,5
2022-11-08,88875343-1b98-4a8a-b169-bd2e734f4e32,10,2,12,0,0,0,10,2,12,1,1
2022-11-08,88bf4dca-daef-4688-84d6-edd9994bb2c8,2,1,3,0,0,0,2,1,3,1,1
2022-11-08,88cb09e5-f1e5-4f68-938c-4cc90ac2c4a1,2,0,2,2,0,2,4,0,4,1,3
2022-11-08,8908d81e-7040-42d6-9c66-7884ce753d5c,10,22,32,2,2,4,12,24,36,1,4
2022-11-08,8913d85a-d222-4928-89a1-05106a689a52,13,17,30,1,2,3,14,19,33,1,2
2022-11-08,891d3361-4130-449d-8f16-485d1f24ca8e,39,68,107,1,2,3,40,70,110,1,12
2022-11-08,892be042-fe0c-4e4f-9eca-70b7d34887d6,11,9,20,0,0,0,11,9,20,1,5
2022-11-08,8946220e-7712-4bfa-aaf2-778c1293bd31,4,3,7,0,0,0,4,3,7,1,3
2022-11-08,896fdf61-21af-4eb0-94c8-3e93daa97214,4,3,7,1,1,2,5,4,9,1,3
2022-11-08,89b693d4-5131-4912-96eb-6d1a6d9fc4c3,10,27,37,1,1,2,11,28,39,1,3
2022-11-08,89e486f5-94d5-40a9-9a2b-16c2337545e5,8,5,13,11,3,14,19,8,27,1,3
2022-11-08,8a2d1ade-4954-47eb-8b24-876c12264a54,11,9,20,0,0,0,11,9,20,1,1
2022-11-08,8a570dc6-99e5-4292-a607-ebb7b91cf323,43,53,96,6,1,7,49,54,103,1,8
2022-11-08,8a70d54f-66f6-460f-88c3-ed8b728015d1,6,11,17,0,2,2,6,13,19,1,7
2022-11-08,8a76eb37-f592-4371-8cbb-6545f7781018,95,82,177,7,0,7,102,82,184,1,8
2022-11-08,8a90282d-0a55-4f53-b485-6e0a7763bfd3,6,6,12,20,5,25,26,11,37,1,5
2022-11-08,8ab87767-fd7b-410f-a0b6-6f9520e0ca29,0,3,3,7,0,7,7,3,10,1,2
2022-11-08,8ac6de8b-5223-42bb-bd64-90cdcbf9a41d,222,240,462,21,1,22,243,241,484,1,12
2022-11-08,8afbd7f2-c5d6-4650-8021-d7879763387e,10,16,26,3,2,5,13,18,31,1,5
2022-11-08,8b1d644a-c63b-4566-a69a-d0121072fce3,0,2,2,0,0,0,0,2,2,1,1
2022-11-08,8b3b13ff-3271-49ad-b0e1-55162b7641c2,122,151,273,7,20,27,129,171,300,1,13
2022-11-08,8b5842b4-f214-4f1d-a0ba-88fa6ba6ef20,31,22,53,10,2,12,41,24,65,1,6
2022-11-08,8b86eafe-629d-4775-912b-d47f4b885de6,2,0,2,1,0,1,3,0,3,1,2
2022-11-08,8b8af48f-8519-4be1-bd95-0d88037af394,4,2,6,0,0,0,4,2,6,1,2
2022-11-08,8b9d49e0-b854-49f9-9766-85511737ba67,4,3,7,0,0,0,4,3,7,1,1
2022-11-08,8bccd2ba-0dc4-402f-8c6b-a46a2ebbdcac,23,18,41,4,1,5,27,19,46,1,7
2022-11-08,8c167ea4-bd59-4b5d-8b08-90964c6bc280,1,5,6,0,0,0,1,5,6,1,1
2022-11-08,8c24158d-c7f9-4dd4-bb9c-6d5c68be2ef1,1,0,1,1,0,1,2,0,2,1,2
2022-11-08,8c4c8d0a-4532-41a1-8662-d99475242685,28,25,53,3,2,5,31,27,58,1,7
2022-11-08,8c80b2c5-07b9-4062-bbac-f5c4d681d576,4,5,9,0,0,0,4,5,9,1,4
2022-11-08,8cad081d-3103-4966-9036-e341a37b6d1c,10,8,18,22,0,22,32,8,40,1,7
2022-11-08,8cb8e1e3-62c4-4891-96b4-18de0b3bee89,1,0,1,1,0,1,2,0,2,1,2
2022-11-08,8cd0e1bd-db2c-4228-ad59-3f096e2bd084,85,96,181,68,58,126,153,154,307,1,10
2022-11-08,8cd998f5-fbca-4bb1-af03-361bed90a62d,1,0,1,0,0,0,1,0,1,1,1
2022-11-08,8ce79832-38e1-47cc-881c-21287af5538e,22,25,47,5,0,5,27,25,52,1,12
2022-11-08,8d0a7efe-0b4e-4ff1-95b4-8ff3b5290e16,37,46,83,75,44,119,112,90,202,1,8
2022-11-08,8d23b07a-c880-42e2-a45e-31cb71d40a45,5,20,25,4,3,7,9,23,32,1,1
2022-11-08,8d4b0506-33a9-4039-ad3f-cf219346fca7,15,8,23,3,0,3,18,8,26,1,6
2022-11-08,8d5d2cf5-8c48-4f01-98d8-7210792b50b8,1,0,1,1,0,1,2,0,2,1,2
2022-11-08,8d8d4cfa-6ac8-45f2-94b8-3e31f7bab799,11,11,22,2,0,2,13,11,24,1,7
2022-11-08,8daff2f4-b51a-4cf7-b2e7-a88f170229b7,38,39,77,8,19,27,46,58,104,1,7
2022-11-08,8dd08a59-a062-4f6f-8f65-d6c5cb710470,3,5,8,1,1,2,4,6,10,1,2
2022-11-08,8de7050d-0b43-471a-8c47-2acde609b893,32,102,134,5,1,6,37,103,140,1,3
2022-11-08,8e04f53d-428d-4ef2-813c-273451acfdfd,10,7,17,0,0,0,10,7,17,1,2
2022-11-08,8e31b45c-bc89-4e1f-9f9f-12adedf21a1c,1,2,3,18,15,33,19,17,36,1,6
2022-11-08,8e4b55bc-4d3d-4d19-98a8-1fe22b32b8dd,1,0,1,0,0,0,1,0,1,1,1
2022-11-08,8e710abe-873b-4d19-99d7-aa65edd0ce25,11,9,20,0,0,0,11,9,20,1,5
2022-11-08,8e8bf874-7f15-4305-9164-f3e0573a8587,0,0,0,2,0,2,2,0,2,1,1
2022-11-08,8e9e0c5b-dc96-4139-956d-73eaf054ca52,1,0,1,0,0,0,1,0,1,1,1
2022-11-08,8eb70e77-6491-4ca8-9f96-072a7b92760e,3,2,5,5,4,9,8,6,14,1,2
2022-11-08,8ed1ceeb-2fdf-44ba-ac41-9d5cfc799336,2,0,2,10,0,10,12,0,12,1,3
2022-11-08,8ef30e10-47ac-4a5a-893b-b66a0d4e042a,19,37,56,0,2,2,19,39,58,1,7
2022-11-08,8f0f457e-0e62-4858-94a1-8f0a63c7d84e,121,151,272,1,12,13,122,163,285,1,21
2022-11-08,8f19fff3-4000-4a46-92cb-41c6199bdfad,12,19,31,1,3,4,13,22,35,1,1
2022-11-08,8f37d063-b212-4689-ab30-9b1340c1bede,66,94,160,10,7,17,76,101,177,1,9
2022-11-08,8f67f1d0-79e0-4fce-bb97-39ac6b51297d,20,30,50,3,0,3,23,30,53,1,7
2022-11-08,8f931bd6-54eb-4994-a0a7-125339c0a87a,11,8,19,0,1,1,11,9,20,1,1
2022-11-08,8fb525a6-37d7-4edf-ae4a-76de6d9fecf0,3,3,6,0,0,0,3,3,6,1,2
2022-11-08,8fcb9c81-ded7-4f25-b1a4-0664a43f096b,67,110,177,15,1,16,82,111,193,1,11
2022-11-08,90009a31-ddff-4fd1-83fb-3090c6f3a5b7,2,4,6,1,0,1,3,4,7,1,2
2022-11-08,900d28bc-86c7-474e-94c3-1e3d4c9b43f5,2,1,3,2,0,2,4,1,5,1,1
2022-11-08,90551618-07a3-451e-aae3-4f83eca98fa1,17,20,37,0,0,0,17,20,37,1,8
2022-11-08,90661400-420e-4c35-9064-8a41c3303eb9,5,10,15,1,1,2,6,11,17,1,5
2022-11-08,9071de2f-98f9-4fd5-b45b-4bd8e69cf941,166,158,324,2,13,15,168,171,339,1,9
2022-11-08,909b81e8-d90d-411f-a758-f92efb2b12f6,51,49,100,1,0,1,52,49,101,1,10
2022-11-08,90a96074-9dd1-44c0-b372-71770e9b405d,199,341,540,10,22,32,209,363,572,1,4
2022-11-08,90bc3d90-53c0-4c6d-822d-a6c4a9c8afa1,4,4,8,0,0,0,4,4,8,1,2
2022-11-08,90d2c578-4192-4863-a5b9-6fa5f0db3cc9,19,20,39,0,0,0,19,20,39,1,3
2022-11-08,90f11762-1441-406b-b8e7-fc4f3e87d056,10,5,15,0,0,0,10,5,15,1,4
2022-11-08,910aee46-e07f-4229-bc6c-fd5d49144b09,10,1,11,117,23,140,127,24,151,1,6
2022-11-08,911acf36-e1e6-4117-8c3e-35e7543bf5fc,4,2,6,0,0,0,4,2,6,1,1
2022-11-08,91276db3-a32a-44e5-b98f-2c2a6523de4b,14,9,23,7,0,7,21,9,30,1,13
2022-11-08,9146bb10-b097-4291-a8e2-4ecd672ced73,112,147,259,0,24,24,112,171,283,1,7
2022-11-08,9163c95f-39bb-4e21-bebe-294afc5c35b8,1,1,2,47,0,47,48,1,49,1,2
2022-11-08,917d7d96-4013-4d1b-9817-80497b6cb160,1,0,1,0,0,0,1,0,1,1,1
2022-11-08,9197c25a-536c-4175-862f-4ab38eb762cf,55,48,103,2,0,2,57,48,105,1,8
2022-11-08,91bcf87e-b17a-45e4-ba34-6a09261920a7,19,16,35,0,0,0,19,16,35,1,5
2022-11-08,91def33a-379f-4207-864e-91fe4d38385c,9,26,35,0,0,0,9,26,35,1,3
2022-11-08,91fa4d3a-b892-4176-8410-2c71c41c7a22,1,0,1,0,0,0,1,0,1,1,1
2022-11-08,9228c237-6d62-480c-8a88-5d7d3d9ecebe,3,1,4,125,33,158,128,34,162,1,3
2022-11-08,92321c41-70be-478e-878d-a1f605f2dba1,3,0,3,0,0,0,3,0,3,1,2
2022-11-08,9246acf6-0723-44c8-aa6c-286312f8b927,0,0,0,0,2,2,0,2,2,1,1
2022-11-08,926845c5-9a67-4f4b-837d-49c2380523ea,2,4,6,0,0,0,2,4,6,1,1
2022-11-08,927ffa7b-8158-4b07-b475-3960f3b8e1a8,0,1,1,67,26,93,67,27,94,1,3
2022-11-08,9293b3e7-c31e-4053-abf0-df466a24698b,15,14,29,0,0,0,15,14,29,1,4
2022-11-08,92c5a9f5-3359-4b21-b014-4aa503d5907f,54,68,122,4,3,7,58,71,129,1,6
2022-11-08,92ece675-0575-497a-ab2d-3833af24c11b,21,18,39,7,8,15,28,26,54,1,6
2022-11-08,930e8b31-b20d-4ebe-b03d-7b362a7e4bc1,1,1,2,0,0,0,1,1,2,1,1
2022-11-08,9348c645-1bcc-4892-a3d2-b77a7f5d2b32,7,7,14,0,0,0,7,7,14,1,1
2022-11-08,93599fe0-6be4-428b-84ce-4c921c7830f4,2,1,3,15,1,16,17,2,19,1,6
2022-11-08,936f705e-9a61-4d2d-9bac-18a45ef35a66,24,30,54,0,2,2,24,32,56,1,4
2022-11-08,93920209-460f-4592-9221-97eba076c869,0,4,4,0,0,0,0,4,4,1,1
2022-11-08,93b5d72a-5210-4700-ab25-6206d7f82a67,15,7,22,0,0,0,15,7,22,1,3
2022-11-08,93e803f8-acd3-4c83-8c0d-05572e911cfd,147,151,298,2,4,6,149,155,304,1,5
2022-11-08,941ecd65-7814-4866-b282-755350009b42,2,3,5,0,0,0,2,3,5,1,2
2022-11-08,94481d6b-400c-4548-a28a-3498e5657fdc,0,0,0,1,0,1,1,0,1,1,1
2022-11-08,94515387-1af7-49b5-b3d3-e9e17dda1a21,361,431,792,1,6,7,362,437,799,1,12
2022-11-08,946d6673-1304-4935-84a2-d74cc862792d,13,18,31,27,40,67,40,58,98,1,6
2022-11-08,947c8061-4643-43dc-bae0-785c7f17f82d,3,12,15,0,0,0,3,12,15,1,1
2022-11-08,94b14045-4d58-439a-82cd-2e354891d745,9,14,23,31,17,48,40,31,71,1,10
2022-11-08,94bc10d4-a7c8-41ac-918e-1a065a011524,2,0,2,0,0,0,2,0,2,1,1
2022-11-08,94c95d1a-42ae-43db-9896-4d256a10a982,29,29,58,0,1,1,29,30,59,1,5
2022-11-08,94db0424-f78b-4bed-a38f-34b8d8ccb595,1,2,3,17,8,25,18,10,28,1,2
2022-11-08,94fa2121-17c6-4b70-9ba8-df5cb1adb320,6,2,8,0,0,0,6,2,8,1,2
2022-11-08,951296dd-c1df-4fa6-b7c2-8e997b8c4d9f,1,0,1,0,0,0,1,0,1,1,1
2022-11-08,952e9ad1-a544-4d8f-9a6a-017c76a3323f,5,5,10,0,0,0,5,5,10,1,3
2022-11-08,956f2aa3-3400-4761-bc81-25d9d6916898,5,2,7,0,0,0,5,2,7,1,2
2022-11-08,9581fdcb-9b3b-4ea0-b3cc-fbd38cd74758,11,15,26,5,3,8,16,18,34,1,9
2022-11-08,95a73782-3ec7-45a9-8013-bc07763cde7e,1,0,1,3,0,3,4,0,4,1,2
2022-11-08,95b70eb2-ea3f-4fb4-a50d-1725967f22aa,1,1,2,0,0,0,1,1,2,1,1
2022-11-08,9615e8a6-676a-4ba8-bb81-9b3fa39e59b6,1,0,1,0,0,0,1,0,1,1,1
2022-11-08,962902cc-73d2-48d5-9caf-8ab9505c07da,64,73,137,2,2,4,66,75,141,1,9
2022-11-08,964558d2-e224-4793-b166-93811537ac2e,12,21,33,0,0,0,12,21,33,1,3
2022-11-08,967d350e-ef8c-4d47-b916-7c4ab6d0baa3,51,71,122,1,3,4,52,74,126,1,5
2022-11-08,96877158-2d7d-4ad4-8d9e-56849a09dff8,5,3,8,0,0,0,5,3,8,1,2
2022-11-08,96bb63ce-6f41-478f-a81b-d19639531003,12,11,23,11,2,13,23,13,36,1,9
2022-11-08,96ecc997-b989-4376-87f7-8d84e78d79dc,1,3,4,0,1,1,1,4,5,1,2
2022-11-08,97010936-1340-4baa-8b42-d6b60064a708,17,14,31,0,0,0,17,14,31,1,4
2022-11-08,971f1e82-4d1d-4633-a301-739c67b949d9,47,37,84,2,1,3,49,38,87,1,6
2022-11-08,97312427-678f-46d2-a7de-006bce9a39af,28,25,53,2,0,2,30,25,55,1,3
2022-11-08,97403678-9af3-46b9-b8c1-cb2da55786ee,0,0,0,1,0,1,1,0,1,1,1
2022-11-08,9762e5a4-b72b-4b15-b0ce-c2a44a6ba1e6,32,35,67,1,3,4,33,38,71,1,6
2022-11-08,97870c61-5ae0-43ad-8b26-5830db7df1e9,4,0,4,0,0,0,4,0,4,1,1
2022-11-08,979b1b21-4849-4b5a-91f4-710418ce1284,1,0,1,0,0,0,1,0,1,1,1
2022-11-08,97db02a9-c0bc-456b-acee-521ac9bb1ad6,12,12,24,1,0,1,13,12,25,1,4
2022-11-08,97f3e8e4-d539-489b-bf9b-c188d82313aa,4,2,6,0,0,0,4,2,6,1,3
2022-11-08,98359130-67c7-4859-84b6-285940d0feaf,1,0,1,0,0,0,1,0,1,1,1
2022-11-08,9873fa6d-870b-4214-bd94-387b12529c1a,9,0,9,5,0,5,14,0,14,1,2
2022-11-08,98b742ad-f034-450e-8529-c7d9fa6ba891,3,2,5,0,0,0,3,2,5,1,1
2022-11-08,98c29f23-947d-442e-ad64-556d3b78f91a,2,2,4,4,0,4,6,2,8,1,2
2022-11-08,98d14b1b-b548-4e94-9d10-e32db9e1fd15,3,5,8,0,0,0,3,5,8,1,2
2022-11-08,98e9bfe6-8e16-4734-88b5-394855eff836,0,0,0,1,0,1,1,0,1,1,1
2022-11-08,98f6379c-bc20-4e6e-9f15-b3fefacf2316,2,0,2,0,0,0,2,0,2,1,2
2022-11-08,9923017b-d45c-4b16-ad5f-8d445780a072,8,8,16,6,0,6,14,8,22,1,3
2022-11-08,994a8a0f-a79c-4c99-9b6a-e7c3ace9e6ef,9,8,17,0,2,2,9,10,19,1,5
2022-11-08,99720fd2-57b4-4a65-94a8-57af6b97dd1c,39,24,63,0,0,0,39,24,63,1,2
2022-11-08,999f4f87-18f6-45df-999e-344a153be6bd,9,5,14,4,1,5,13,6,19,1,7
2022-11-08,99c7513b-fb79-431b-a011-caadf8a9671f,0,0,0,6,0,6,6,0,6,1,1
2022-11-08,99e61211-7478-4774-aaee-b2ff552d8a43,72,95,167,63,22,85,135,117,252,1,8
2022-11-08,9a105a91-0b58-47d7-a8ec-b282a572d540,4,0,4,0,0,0,4,0,4,1,4
2022-11-08,9a328754-fe15-4811-b5f5-4ebd8789fca8,31,19,50,3,0,3,34,19,53,1,5
2022-11-08,9a53d337-1a0f-433f-8667-0183425406f5,1,0,1,0,0,0,1,0,1,1,1
2022-11-08,9a800472-e892-4e2f-917f-50ac627ef63f,30,33,63,1,0,1,31,33,64,1,7
2022-11-08,9a99f665-8fe9-4e6f-92e9-6968f0be8710,21,24,45,0,0,0,21,24,45,1,3
2022-11-08,9ac9f1e6-6e11-4355-9c32-80618de1a368,0,0,0,23,38,61,23,38,61,1,1
2022-11-08,9ae0bcd8-1d74-4b56-9b95-462fb97db2d4,21,16,37,1,0,1,22,16,38,1,6
2022-11-08,9afb8a10-a288-452e-bdd3-761d88dafa0a,3,6,9,1,0,1,4,6,10,1,3
2022-11-08,9b0e5e73-0072-41e4-890e-058494fa2267,28,30,58,7,8,15,35,38,73,1,10
2022-11-08,9b1b35b7-7d11-414a-91fa-05dc0171f4e0,1,0,1,0,0,0,1,0,1,1,1
2022-11-08,9b353030-3436-4e7c-987e-e5fe2f90006a,82,123,205,10,14,24,92,137,229,1,11
2022-11-08,9b614bf8-9858-4219-b1ac-13840468edc5,19,17,36,8,8,16,27,25,52,1,4
2022-11-08,9b72d904-a402-4ffd-b91d-77f666c9c854,4,11,15,1,1,2,5,12,17,1,5
2022-11-08,9b7df9be-045d-4109-9b39-34fc454ecc4a,9,25,34,1,6,7,10,31,41,1,2
2022-11-08,9b8ddf17-a15a-491c-86a5-56b55340f8ad,1,0,1,0,0,0,1,0,1,1,1
2022-11-08,9b9c6a57-bf28-464d-a2af-2c616beb1b12,15,22,37,1,0,1,16,22,38,1,7
2022-11-08,9bbd1d81-a546-4ec6-968b-e302021b17c4,4,7,11,0,0,0,4,7,11,1,3
2022-11-08,9bea1e0e-72dd-4326-827a-682b31166584,23,34,57,4,0,4,27,34,61,1,4
2022-11-08,9c1fbfb8-99e0-48ea-bc5d-5bab499faf25,0,14,14,0,0,0,0,14,14,1,1
2022-11-08,9c3b29fa-32a8-4629-b545-810b1fa68e3d,18,12,30,0,0,0,18,12,30,1,3
2022-11-08,9c757c43-ee01-4492-8ef7-e15ee1fa179e,43,63,106,0,0,0,43,63,106,1,5
2022-11-08,9c808e7e-740c-4692-82ef-5f20806a50d5,1,0,1,0,0,0,1,0,1,1,1
2022-11-08,9ccc870c-d259-4c31-b786-af6bdf791a1a,1,32,33,1,0,1,2,32,34,1,1
2022-11-08,9ceecf21-fc6a-41ae-969b-696ff6bb2770,52,37,89,2,0,2,54,37,91,1,6
2022-11-08,9d0482ae-fc98-466a-b1c8-954d3569286d,0,1,1,0,0,0,0,1,1,1,1
2022-11-08,9d36bd52-a160-425f-9614-536f052c6824,7,11,18,1,0,1,8,11,19,1,1
2022-11-08,9d48c925-d510-4ab9-ace1-383a2ec2353d,7,8,15,0,0,0,7,8,15,1,6
2022-11-08,9d574c5c-6bd9-478d-9a8f-f2ed8fb64f37,1,3,4,0,0,0,1,3,4,1,1
2022-11-08,9d5ec843-4bb8-48fb-9639-6b73d14fd613,5,12,17,17,3,20,22,15,37,1,5
2022-11-08,9d9bab77-ce56-473b-a6ac-90f3b3bb97bb,4,4,8,1,0,1,5,4,9,1,1
2022-11-08,9daf428c-8577-480b-9bcf-59b3b819fbd7,4,7,11,12,2,14,16,9,25,1,7
2022-11-08,9deea1e8-e3be-406d-b23c-ebadd6597210,9,14,23,3,2,5,12,16,28,1,4
2022-11-08,9dfeac3a-5904-4d63-ae3c-eac4229f19a5,6,12,18,0,0,0,6,12,18,1,4
2022-11-08,9e1d97e0-0c22-4def-8aaa-b9906a9f6f62,12,15,27,1,0,1,13,15,28,1,3
2022-11-08,9e489de8-cdd8-4d7b-801b-8232fc265cc8,9,5,14,3,0,3,12,5,17,1,4
2022-11-08,9e720119-8304-4268-a222-b92be575992c,39,40,79,5,1,6,44,41,85,1,5
2022-11-08,9e91b942-64fe-44ee-b32b-45a90815e15a,12,0,12,0,0,0,12,0,12,1,7
2022-11-08,9ea4c415-deac-4d7a-a94b-508f2305e851,24,41,65,0,1,1,24,42,66,1,1
2022-11-08,9ece1ef4-01c4-488a-a2ef-f5ee89360de1,4,5,9,0,0,0,4,5,9,1,2
2022-11-08,9eea4b8a-ad87-42e8-a3cf-b0d29e49aefd,5,5,10,1,1,2,6,6,12,1,5
2022-11-08,9f0f594a-a18c-47f8-a52c-463ecf1c2da4,0,0,0,1,0,1,1,0,1,1,1
2022-11-08,9f21b153-c8f0-4132-aa8e-4705da11412d,1,0,1,0,0,0,1,0,1,1,1
2022-11-08,9f29fed7-b7e3-4b48-92dc-c7d37571ab9b,24,17,41,17,0,17,41,17,58,1,6
2022-11-08,9f3d42ad-9409-4305-924d-e9b166c0de12,5,6,11,0,1,1,5,7,12,1,3
2022-11-08,9f6fa069-2412-47a8-a8a8-deb90f9b06da,5,2,7,0,0,0,5,2,7,1,2
2022-11-08,9f90233e-49ea-4393-b37d-7aa95bcbb0d5,1,1,2,0,0,0,1,1,2,1,1
2022-11-08,9fa99be6-9e38-4098-96b9-66a6d896dc57,12,3,15,0,0,0,12,3,15,1,1
2022-11-08,9fc08927-1f72-40b2-80bc-eab0fb4f3dd0,50,47,97,116,50,166,166,97,263,1,11
2022-11-08,a0069cef-cc4b-4af8-8634-71c0eec81435,8,5,13,1,0,1,9,5,14,1,2
2022-11-08,a00e9b7a-7cdb-49d0-82af-6d8c4d9458a8,20,43,63,0,3,3,20,46,66,1,5
2022-11-08,a030557b-b8b9-407b-b1c6-35290faedafd,12,12,24,85,11,96,97,23,120,1,4
2022-11-08,a04706c3-e02d-4067-8fbc-c3b7c496b003,0,0,0,0,4,4,0,4,4,1,4
2022-11-08,a092b1f6-6ceb-449b-9a5e-9e771be1cd4a,17,16,33,1,0,1,18,16,34,1,6
2022-11-08,a0ba7a95-00e0-46bf-b5f4-bf12cd933b0b,98,111,209,162,16,178,260,127,387,1,12
2022-11-08,a0e44f97-e2a3-4a2f-9925-e8141a0116ef,19,19,38,1,6,7,20,25,45,1,9
2022-11-08,a104e25f-1660-45d3-b68f-60ab24ab4052,1,3,4,0,0,0,1,3,4,1,2
2022-11-08,a1334866-56c7-406b-acb5-a93357ed385e,167,156,323,4,1,5,171,157,328,1,3
2022-11-08,a1655270-5a10-462d-99f8-198f23148035,11,13,24,126,47,173,137,60,197,1,9
2022-11-08,a16b03b3-3169-4e98-be2e-98b07ba48276,96,212,308,1,21,22,97,233,330,1,6
2022-11-08,a184c4f9-e4b0-4fc5-834c-c95528ffe6f8,47,60,107,3,0,3,50,60,110,1,6
2022-11-08,a1b34b55-931d-4b61-ac45-c7cb3585c24c,4,0,4,0,0,0,4,0,4,1,4
2022-11-08,a1f7adad-fdc0-4f52-a14e-6a8ccbe37936,1,0,1,0,0,0,1,0,1,1,1
2022-11-08,a219f980-6301-4cb3-8a4e-67f1eb2d972b,51,51,102,68,2,70,119,53,172,1,7
2022-11-08,a249d2c4-0705-44b3-976a-3eaf9d502726,2,3,5,0,0,0,2,3,5,1,1
2022-11-08,a2645127-2c6a-431f-90d7-581013ff400d,32,43,75,2,4,6,34,47,81,1,3
2022-11-08,a276ba31-4dac-4b8e-ba71-adce523ce63e,14,17,31,2,0,2,16,17,33,1,7
2022-11-08,a2a6798c-3066-481b-8b06-d727a25ea953,2,0,2,17,0,17,19,0,19,1,4
2022-11-08,a2ce03cc-0d6c-4815-afdb-6d75bbc6a9b8,12,12,24,5,2,7,17,14,31,1,8
2022-11-08,a2f05a3d-280c-4331-af60-e093469661cc,3,6,9,0,0,0,3,6,9,1,3
2022-11-08,a302c18b-e1a2-4d1b-b1b2-3372cabb30cc,71,54,125,162,36,198,233,90,323,1,12
2022-11-08,a32dd994-28c6-4408-84b5-dbdf7162b61e,15,8,23,15,2,17,30,10,40,1,10
2022-11-08,a35df22b-fa1f-4ee2-a679-9432892d85c4,110,139,249,71,33,104,181,172,353,1,12
2022-11-08,a37c2e4f-25ca-4c36-a38a-777f855248f0,0,0,0,2,0,2,2,0,2,1,1
2022-11-08,a3903d82-2c5c-46f5-8b88-30f9c97e4af2,60,62,122,1,1,2,61,63,124,1,10
2022-11-08,a3ac683b-7619-4cfa-b292-52370883cb33,12,11,23,0,3,3,12,14,26,1,6
2022-11-08,a3e132f1-aaa6-40bb-87a9-0ef965afb0e8,22,34,56,39,30,69,61,64,125,1,7
2022-11-08,a3f807c1-6cc2-4b1e-9b33-8967ea4ae383,4,2,6,0,0,0,4,2,6,1,2
2022-11-08,a41bb051-1acc-4f0f-80f9-d216833a6315,2,2,4,6,2,8,8,4,12,1,2
2022-11-08,a4352758-fde9-447e-a919-ae82388e7dd1,16,12,28,0,2,2,16,14,30,1,5
2022-11-08,a459feeb-8482-4ce8-ad84-35dd504d9770,5,2,7,0,0,0,5,2,7,1,2
2022-11-08,a47f12f3-e3f6-47c4-b397-ab5d5e7f6d75,32,39,71,16,0,16,48,39,87,1,8
2022-11-08,a4a2cf3d-ce59-49c3-a6c5-76cd68f06dc1,44,59,103,4,4,8,48,63,111,1,12
2022-11-08,a4c2b872-ef86-4eac-8b9c-d7094d41c526,36,25,61,0,2,2,36,27,63,1,4
2022-11-08,a4ebaa2f-9392-46ba-8e93-359ca81ccc27,0,2,2,0,1,1,0,3,3,1,1
2022-11-08,a5094272-b49a-4fb5-87bc-9c91daea0704,20,33,53,0,2,2,20,35,55,1,3
2022-11-08,a52a6732-b850-4e89-b68c-83df587a7677,1,1,2,0,0,0,1,1,2,1,1
2022-11-08,a54e4ee7-7881-48ac-9c82-8675f5755b0a,6,11,17,0,0,0,6,11,17,1,1
2022-11-08,a58275dd-e067-4433-8061-28e6cba2f510,13,13,26,5,0,5,18,13,31,1,3
2022-11-08,a5b78503-ce4a-45d7-be30-905f73bfcd55,7,7,14,44,0,44,51,7,58,1,5
2022-11-08,a5e27697-3211-4179-b03d-21a572f48b9b,6,1,7,0,0,0,6,1,7,1,1
2022-11-08,a5fff87f-1a7a-4dc9-8c8c-5d930133fe37,27,25,52,5,2,7,32,27,59,1,3
2022-11-08,a6128c8a-dfed-4a85-a334-01351c6a607c,0,0,0,0,1,1,0,1,1,1,1
2022-11-08,a62f9e7b-caef-4c05-bb7b-84563cfdc66d,0,3,3,1,0,1,1,3,4,1,1
2022-11-08,a668a98f-cd90-416f-b05f-e7642ba422a6,45,35,80,3,1,4,48,36,84,1,8
2022-11-08,a6894cd5-758a-449c-90ce-0ff653bd36fb,141,164,305,0,0,0,141,164,305,1,2
2022-11-08,a6aac5b5-0cfa-42f0-ba26-d2d7f20c5172,16,11,27,1,0,1,17,11,28,1,4
2022-11-08,a6bee07d-fcff-4b14-8ad3-f3ba376fcbbb,26,25,51,7,1,8,33,26,59,1,3
2022-11-08,a6db47e9-0490-4c8d-969c-7485f1994e15,3,4,7,0,0,0,3,4,7,1,1
2022-11-08,a70054bf-98f5-4f9e-9437-f06029293427,1,4,5,1,1,2,2,5,7,1,2
2022-11-08,a713e667-2f8d-43e5-ac70-8da0369dd22b,10,15,25,1,1,2,11,16,27,1,6
2022-11-08,a74da7a7-d74b-41ea-a9e4-374cd3424489,3,3,6,0,0,0,3,3,6,1,1
2022-11-08,a769623f-c7e9-487d-9837-b0c4174160fc,2,0,2,1,0,1,3,0,3,1,3
2022-11-08,a77c6687-9c02-43da-9013-66d784c0ea8c,17,11,28,3,0,3,20,11,31,1,6
2022-11-08,a79e9d6a-85e6-4c63-8ecc-80968eb473ec,5,2,7,0,0,0,5,2,7,1,3
2022-11-08,a7c0321a-ca29-4827-99e5-8eede7007c36,1,0,1,0,0,0,1,0,1,1,1
2022-11-08,a7c23373-1c11-4e78-8aef-13740c2f37b0,8,8,16,1,2,3,9,10,19,1,4
2022-11-08,a7e568ff-c342-4306-a047-a5a7823f4c21,51,61,112,0,0,0,51,61,112,1,8
2022-11-08,a7f5f000-37dd-4ec8-8494-7030a2769644,34,22,56,14,3,17,48,25,73,1,8
2022-11-08,a81ff8ac-ca29-4d38-b82c-babf2231c829,0,0,0,4,0,4,4,0,4,1,4
2022-11-08,a8482151-55da-40a6-8f66-29f27cbc7147,8,5,13,0,1,1,8,6,14,1,5
2022-11-08,a86bbe0d-d71c-4645-ad07-a89fc1bc0a2e,1,0,1,0,0,0,1,0,1,1,1
2022-11-08,a893793d-ff45-4f01-b589-e95dfa627fe0,9,2,11,15,0,15,24,2,26,1,9
2022-11-08,a8bd41a1-5f9b-4850-9483-ca6a1772ae42,18,86,104,8,7,15,26,93,119,1,6
2022-11-08,a8e77924-0fc1-4369-95cf-73d41547c425,4,4,8,0,0,0,4,4,8,1,3
2022-11-08,a90c3acc-c1e0-45f8-a7a8-0db08b633eed,22,46,68,76,32,108,98,78,176,1,8
2022-11-08,a91de2a9-239c-4c8b-9e36-28286576b8d7,5,5,10,1,1,2,6,6,12,1,2
2022-11-08,a93016fc-2ede-481d-a815-a3441c408b94,1,1,2,0,0,0,1,1,2,1,1
2022-11-08,a94c83ee-5409-4086-b3ee-63c2ac198d22,1,0,1,0,0,0,1,0,1,1,1
2022-11-08,a95a3409-52f4-480f-a114-e0576ee69d7a,11,7,18,140,1,141,151,8,159,1,3
2022-11-08,a97a64f7-3b0a-4a2f-92e6-29197fb34385,0,0,0,6,0,6,6,0,6,1,1
2022-11-08,a992fc0b-115d-466c-88dc-e9234764bb93,3,4,7,2,1,3,5,5,10,1,3
2022-11-08,a9bc623c-cd7a-412f-b58f-47fa16b89eb3,4,8,12,8,9,17,12,17,29,1,5
2022-11-08,a9d9235f-f36e-40f2-859f-2797a0d518d0,3,2,5,0,0,0,3,2,5,1,1
2022-11-08,a9f80a64-7a27-48c6-99db-58df7b22e119,1,1,2,0,0,0,1,1,2,1,1
2022-11-08,aa1ee909-71f1-4c8d-9c4d-ee0169b0b061,19,26,45,9,13,22,28,39,67,1,4
2022-11-08,aa37ad43-4360-4059-8a6f-c7bf331fdafb,10,12,22,2,0,2,12,12,24,1,3
2022-11-08,aa6595a4-d36f-4ec1-b86e-1d04aa28c627,3,3,6,1,0,1,4,3,7,1,3
2022-11-08,aa878638-5814-45e2-b158-78f304c59cfd,21,27,48,38,28,66,59,55,114,1,3
2022-11-08,aa97f749-f302-47ab-a4ab-fff54a796e58,4,1,5,1,0,1,5,1,6,1,2
2022-11-08,aab116f7-4e5d-4eac-83b7-4161d71a10fa,2,4,6,8,1,9,10,5,15,1,3
2022-11-08,aac45a34-0570-434f-a811-74b45e838252,1,0,1,0,0,0,1,0,1,1,1
2022-11-08,aaeba514-6afa-4320-a966-231e1c9d57ec,257,330,587,268,179,447,525,509,1034,1,10
2022-11-08,ab1beb04-be64-484f-8b96-522a6e295432,17,30,47,0,0,0,17,30,47,1,3
2022-11-08,ab40199f-191d-4207-886b-d402b57fc507,9,9,18,1,1,2,10,10,20,1,5
2022-11-08,ab54cc48-61d0-4a64-bf32-69435c21dfcd,0,0,0,1,0,1,1,0,1,1,1
2022-11-08,ab72d425-b5ad-4f2c-86e2-c22348179a2e,8,2,10,0,0,0,8,2,10,1,5
2022-11-08,ab8885d6-6620-488e-a03d-9101bed4c944,8,7,15,0,1,1,8,8,16,1,3
2022-11-08,aba5db7b-7808-4b1c-b0ac-6cd6efa0ed47,15,19,34,1,3,4,16,22,38,1,5
2022-11-08,abcbc2be-49fa-4d1e-b7b9-01ef31f6fdf3,23,21,44,29,6,35,52,27,79,1,7
2022-11-08,abe7848d-e45f-4a5b-849e-68adb1009b3c,7,5,12,4,6,10,11,11,22,1,2
2022-11-08,ac0a528a-1334-4de3-91de-ebf207dd8b6c,1,4,5,0,0,0,1,4,5,1,1
2022-11-08,ac2482b3-6eeb-4252-824e-d21e4f5cf94c,6,5,11,0,5,5,6,10,16,1,3
2022-11-08,ac517a91-8c64-4f03-8bca-2020b2c8d7ae,6,5,11,0,0,0,6,5,11,1,2
2022-11-08,ac795c34-daef-481d-afed-5456e8d4de7f,3,3,6,0,0,0,3,3,6,1,3
2022-11-08,ac8e4834-a384-4cfb-868c-1de524df0cdc,0,0,0,0,2,2,0,2,2,1,1
2022-11-08,ac9d47b1-bb22-41ab-9b79-e63d9bd51c3b,66,64,130,1,2,3,67,66,133,1,4
2022-11-08,acb99dcc-b5ad-46e3-9c22-0222bd28267b,40,61,101,1,0,1,41,61,102,1,10
2022-11-08,acd1b759-1f31-40af-8525-772834aeffba,23,8,31,37,20,57,60,28,88,1,5
2022-11-08,acec687c-e72d-4343-877c-49b9d16ebb10,171,269,440,32,28,60,203,297,500,1,9
2022-11-08,acf909d9-908a-47e4-a303-37238120c653,3,11,14,0,0,0,3,11,14,1,2
2022-11-08,ad197c45-c5b5-4843-8ec8-92397e880c4c,22,6,28,88,3,91,110,9,119,1,5
2022-11-08,ad37a3c9-38cd-4a94-bf32-aa684db16c12,15,12,27,0,0,0,15,12,27,1,5
2022-11-08,ad62c644-31fc-4e4a-9a60-7f7e91a9ae4d,24,13,37,1,0,1,25,13,38,1,3
2022-11-08,ad7916de-1979-47ec-a748-920c5f76de04,29,37,66,0,0,0,29,37,66,1,5
2022-11-08,ad870674-fa0b-44af-8ecf-94919df262f9,4,2,6,0,0,0,4,2,6,1,3
2022-11-08,ad9d8a04-a450-49a7-bb26-2d7c42301f35,1,1,2,0,0,0,1,1,2,1,1
2022-11-08,addf2749-5d78-4121-8991-b81039528423,46,65,111,5,7,12,51,72,123,1,6
2022-11-08,adf22b7d-4959-4691-b95e-e61761bed7aa,16,9,25,0,1,1,16,10,26,1,7
2022-11-08,ae096e8d-0d63-43a7-920b-a0279937cbc6,25,29,54,103,14,117,128,43,171,1,9
2022-11-08,ae2f1644-2e32-434a-ba6b-afc40b6503e6,2,0,2,0,0,0,2,0,2,1,2
2022-11-08,ae417ae0-ef95-42dd-9ef1-caa21b78305d,1,0,1,0,0,0,1,0,1,1,1
2022-11-08,ae567446-e8d5-4e52-a7af-23e57c1d1bd9,3,4,7,4,0,4,7,4,11,1,2
2022-11-08,ae67662b-f9b5-4c50-8c56-d923e4e4cee8,5,7,12,3,0,3,8,7,15,1,4
2022-11-08,ae88738d-1b50-464b-88e9-dd6bc84b94c2,1,2,3,5,3,8,6,5,11,1,3
2022-11-08,aeae11ee-5ebc-45d5-93c0-25c8a8b3fafb,2,1,3,0,1,1,2,2,4,1,1
2022-11-08,aed1d532-e7f3-485a-bcb9-2e0a297f2ec3,1,0,1,0,0,0,1,0,1,1,1
2022-11-08,aef167e3-c937-406f-b4b2-965ee8bf9c3e,9,8,17,8,0,8,17,8,25,1,4
2022-11-08,af10437a-2dea-487a-8976-7bb3e0dc5fea,55,44,99,9,1,10,64,45,109,1,6
2022-11-08,af20664a-5210-45a6-964f-ce701752678a,9,12,21,0,2,2,9,14,23,1,1
2022-11-08,af453c99-fff8-477b-bd77-dcbe26f430bf,11,14,25,5,2,7,16,16,32,1,1
2022-11-08,af988a4e-bd88-423e-aecf-2d78c7e7f8f4,16,35,51,24,13,37,40,48,88,1,7
2022-11-08,afcb5512-d493-4e9b-8e5b-cf587366e446,1,0,1,0,0,0,1,0,1,1,1
2022-11-08,afe682ae-a419-4d8c-9792-a244ac5c2e5d,19,32,51,182,11,193,201,43,244,1,8
2022-11-08,b00e8a8f-ebbf-4290-b3a9-2588b61b7469,5,5,10,22,18,40,27,23,50,1,2
2022-11-08,b02f2754-175e-40ae-a08b-ac447fbb0a37,22,24,46,0,5,5,22,29,51,1,5
2022-11-08,b04d8de7-949a-43fb-b8b2-bf1f903bb61d,5,5,10,46,29,75,51,34,85,1,4
2022-11-08,b06fd694-a028-46ed-a9fb-aef1c37c5218,16,25,41,0,7,7,16,32,48,1,2
2022-11-08,b08155d9-06d0-4ef4-a390-9ce5cf5dd187,1,0,1,0,0,0,1,0,1,1,1
2022-11-08,b09424ee-5700-4fe1-891e-4c3d634f5447,0,0,0,1,0,1,1,0,1,1,1
2022-11-08,b0a0ec5a-123c-4f13-b1c3-88f3ff505587,8,12,20,2,1,3,10,13,23,1,4
2022-11-08,b0c10114-84d1-4a58-b544-ebbeda8a2062,16,12,28,0,0,0,16,12,28,1,3
2022-11-08,b0d9b686-764c-4af3-a517-37ff397b6f42,5,5,10,0,0,0,5,5,10,1,3
2022-11-08,b1007fd9-230f-4407-a686-43387a29ffba,2,0,2,0,0,0,2,0,2,1,2
2022-11-08,b11a9509-3ec7-405c-be28-a45d929b9136,22,29,51,0,0,0,22,29,51,1,2
2022-11-08,b125bec0-1c48-4c5b-8262-da99049bea43,1,0,1,0,0,0,1,0,1,1,1
2022-11-08,b14d8bcf-7c99-4ce4-a31f-ba251212c4b6,103,93,196,41,2,43,144,95,239,1,4
2022-11-08,b1603e27-f122-4282-81c3-2e37f36dd200,3,5,8,2,1,3,5,6,11,1,2
2022-11-08,b184ce3d-a636-436b-aa3b-284efc9ff656,9,8,17,0,0,0,9,8,17,1,5
2022-11-08,b1bf0096-1e28-4234-bc44-e1670972b70d,47,71,118,5,1,6,52,72,124,1,6
2022-11-08,b1d48c09-7751-4b6e-9afd-ed004a4eb10f,0,0,0,15,0,15,15,0,15,1,15
2022-11-08,b1e4cff3-90a3-4270-a059-a254ec581b44,4,4,8,0,2,2,4,6,10,1,2
2022-11-08,b20e7137-4c46-4fd8-b2be-eaaea79835ea,1,0,1,0,0,0,1,0,1,1,1
2022-11-08,b22b3e66-cc52-4f81-a442-3c76fef57578,71,69,140,0,2,2,71,71,142,1,6
2022-11-08,b2564f8d-0937-4c7c-80c8-4f8950f51b94,6,14,20,0,0,0,6,14,20,1,3
2022-11-08,b279d8e5-2c41-44f0-9cce-90fc7c50343a,27,15,42,1,0,1,28,15,43,1,3
2022-11-08,b2839817-5ed4-480d-88e1-d48bbeff0e0e,10,6,16,0,0,0,10,6,16,1,1
2022-11-08,b299f602-8751-473c-a0e6-6b5597ac3515,4,10,14,7,0,7,11,10,21,1,3
2022-11-08,b2b2e707-debc-40c8-ae8c-74435fd34a7a,41,37,78,1,1,2,42,38,80,1,4
2022-11-08,b2fc0c8d-3f11-4833-b975-994c6a26939a,0,0,0,1,0,1,1,0,1,1,1
2022-11-08,b313f153-be1c-49a3-80ec-67a406e5c2ea,1,2,3,0,0,0,1,2,3,1,1
2022-11-08,b3409d2f-48f2-48a5-be87-abed026aa43f,3,3,6,1,1,2,4,4,8,1,3
2022-11-08,b363c698-658b-43e4-a374-f1db4e5ebd52,153,144,297,1,3,4,154,147,301,1,7
2022-11-08,b3891cfa-91c0-496e-acbf-a60014931dbd,10,9,19,31,21,52,41,30,71,1,8
2022-11-08,b39c84bc-1ca4-4446-bec1-da957c049479,94,150,244,4,15,19,98,165,263,1,16
2022-11-08,b3a8d9d1-f2ec-4d64-bb61-2a86a9a68867,27,29,56,7,3,10,34,32,66,1,11
2022-11-08,b3bcffd6-2937-4aa3-91c1-c0f77beb6862,22,24,46,2,0,2,24,24,48,1,4
2022-11-08,b3cf1f46-cc86-4588-afb4-28fc19ed9a3f,35,41,76,13,4,17,48,45,93,1,5
2022-11-08,b3de2f4a-21e2-4454-be74-dad04580627a,80,72,152,4,4,8,84,76,160,1,9
2022-11-08,b412a6f8-ee54-4411-b744-87c000ae8590,32,121,153,1,0,1,33,121,154,1,9
2022-11-08,b4363b57-a047-4186-9539-dad3e9620630,18,17,35,2,3,5,20,20,40,1,5
2022-11-08,b44788cc-86c6-424c-8f9e-8df4d1568c49,3,1,4,153,1,154,156,2,158,1,9
2022-11-08,b47822ff-5546-41ac-b9cf-c4a847776b61,1,1,2,1,8,9,2,9,11,1,8
2022-11-08,b49b486f-ca7b-405a-a408-dab9cd00e8d2,3,4,7,1,0,1,4,4,8,1,2
2022-11-08,b4be167e-fd8f-47af-9c7a-98b1023e973b,4,1,5,13,11,24,17,12,29,1,4
2022-11-08,b4f35e8c-394c-4228-9b6e-adc73f74783f,1,0,1,0,0,0,1,0,1,1,1
2022-11-08,b521d86b-3a81-44c7-97fb-0fb0d81c35ca,5,18,23,29,18,47,34,36,70,1,5
2022-11-08,b546a14e-fd09-44cb-8552-148c8a0b426b,36,39,75,1,1,2,37,40,77,1,5
2022-11-08,b566adc8-e012-4336-b0f1-b9be098f76d7,1,1,2,0,0,0,1,1,2,1,1
2022-11-08,b58bdcd4-092b-4a4a-ab65-22238614eefd,11,5,16,0,1,1,11,6,17,1,3
2022-11-08,b5ae81a4-d12c-40f1-8cea-e8ceeecbcee9,3,1,4,0,0,0,3,1,4,1,2
2022-11-08,b5c99384-15ad-468d-a289-656db3e6cf14,1,2,3,0,2,2,1,4,5,1,2
2022-11-08,b5e96fd9-9e78-4701-8e85-735382591c4e,18,30,48,2,1,3,20,31,51,1,8
2022-11-08,b6102ea9-a19f-4ec4-8b92-44c65b44eb92,4,6,10,22,12,34,26,18,44,1,7
2022-11-08,b61afdc4-cc2e-4e3b-b8af-86e3122d5b01,9,11,20,16,12,28,25,23,48,1,6
2022-11-08,b632fac5-d96a-4d79-83e1-9052b8866ab4,1,2,3,0,0,0,1,2,3,1,1
2022-11-08,b64e197e-170c-4011-be25-c50bff928a94,9,15,24,0,1,1,9,16,25,1,2
2022-11-08,b6899d37-e189-46dc-86f0-30dfc127f67c,32,34,66,3,0,3,35,34,69,1,4
2022-11-08,b6a338bc-105c-47e7-9f69-da12f3c65897,4,9,13,0,0,0,4,9,13,1,1
2022-11-08,b6c7655f-34d5-40e0-934a-d2b5ff71dbf2,20,16,36,12,1,13,32,17,49,1,6
2022-11-08,b6f49442-f228-4d46-881a-061c54dd63ad,7,4,11,1,0,1,8,4,12,1,6
2022-11-08,b7130961-6994-49e3-b10a-0d91c6fd9c3e,0,3,3,76,54,130,76,57,133,1,3
2022-11-08,b7316e94-3bba-441b-8e7f-91e9852e2af9,2,0,2,1,0,1,3,0,3,1,2
2022-11-08,b7424c2b-3c3e-4805-b129-1498fc211ff3,12,14,26,0,3,3,12,17,29,1,1
2022-11-08,b76a11fb-7caa-4d18-9a9d-aa35a71cfc38,0,3,3,0,0,0,0,3,3,1,2
2022-11-08,b77ee73d-2ee3-4548-af38-7edc91525b98,2,1,3,0,0,0,2,1,3,1,1
2022-11-08,b7a0f28f-1867-4044-ac1b-73787bb190a7,11,8,19,1,1,2,12,9,21,1,6
2022-11-08,b7aef98b-eb2a-41d2-bf46-f3dec7a7ad3f,1,0,1,0,0,0,1,0,1,1,1
2022-11-08,b7da6a44-f40b-4e49-9510-5cd339b84807,0,0,0,1,0,1,1,0,1,1,1
2022-11-08,b811697e-4a1d-4c39-b62e-3149e0b94c8d,15,22,37,0,0,0,15,22,37,1,3
2022-11-08,b85f96b7-6d3b-4773-a104-1097a0dbd60f,141,125,266,1,0,1,142,125,267,1,9
2022-11-08,b879b36e-de24-469f-bcbc-7194c19b2d12,2,0,2,0,3,3,2,3,5,1,1
2022-11-08,b8b8e9d7-5e64-438a-95c7-aa3f0c6377e9,29,41,70,2,5,7,31,46,77,1,5
2022-11-08,b8cbf4f2-917f-45d2-a757-808f6b5b3ee5,0,0,0,1,0,1,1,0,1,1,1
2022-11-08,b8e13d11-d77f-4a71-9307-0d33fcf62e07,13,7,20,64,3,67,77,10,87,1,7
2022-11-08,b8f9b330-6415-415b-b492-f5573c44c836,67,73,140,17,40,57,84,113,197,1,13
2022-11-08,b91d8699-3c56-4ebd-838f-b0157888a3d3,16,22,38,2,0,2,18,22,40,1,5
2022-11-08,b94d1643-eee3-4ad0-b99a-946d71c94015,17,9,26,5,2,7,22,11,33,1,4
2022-11-08,b95da6e5-ef03-448d-a78a-9077c531542a,7,4,11,12,1,13,19,5,24,1,7
2022-11-08,b97b7bd7-3b16-4fc7-beb6-1fea8acc2431,10,8,18,3,0,3,13,8,21,1,4
2022-11-08,b99440a8-fcd0-4fc5-a64a-2d346d538710,2,1,3,1,5,6,3,6,9,1,2
2022-11-08,b9c62c30-4550-4f10-8004-16adc1f549f0,1,0,1,0,0,0,1,0,1,1,1
2022-11-08,b9dbf03a-515e-4c4c-8477-a9c157f7b127,174,218,392,7,3,10,181,221,402,1,7
2022-11-08,b9f88a21-738d-43e6-965d-b3cfa9c1a222,7,1,8,2,0,2,9,1,10,1,3
2022-11-08,ba1002bd-3d8f-4363-b0be-b9cdd9871bed,6,10,16,0,0,0,6,10,16,1,3
2022-11-08,ba27859d-f589-479b-bdf3-0abb4ba74409,41,60,101,0,0,0,41,60,101,1,6
2022-11-08,ba474019-9034-47a7-83b4-d00a7f1a2f4e,0,1,1,0,0,0,0,1,1,1,1
2022-11-08,ba591198-22ab-4b91-94d1-3929ea20bfcd,7,0,7,0,0,0,7,0,7,1,1
2022-11-08,ba7d0a9f-d872-4ed4-9a97-b36afd9224bb,105,152,257,1,1,2,106,153,259,1,3
2022-11-08,baa643bd-c089-4993-ae0b-7ba68fcf7247,6,0,6,2,0,2,8,0,8,1,4
2022-11-08,bac1465a-047a-44f8-81d1-e0bb5672df1e,7,10,17,0,0,0,7,10,17,1,3
2022-11-08,bae26abd-0680-467b-a500-6fcdedc07543,1,0,1,9,0,9,10,0,10,1,2
2022-11-08,bae95bd4-4ba9-4a7f-9694-b6f2d26a227d,13,9,22,0,1,1,13,10,23,1,1
2022-11-08,bb0c6e6b-ba3b-4077-a1d3-a2ea3e709b96,5,2,7,3,3,6,8,5,13,1,4
2022-11-08,bb42fe10-6d1e-4626-961e-f8d76ad73f3c,2,1,3,0,0,0,2,1,3,1,2
2022-11-08,bb5eeea3-746a-42d5-b152-60b54bad6bb9,1,2,3,0,0,0,1,2,3,1,3
2022-11-08,bb63a51e-179f-4efc-8ae9-39a8c20ae887,64,53,117,0,0,0,64,53,117,1,3
2022-11-08,bb93ff36-baf3-489e-aa33-ea9d196ce980,129,127,256,1,11,12,130,138,268,1,9
2022-11-08,bbaf4489-4d47-413b-9f8a-3042ced9f5d2,0,1,1,3,0,3,3,1,4,1,2
2022-11-08,bbc1e22f-7683-4f20-98d5-0cbc6e71a627,15,14,29,8,1,9,23,15,38,1,9
2022-11-08,bbd54c1b-f89a-434c-a30c-267de1874678,3,2,5,1,1,2,4,3,7,1,2
2022-11-08,bbecbc6a-f4ed-46e3-a16f-fcc8429a46c1,3,7,10,0,3,3,3,10,13,1,3
2022-11-08,bc116b7f-3c9f-4e86-9a53-bd1b7c205da5,1,0,1,0,0,0,1,0,1,1,1
2022-11-08,bc3af1e5-47e4-483f-b1fe-8be629d8dace,1,2,3,0,0,0,1,2,3,1,1
2022-11-08,bc4fbd0a-364d-424f-b14c-39c69ea4a9b5,10,12,22,2,3,5,12,15,27,1,10
2022-11-08,bc5bcdf0-7d29-4ee0-be8f-cd5001b92187,2,0,2,0,0,0,2,0,2,1,2
2022-11-08,bc76cda5-5852-40c9-9033-fd0f9f9a831f,2,1,3,1,0,1,3,1,4,1,2
2022-11-08,bc968fe3-d96b-4bb6-b587-5ae2642a7555,1,7,8,0,2,2,1,9,10,1,3
2022-11-08,bcc20b84-65a3-42b4-bc13-9904d5b96c28,12,12,24,0,0,0,12,12,24,1,2
2022-11-08,bcd54195-a2b3-4012-8f2f-d541fa05af67,103,111,214,9,1,10,112,112,224,1,1
2022-11-08,bcf347eb-4fa7-4088-9865-32128ddc82af,12,14,26,5,4,9,17,18,35,1,8
2022-11-08,bd04ab27-873c-414a-91d2-e0e9c8d22886,12,7,19,11,0,11,23,7,30,1,5
2022-11-08,bd211dbb-77a5-458e-ae9a-4ddad8d168e9,53,44,97,7,0,7,60,44,104,1,7
2022-11-08,bd2c0c81-e3e2-4171-8901-06a0c6040b68,62,76,138,58,113,171,120,189,309,1,11
2022-11-08,bd440ee9-f107-4bed-a565-0e271c7774cf,36,22,58,120,20,140,156,42,198,1,9
2022-11-08,bd4b812d-c952-47d3-9e9b-9e32e69e1227,5,2,7,0,0,0,5,2,7,1,4
2022-11-08,bd79dd6f-0bdb-4609-a7a5-9ed08828a094,51,40,91,9,8,17,60,48,108,1,1
2022-11-08,bd9fa435-eee0-432c-ad4a-92c845b8c28e,1,0,1,0,0,0,1,0,1,1,1
2022-11-08,bdca27d6-b61f-4d2d-a787-342f6248e311,60,61,121,5,5,10,65,66,131,1,6
2022-11-08,bde96e1e-5c09-4ec7-8f1a-221acea610f5,1,0,1,0,0,0,1,0,1,1,1
2022-11-08,bdf5c4db-8b5f-4ef9-8652-2fb2420e6bed,97,82,179,59,33,92,156,115,271,1,8
2022-11-08,be26b4e3-8ac7-4a49-910f-a63ee4fef310,1,1,2,0,0,0,1,1,2,1,1
2022-11-08,be4971c7-7c0a-4872-a606-e7f98046a4e1,26,34,60,2,9,11,28,43,71,1,2
2022-11-08,be5ee1a1-c82e-486d-97ea-11c4ca5a3926,1,1,2,0,0,0,1,1,2,1,1
2022-11-08,be9d75f0-b007-4b21-8659-5f65555e97e4,10,8,18,152,0,152,162,8,170,1,5
2022-11-08,beaff85d-36ab-4106-8331-4e38d9e18a5b,2,1,3,1,0,1,3,1,4,1,3
2022-11-08,bec3c5a9-c8e0-4d5b-9ed5-7f3d9683ccff,0,0,0,79,1,80,79,1,80,1,1
2022-11-08,beddc493-232a-4af0-950b-00d6a85035d0,1,0,1,3,0,3,4,0,4,1,2
2022-11-08,beef2e75-e4b9-4c47-aac2-2f4a328d1dfc,0,0,0,0,2,2,0,2,2,1,1
2022-11-08,bf1cd180-d3f1-42b2-9782-4b095454f767,0,11,11,4,3,7,4,14,18,1,2
2022-11-08,bf4aef13-af3e-4dbf-aad8-586812d0424e,26,27,53,5,10,15,31,37,68,1,5
2022-11-08,bf568271-fff2-49a9-9588-788af39cd9dd,7,9,16,5,0,5,12,9,21,1,5
2022-11-08,bf67de46-67a1-476a-8334-82dd8a218f7c,9,14,23,1,5,6,10,19,29,1,4
2022-11-08,bf730ce0-2578-4b4d-97bf-5aae276f188b,3,5,8,0,0,0,3,5,8,1,3
2022-11-08,bf8e5b68-1911-4a04-b9b4-21e254471f25,4,5,9,0,1,1,4,6,10,1,2
2022-11-08,bfad78f3-2275-42a5-b237-70c7cdf651e0,5,1,6,6,0,6,11,1,12,1,9
2022-11-08,bfc79537-f29d-43c7-97b4-2ba4b934d2f6,6,4,10,0,0,0,6,4,10,1,6
2022-11-08,bfe9a1fb-77e0-4bc0-bd7c-c186a335ebd8,40,32,72,2,0,2,42,32,74,1,4
2022-11-08,c00da452-0a46-4983-9b63-edd2111f4bef,15,14,29,0,1,1,15,15,30,1,2
2022-11-08,c03fd114-29d2-411a-92fb-521070fe6f13,2,1,3,0,0,0,2,1,3,1,1
2022-11-08,c06178dc-cd20-48f6-a2dc-623b1189ea31,15,14,29,6,7,13,21,21,42,1,6
2022-11-08,c06c9646-06c9-481e-b383-00957fe814fd,1,2,3,13,8,21,14,10,24,1,4
2022-11-08,c08cff15-e345-4423-b50e-a9a0f7702ca5,2,1,3,1,0,1,3,1,4,1,2
2022-11-08,c0b2d00f-4b29-4755-ac95-e6f2cbbbba07,2,1,3,0,1,1,2,2,4,1,2
2022-11-08,c0da2d93-347b-41e8-abe8-0f35bb6293b8,37,24,61,68,5,73,105,29,134,1,8
2022-11-08,c0f5aa20-bbcf-47cf-900e-d6f1997c1157,9,2,11,17,4,21,26,6,32,1,7
2022-11-08,c103648a-ef49-4d35-954b-c13cdcc689fc,12,11,23,1,1,2,13,12,25,1,3
2022-11-08,c125e2bf-ffe7-4824-9c26-f46cba0f29b1,34,26,60,11,3,14,45,29,74,1,7
2022-11-08,c136305f-99ef-471c-969d-6cdaf81bcc78,4,3,7,0,0,0,4,3,7,1,4
2022-11-08,c155249b-5545-45a2-8026-2982c3be46c4,15,17,32,12,1,13,27,18,45,1,5
2022-11-08,c1658935-c774-4f9e-a534-e3445f0364fb,0,1,1,0,1,1,0,2,2,1,1
2022-11-08,c183a473-1cd3-4405-a0de-03f1bebb6242,2,3,5,0,0,0,2,3,5,1,1
2022-11-08,c1960b8f-c3ff-48ee-a6ee-02c8d7c602d1,12,23,35,0,3,3,12,26,38,1,3
2022-11-08,c1aee7bf-c009-4c96-89da-af9102f884e3,3,0,3,2,0,2,5,0,5,1,2
2022-11-08,c1e6546c-f4f4-4dd1-a31a-623e1aa38aa3,4,6,10,0,2,2,4,8,12,1,2
2022-11-08,c203f373-714f-44cc-8706-23e418e0a197,261,208,469,12,1,13,273,209,482,1,11
2022-11-08,c22e0fce-3642-4035-a32e-fb9ea9628cb1,6,3,9,1,1,2,7,4,11,1,4
2022-11-08,c251fc62-b2a1-448a-99d3-d4f4b4b041a7,2,0,2,0,0,0,2,0,2,1,2
2022-11-08,c2774600-f27b-4bf4-a357-2ecf49968886,0,0,0,1,0,1,1,0,1,1,1
2022-11-08,c28cb59a-c309-4ed5-8ee1-81b1ec88631e,61,81,142,10,6,16,71,87,158,1,10
2022-11-08,c2a64d54-6424-4a56-ab0c-8aa9049a4d86,22,24,46,4,0,4,26,24,50,1,6
2022-11-08,c2b9db1a-8fe4-49f2-a910-04a1c17e2eff,6,8,14,0,1,1,6,9,15,1,4
2022-11-08,c2cb45b7-20a9-4d14-b3cc-6c97176db92c,0,0,0,3,0,3,3,0,3,1,1
2022-11-08,c2da295c-c224-4e0d-b6c1-f580f5f1f4fb,2,0,2,0,0,0,2,0,2,1,1
2022-11-08,c2ef8bcc-7f7f-4fac-a593-3c905956ab07,109,59,168,20,3,23,129,62,191,1,9
2022-11-08,c3138f9b-beff-490b-b26c-b955af0596b3,6,7,13,1,0,1,7,7,14,1,2
2022-11-08,c332f8b0-7820-4496-b375-843e1c6eb097,62,55,117,17,12,29,79,67,146,1,7
2022-11-08,c365caa6-5b26-45fc-a68d-d6ad5a75d1d9,4,3,7,0,0,0,4,3,7,1,1
2022-11-08,c3751243-ebb5-4a3d-ad00-609a7306b53d,8,7,15,2,3,5,10,10,20,1,5
2022-11-08,c37b18e2-10d7-4833-9d4b-d18683b2974b,3,4,7,2,0,2,5,4,9,1,5
2022-11-08,c3974b00-dcf3-40ce-923b-456261ccee66,6,9,15,0,0,0,6,9,15,1,2
2022-11-08,c3afaa4b-efb4-4731-921c-8087c774c527,70,97,167,74,1,75,144,98,242,1,13
2022-11-08,c3be5589-f2b5-40c9-94f9-c3adc2dec970,14,10,24,2,0,2,16,10,26,1,7
2022-11-08,c3d50fc7-8407-4213-8522-dfba2aa0787c,5,8,13,0,0,0,5,8,13,1,4
2022-11-08,c3e3248f-796c-42cf-9389-fa54c9f7bdc8,4,14,18,3,0,3,7,14,21,1,5
2022-11-08,c3ffc4cf-1262-45e4-bf16-b5cc9681391e,31,19,50,61,13,74,92,32,124,1,5
2022-11-08,c4081a97-94ad-403c-95b0-3ab342534035,13,15,28,1,0,1,14,15,29,1,3
2022-11-08,c44bc19d-db62-4e7c-be3a-4c124732d277,31,17,48,1,0,1,32,17,49,1,4
2022-11-08,c464ea76-2768-434e-9143-5195ab169645,20,27,47,3,6,9,23,33,56,1,3
2022-11-08,c486b5a3-2241-4889-b93e-64947341daa0,3,4,7,3,1,4,6,5,11,1,3
2022-11-08,c4a623a8-083b-4579-a88c-33298ca699bc,0,0,0,1,0,1,1,0,1,1,1
2022-11-08,c4be1ce0-6d2a-4b0c-919a-bf23a2c3455f,97,97,194,43,16,59,140,113,253,1,9
2022-11-08,c4e084cc-1616-4d5b-9593-29e3e6769353,7,4,11,3,3,6,10,7,17,1,3
2022-11-08,c4f19067-83d0-46bb-a2c6-720ccf9ea631,1,1,2,0,0,0,1,1,2,1,1
2022-11-08,c516e714-e8a7-4793-bf6b-25f0be27ace4,19,20,39,0,1,1,19,21,40,1,5
2022-11-08,c526338b-f7f7-4988-a5e1-ea1a8550bd79,5,2,7,7,1,8,12,3,15,1,5
2022-11-08,c53a557e-a7ab-450f-ab99-e21cdf2ab760,2,0,2,0,0,0,2,0,2,1,2
2022-11-08,c5628b86-0fb0-42a5-8f28-0757a5130681,1,0,1,0,0,0,1,0,1,1,1
2022-11-08,c5780610-b472-4ca6-8e06-6b5959297477,0,0,0,1,0,1,1,0,1,1,1
2022-11-08,c59d5607-c6aa-4e38-b30f-020961582d65,13,20,33,48,13,61,61,33,94,1,3
2022-11-08,c5ee678a-0f19-4c23-b074-57fa16321219,7,1,8,0,0,0,7,1,8,1,4
2022-11-08,c5f505a4-dec3-4d54-be01-d8614b865314,14,19,33,53,1,54,67,20,87,1,19
2022-11-08,c6035ed3-1806-40db-8900-56e69f15fd8e,188,229,417,4,5,9,192,234,426,1,11
2022-11-08,c6392398-6428-41c7-8718-52cd6838b185,15,12,27,0,0,0,15,12,27,1,6
2022-11-08,c67be6ea-7c23-428f-956b-f188669defd0,2,0,2,2,0,2,4,0,4,1,4
2022-11-08,c68cd19f-8415-4483-957c-66e3ba2a16fa,2,0,2,1,0,1,3,0,3,1,1
2022-11-08,c6a865a2-396e-4a17-8ca9-988aab957b14,30,25,55,14,3,17,44,28,72,1,16
2022-11-08,c6dac210-68bf-42d4-aa98-8fc71557e300,0,0,0,0,5,5,0,5,5,1,3
2022-11-08,c6e2f74e-b6d6-466f-8743-02a8d81a2b19,1,1,2,0,0,0,1,1,2,1,1
2022-11-08,c6f3977d-c82d-488e-a2de-e77f169de955,41,38,79,2,2,4,43,40,83,1,6
2022-11-08,c71c2f9d-e675-426c-8fe5-2d7ba0afc405,2,2,4,7,0,7,9,2,11,1,3
2022-11-08,c728e9f1-fc4a-4312-b4ae-2c74c7dd7a07,10,5,15,0,0,0,10,5,15,1,5
2022-11-08,c74a8b48-e7d5-4541-9918-e325b0d5eaa9,3,3,6,0,2,2,3,5,8,1,2
2022-11-08,c76c9818-0782-445f-a987-0475561cd9a0,15,12,27,0,1,1,15,13,28,1,4
2022-11-08,c797f82c-d598-4ac4-8e82-239fe6d0837b,22,45,67,0,0,0,22,45,67,1,3
2022-11-08,c7bb59e8-fe36-40c4-8c8a-5a5a21cf12ac,1,0,1,10,0,10,11,0,11,1,3
2022-11-08,c7cc3b40-c612-4b81-9b70-711c489944b7,25,26,51,1,2,3,26,28,54,1,4
2022-11-08,c7f8206a-86aa-4bc1-ac78-58aa676d4db3,21,26,47,0,0,0,21,26,47,1,9
2022-11-08,c8111888-45a8-47fe-ad70-803a6115c7ae,0,5,5,0,0,0,0,5,5,1,2
2022-11-08,c8345c18-ace2-435b-a675-77255b61f502,1,1,2,6,1,7,7,2,9,1,4
2022-11-08,c8764e5f-b5c4-4b39-9fd1-0e73bc421e34,9,4,13,6,7,13,15,11,26,1,2
2022-11-08,c88ada3a-75a4-480f-bc64-db88b285877d,117,139,256,0,1,1,117,140,257,1,5
2022-11-08,c8a70e62-d650-4d7c-94e3-360cdc37e53d,8,3,11,1,0,1,9,3,12,1,3
2022-11-08,c8b03161-7337-4b73-b41f-8051655dba81,56,54,110,43,2,45,99,56,155,1,10
2022-11-08,c8d87927-9a73-42df-9d6f-4ff9192ed912,3,1,4,0,0,0,3,1,4,1,2
2022-11-08,c8ed0218-1b19-4cfb-82dc-8795c3c39a93,141,110,251,0,0,0,141,110,251,1,3
2022-11-08,c8f26d26-29e6-4d00-8876-30f41ae013b0,5,2,7,19,2,21,24,4,28,1,3
2022-11-08,c9033850-84ff-44dc-8140-e0e16ed00f64,12,5,17,0,0,0,12,5,17,1,4
2022-11-08,c920a045-9ec6-4122-992d-55ec9d8c1ca3,2,2,4,5,0,5,7,2,9,1,1
2022-11-08,c92dc741-e18a-4a21-80af-b6b30609e0af,4,4,8,0,0,0,4,4,8,1,3
2022-11-08,c94d10e9-a030-4e72-bc86-877d4c23009c,0,1,1,0,0,0,0,1,1,1,1
2022-11-08,c955197c-9ac5-4268-8b30-af8c3bd84e4d,2,2,4,0,0,0,2,2,4,1,2
2022-11-08,c97559d1-5dec-498e-ae88-26a9945f24ea,0,0,0,2,0,2,2,0,2,1,2
2022-11-08,c9887d71-3423-4fa8-8545-16c6e102e746,7,7,14,0,0,0,7,7,14,1,4
2022-11-08,c9a23b7e-9bb5-45b3-be0d-0cd206168cbd,5,4,9,0,0,0,5,4,9,1,1
2022-11-08,c9b9673b-801a-4435-8c6e-038a55f92ded,0,1,1,0,0,0,0,1,1,1,1
2022-11-08,c9e63040-d1a3-4533-8f08-f0f27e37806e,6,1,7,6,7,13,12,8,20,1,4
2022-11-08,c9febc78-f87c-43aa-8dcd-83641dd3faca,156,184,340,13,7,20,169,191,360,1,5
2022-11-08,ca094e88-5ab6-4056-9f3a-44332be53412,9,8,17,1,2,3,10,10,20,1,4
2022-11-08,ca2d9473-c236-4fd7-be52-769a287c44b5,177,184,361,6,3,9,183,187,370,1,9
2022-11-08,ca4f7025-ba69-40c2-8ebb-4e81405ffb69,89,95,184,7,4,11,96,99,195,1,13
2022-11-08,ca6f7eec-045c-454d-95c9-3f388953d541,5,9,14,0,1,1,5,10,15,1,3
2022-11-08,ca90563a-2152-44c9-85f3-7f8538a09ab1,11,7,18,2,0,2,13,7,20,1,4
2022-11-08,cab95498-4c93-4258-a5ac-b86f8a1f870d,1,0,1,0,1,1,1,1,2,1,1
2022-11-08,caca1d8a-bff9-4d8c-84dd-994bfe5624d6,22,11,33,1,0,1,23,11,34,1,7
2022-11-08,caf6b8b3-0660-4f91-8050-e3905ef17232,0,0,0,0,1,1,0,1,1,1,1
2022-11-08,cb111e8a-60c4-47e0-96ae-d970f0fe0a85,1,4,5,3,1,4,4,5,9,1,2
2022-11-08,cb379b38-d571-4775-b6b8-94d16b98f7f8,1,0,1,0,0,0,1,0,1,1,1
2022-11-08,cb682ce6-a6fb-4dde-9969-2b0f5bac0dfd,4,2,6,1,0,1,5,2,7,1,4
2022-11-08,cb8f41ef-ff03-4c05-9116-0534ea539c47,39,32,71,13,13,26,52,45,97,1,4
2022-11-08,cb94ce79-ebf9-43eb-b6a4-7a40a23831dd,107,118,225,5,10,15,112,128,240,1,4
2022-11-08,cbb4428f-361b-499c-9e6b-0829e8a9bf59,3,2,5,0,0,0,3,2,5,1,3
2022-11-08,cbcb80e8-7563-4de1-b854-c81ab54a39e1,3,5,8,0,1,1,3,6,9,1,4
2022-11-08,cbf3b629-2961-4e4c-bfd9-0c128874cc72,8,11,19,8,7,15,16,18,34,1,3
2022-11-08,cbfba2de-dab0-4458-8fd3-6082ae89aa71,1,0,1,0,0,0,1,0,1,1,1
2022-11-08,cc19fc51-d473-4d82-8ef0-a5b5f14d5fb0,47,55,102,2,1,3,49,56,105,1,3
2022-11-08,cc40f365-0feb-4f45-b674-a087df8bd834,18,16,34,8,1,9,26,17,43,1,7
2022-11-08,cc694c4b-634e-453c-959a-c99962665df0,3,6,9,5,2,7,8,8,16,1,2
2022-11-08,cc7aa5e7-39d7-40e4-8358-3ae5a656cd98,4,5,9,0,0,0,4,5,9,1,2
2022-11-08,cca08a3e-60b6-4388-9f97-d1e057f442ba,50,45,95,0,0,0,50,45,95,1,2
2022-11-08,ccc66e40-9226-4d2a-8293-a6fb69e6b76f,2,1,3,0,0,0,2,1,3,1,1
2022-11-08,cceeb83b-e7f1-47f1-8ba2-430796687cfb,8,9,17,1,0,1,9,9,18,1,3
2022-11-08,cd22ac7b-eb79-4143-aa9b-4d778ab913f3,99,166,265,1,4,5,100,170,270,1,4
2022-11-08,cd574b0f-a897-4509-9c7e-2e066da87cf5,8,7,15,14,3,17,22,10,32,1,6
2022-11-08,cd6084da-76df-4e3d-9cca-b3b780364c11,15,29,44,0,1,1,15,30,45,1,4
2022-11-08,cd719244-d074-44eb-8ac4-caffec5b5fad,3,0,3,0,0,0,3,0,3,1,1
2022-11-08,cd889847-8ec0-445a-9f38-0290af76e3ab,4,8,12,0,0,0,4,8,12,1,3
2022-11-08,cdab02f1-b448-42ca-9379-82a456b96d67,10,5,15,0,0,0,10,5,15,1,1
2022-11-08,cdd40445-67d7-417c-a62d-7a5e956e7f52,92,84,176,2,9,11,94,93,187,1,9
2022-11-08,cdf1586d-e7aa-464f-9f00-2e45a7b18f1f,1,1,2,0,0,0,1,1,2,1,2
2022-11-08,ce0c2a3e-2180-461b-958f-14b5ce3c4036,1,0,1,0,0,0,1,0,1,1,1
2022-11-08,ce228893-212e-48dc-b488-160127d44a5d,19,16,35,2,4,6,21,20,41,1,4
2022-11-08,ce3abf2e-22ac-4ff1-a2fc-06ef06d64442,154,290,444,27,33,60,181,323,504,1,18
2022-11-08,ce674c10-c5e5-42e4-bb11-324a4fd8d8c7,4,4,8,1,0,1,5,4,9,1,2
2022-11-08,ce8f082e-b2fb-4cc7-b656-7ef379ce9a03,6,6,12,0,0,0,6,6,12,1,2
2022-11-08,cebe7da6-f8f7-453d-9266-5b84d0fb89c3,10,6,16,0,0,0,10,6,16,1,3
2022-11-08,cef8d047-731b-4944-8c35-7fdc74d6ddb2,4,4,8,27,7,34,31,11,42,1,5
2022-11-08,cf072973-192f-4d83-89de-59024094de3e,49,28,77,41,2,43,90,30,120,1,11
2022-11-08,cf295f98-b007-4878-a30e-5bb5ad8d1ca5,3,2,5,0,0,0,3,2,5,1,1
2022-11-08,cf3a7c1d-eda4-4948-818d-c623cfb70a1a,41,74,115,0,2,2,41,76,117,1,10
2022-11-08,cf56fa4c-1cb4-4c21-ad04-8630deb4f2b1,33,39,72,1,0,1,34,39,73,1,7
2022-11-08,cf6a1ba4-81ab-456c-84a2-fc5f58ac4050,0,3,3,11,0,11,11,3,14,1,12
2022-11-08,cf8d711b-5efd-4daa-8860-1566d636565f,3,3,6,0,0,0,3,3,6,1,1
2022-11-08,cfc09e0b-4e4f-4573-b671-5fc30814ae01,1,0,1,0,0,0,1,0,1,1,1
2022-11-08,cfdcfdaf-4e0e-436e-a75a-dbde7258ffc2,68,63,131,0,1,1,68,64,132,1,3
2022-11-08,cff54f80-07ea-410a-a053-4dc55f688fa5,0,0,0,4,4,8,4,4,8,1,3
2022-11-08,d022ff25-f089-43a9-9bd6-ac299eed99a4,2,0,2,1,0,1,3,0,3,1,3
2022-11-08,d04447d7-933e-4255-a166-d62013eda5d6,0,2,2,0,0,0,0,2,2,1,2
2022-11-08,d052aaaf-c012-4144-92ba-1ae7c04a2d8c,29,24,53,13,0,13,42,24,66,1,9
2022-11-08,d07c7e25-36be-4d9c-bc2e-516b9ced93d6,6,8,14,0,0,0,6,8,14,1,2
2022-11-08,d091936d-af51-4db3-8041-2d054d09f660,2,2,4,0,0,0,2,2,4,1,1
2022-11-08,d0a2cd94-c9bd-4f03-a313-36820b8fcf74,0,1,1,2,0,2,2,1,3,1,2
2022-11-08,d0ad6ba3-61fb-49af-b4eb-9ce0ed038872,4,7,11,0,0,0,4,7,11,1,2
2022-11-08,d0cbc01e-83e2-49f1-ae09-e80a46fb5a27,0,0,0,4,0,4,4,0,4,1,2
2022-11-08,d0dd9768-a559-4b60-9236-af3c3d1288ef,1,0,1,10,0,10,11,0,11,1,3
2022-11-08,d0f63949-51a6-44e5-9e59-ba94cda66381,4,0,4,0,0,0,4,0,4,1,2
2022-11-08,d111155f-4e09-4110-ad79-2ec48498cf74,137,133,270,1,6,7,138,139,277,1,10
2022-11-08,d136ec31-4bac-487a-9e2f-42e1375c2eb0,48,56,104,0,0,0,48,56,104,1,6
2022-11-08,d15c0402-0cab-4dc0-b4aa-fbb6c21e2988,0,1,1,0,0,0,0,1,1,1,1
2022-11-08,d18725e9-2a61-46b5-b913-843fe14876f0,16,25,41,0,1,1,16,26,42,1,3
2022-11-08,d1986be3-46dd-49f1-8a3b-648f7c3355f0,6,11,17,4,3,7,10,14,24,1,4
2022-11-08,d1bbd272-0e6b-4a7c-925a-daacb6f7fc80,2,2,4,0,0,0,2,2,4,1,2
2022-11-08,d1c27dd8-6dac-4266-aa1c-8dc6cdb63326,2,0,2,0,0,0,2,0,2,1,1
2022-11-08,d1e0ad8a-4244-4d84-8aa8-9ad53babb811,1,0,1,0,0,0,1,0,1,1,1
2022-11-08,d2339b7b-6de4-47a0-af22-984ac2a55605,0,0,0,87,10,97,87,10,97,1,1
2022-11-08,d24f9fa5-47cf-4fc8-9ef4-03191500afe5,2,2,4,1,0,1,3,2,5,1,3
2022-11-08,d269636c-a367-480c-a377-dad6ab35dfa4,23,32,55,2,2,4,25,34,59,1,3
2022-11-08,d2974c4e-ff99-4236-91b1-c487a08b7c82,26,16,42,1,2,3,27,18,45,1,4
2022-11-08,d29f8b8f-da11-4a82-a205-925ca3eb39da,1,1,2,0,0,0,1,1,2,1,1
2022-11-08,d2b8095f-5f3f-4aeb-ac29-24706a8476f9,0,0,0,0,1,1,0,1,1,1,1
2022-11-08,d2c203cf-b769-4d3b-99d2-820143743977,0,0,0,1,0,1,1,0,1,1,1
2022-11-08,d2f8d9af-35de-44f3-bd41-25cbdb85f03d,21,18,39,4,2,6,25,20,45,1,3
2022-11-08,d325f468-07fe-401d-a969-b7a1c53c36f0,1,1,2,2,0,2,3,1,4,1,4
2022-11-08,d336dbb2-3d73-414d-bf7e-d7e6232d5fc0,10,0,10,0,0,0,10,0,10,1,1
2022-11-08,d3749a4e-0b85-4eab-8a32-5889a72cf636,5,4,9,1,0,1,6,4,10,1,3
2022-11-08,d391d19a-9562-4112-a69c-688e9056951e,12,15,27,0,0,0,12,15,27,1,5
2022-11-08,d3aaa590-cb47-43d6-8ebd-333d3337969c,8,7,15,0,0,0,8,7,15,1,4
2022-11-08,d3d40c44-a5c0-444a-a55b-ca457f75d49e,4,2,6,49,3,52,53,5,58,1,3
2022-11-08,d3ea804d-985b-4e27-a156-4f4b1bd6dba3,4,3,7,0,0,0,4,3,7,1,3
2022-11-08,d3fbd4fd-79b0-49cc-82cc-cf11f90ca400,10,10,20,0,0,0,10,10,20,1,3
2022-11-08,d410d0f4-370d-4c02-91bf-c5635d1d2931,1,4,5,0,0,0,1,4,5,1,3
2022-11-08,d42daa29-0976-4752-9c0b-f486fe930f0e,40,36,76,21,2,23,61,38,99,1,9
2022-11-08,d449d42c-dc44-4be2-bdea-79fa0e0903ee,32,29,61,192,0,192,224,29,253,1,9
2022-11-08,d4539ff9-ab87-483f-9f5f-2fc41c39a4b7,10,12,22,0,0,0,10,12,22,1,3
2022-11-08,d459470a-c050-4530-8364-16c6ca31877c,1,8,9,4,2,6,5,10,15,1,4
2022-11-08,d467f39c-f2c9-4696-a773-d1de2cec79ca,4,6,10,0,0,0,4,6,10,1,2
2022-11-08,d48b33ea-03f3-43f5-a9a4-f265ba061ac2,8,15,23,1,0,1,9,15,24,1,4
2022-11-08,d4a6b25d-39f6-4e23-ba4a-ab5af286aa75,10,6,16,7,0,7,17,6,23,1,4
2022-11-08,d4cbe8f7-8444-4ebe-bc55-8a187a727d4b,43,46,89,1,0,1,44,46,90,1,6
2022-11-08,d4daf93a-36fc-4320-8e63-50e5414b15f6,11,13,24,0,0,0,11,13,24,1,4
2022-11-08,d4ed3c5c-dbbc-4e4c-bd81-9f45961d17a2,3,2,5,0,0,0,3,2,5,1,2
2022-11-08,d4ff2c7d-30fe-4c4f-8c74-6ff72a52d3da,3,5,8,3,0,3,6,5,11,1,3
2022-11-08,d55d3e5b-1cbd-403f-bbde-368abd38a1d0,0,0,0,4,0,4,4,0,4,1,1
2022-11-08,d562497e-d8ae-4b5d-8ab1-36e4db1400b3,0,2,2,0,1,1,0,3,3,1,1
2022-11-08,d596935c-ed48-4103-a088-9a15970515ab,41,54,95,53,23,76,94,77,171,1,5
2022-11-08,d5a4338f-320f-4f11-ac95-64b7b81e832a,3,9,12,1,2,3,4,11,15,1,3
2022-11-08,d5d6756c-5ce9-4544-a5c0-4f20ae440368,226,216,442,5,3,8,231,219,450,1,4
2022-11-08,d5f9310f-ad27-4d8f-9a42-0dee4eafa7cf,3,3,6,1,0,1,4,3,7,1,3
2022-11-08,d614f786-d267-436d-95da-132a6dec6e15,86,111,197,0,2,2,86,113,199,1,3
2022-11-08,d62fc583-9a9c-417d-8a5a-728da66a7bbf,2,0,2,2,0,2,4,0,4,1,2
2022-11-08,d6479f33-9ca1-4ac0-84e1-8a5aba8c7bfc,1,2,3,3,3,6,4,5,9,1,2
2022-11-08,d68d876e-ceca-4529-aa8b-5137bdcd945a,78,84,162,5,3,8,83,87,170,1,7
2022-11-08,d6a54a64-4ae3-4d93-9900-c28b04baa543,117,131,248,62,6,68,179,137,316,1,14
2022-11-08,d6dd006c-23d9-4e5c-b6d1-f4b5403c5e86,4,2,6,0,0,0,4,2,6,1,1
2022-11-08,d70cbd09-e642-4d28-84bd-de7f759dedcb,17,18,35,110,0,110,127,18,145,1,4
2022-11-08,d71dff01-8c10-44ec-8a89-fb3e8bcc9de9,1,0,1,0,0,0,1,0,1,1,1
2022-11-08,d72e5085-b9db-4fc9-b258-f99a2a79aeb1,1,0,1,1,0,1,2,0,2,1,2
2022-11-08,d74f118f-7063-4fa1-ad10-a1b9aabd10e5,79,96,175,1,1,2,80,97,177,1,8
2022-11-08,d7618717-377a-4e31-8b79-f63c51a25de5,42,37,79,0,0,0,42,37,79,1,6
2022-11-08,d7726255-9164-41bc-b8fb-ef121903d72f,0,0,0,1,0,1,1,0,1,1,1
2022-11-08,d77c134f-2ebf-4f62-933f-26faa34328c2,1,0,1,0,0,0,1,0,1,1,1
2022-11-08,d788c0b6-bc41-4a61-b4a3-0d2d093df264,247,248,495,1,1,2,248,249,497,1,7
2022-11-08,d7b9fbd5-902e-4c1c-ae6e-0f5b3a23d942,2,2,4,2,3,5,4,5,9,1,3
2022-11-08,d7dd1db1-848d-45f9-b3ed-4671943025b7,42,27,69,0,1,1,42,28,70,1,7
2022-11-08,d826f8dd-76a6-48c0-837d-fa21048b7774,1,0,1,0,0,0,1,0,1,1,1
2022-11-08,d83dac9b-cec8-4250-883c-c668c8cd18b1,1,0,1,1,0,1,2,0,2,1,2
2022-11-08,d848af07-e086-4831-8494-8273ad2a7631,95,105,200,10,7,17,105,112,217,1,8
2022-11-08,d885419d-439d-4a71-9941-9d90ff5c33d3,1,1,2,0,0,0,1,1,2,1,2
2022-11-08,d8983ff2-d10f-4e28-8d15-150429f88b69,1,1,2,0,0,0,1,1,2,1,1
2022-11-08,d8a3b7cf-3be2-4ce7-94a5-83ff6142dec8,4,8,12,0,0,0,4,8,12,1,3
2022-11-08,d8bbef29-40e1-4a32-9e9e-1ea7ab8e98ad,23,15,38,1,0,1,24,15,39,1,2
2022-11-08,d8cf9a27-5bdd-43b3-b9f2-d4293391353a,3,4,7,0,0,0,3,4,7,1,5
2022-11-08,d8e0f9b0-8044-4e2d-b432-565bf6ff5838,44,36,80,48,20,68,92,56,148,1,11
2022-11-08,d8f41953-03b4-41fc-abd9-c219a12cf440,24,15,39,2,0,2,26,15,41,1,4
2022-11-08,d90cec14-88af-4393-913e-a1436376d9f4,11,12,23,89,29,118,100,41,141,1,8
2022-11-08,d91e149c-7714-4fa5-99d9-febe77e25d00,11,30,41,0,0,0,11,30,41,1,7
2022-11-08,d94eafee-81ba-454e-922e-7af426f43120,3,2,5,1,0,1,4,2,6,1,4
2022-11-08,d97ea465-9031-46cd-8bc4-707435096bc6,68,47,115,10,0,10,78,47,125,1,2
2022-11-08,d9a6df83-8ada-4eba-bb29-899b5f917eae,18,12,30,0,0,0,18,12,30,1,6
2022-11-08,d9b5b46b-0574-4666-b1c5-8513ec742cff,32,38,70,3,0,3,35,38,73,1,5
2022-11-08,d9bfbb8f-e013-4b8b-b69b-2d272c501bf0,1,0,1,0,0,0,1,0,1,1,1
2022-11-08,d9d80ebf-9bea-4e69-97f7-8905e30c0068,4,5,9,2,9,11,6,14,20,1,6
2022-11-08,d9fd39ba-e346-4f95-9d0a-e303e5f59ad0,14,5,19,14,2,16,28,7,35,1,7
2022-11-08,da266436-64e4-4bb6-88e8-5f1124fed648,5,6,11,0,0,0,5,6,11,1,2
2022-11-08,da59de80-6562-4b24-b648-98abdd8d3272,0,0,0,0,1,1,0,1,1,1,1
2022-11-08,da717bf3-d591-4b04-a27a-cd516d95bef6,59,89,148,6,3,9,65,92,157,1,7
2022-11-08,da865777-db43-4677-9ddc-95e6cc18573a,22,25,47,2,5,7,24,30,54,1,3
2022-11-08,daaaba62-cfc6-4d4e-8e35-d8026ca2e767,3,8,11,0,0,0,3,8,11,1,2
2022-11-08,dac79af8-959d-41ce-b078-5bad3ae975f1,54,47,101,6,2,8,60,49,109,1,1
2022-11-08,dadda0c7-fa81-496e-82da-d7bbbe5af905,11,10,21,12,15,27,23,25,48,1,2
2022-11-08,daf32afa-eda6-415b-b680-d0685ce8db26,0,0,0,2,0,2,2,0,2,1,1
2022-11-08,db19b5b5-0e03-4d83-8c81-6d4c480bcf24,2,0,2,0,0,0,2,0,2,1,1
2022-11-08,db1dc8f7-6722-482f-95a4-19b517a254e5,18,17,35,2,0,2,20,17,37,1,5
2022-11-08,db4fd914-652f-4488-8c87-56dc46865ba3,1,0,1,0,0,0,1,0,1,1,1
2022-11-08,dba98456-ec52-4daa-b866-ffbfe75c223e,27,42,69,1,0,1,28,42,70,1,6
2022-11-08,dbc81436-65ef-45c3-b0db-31df3c6116d1,1,1,2,0,0,0,1,1,2,1,1
2022-11-08,dbdc1f52-1802-4726-ab30-ad478da611bb,24,28,52,66,27,93,90,55,145,1,9
2022-11-08,dbf1e9b4-a63b-4309-859c-8ed1d3c98efe,0,2,2,0,0,0,0,2,2,1,1
2022-11-08,dc066ff1-2d41-4601-a8df-42f399b2d5e5,2,26,28,0,0,0,2,26,28,1,4
2022-11-08,dc13777e-f2d3-4998-84cb-49d08d684683,2,2,4,15,2,17,17,4,21,1,5
2022-11-08,dc2a5ce2-9c76-4ada-b628-7d3bae87a596,1,4,5,0,0,0,1,4,5,1,1
2022-11-08,dc62269b-6c46-4202-87c0-935b879675d4,0,0,0,1,0,1,1,0,1,1,1
2022-11-08,dc8f59a4-7e29-4fbd-8f93-6a3d25fa44a6,5,6,11,0,0,0,5,6,11,1,2
2022-11-08,dca160e2-09a6-4af2-bd44-7e02323d42c7,55,62,117,4,1,5,59,63,122,1,13
2022-11-08,dcc51d6b-6ac5-4dc0-ba6f-849ebc245921,0,0,0,2,0,2,2,0,2,1,2
2022-11-08,dcdbdc87-0813-40bc-879b-1ee26a202eb0,14,21,35,0,0,0,14,21,35,1,11
2022-11-08,dcf15e9c-9ea1-452b-93be-68e0e5dc4b1d,51,47,98,0,0,0,51,47,98,1,7
2022-11-08,dd1d92a0-c5a9-43dc-89d3-f21d620ad4c8,1,0,1,0,0,0,1,0,1,1,1
2022-11-08,dd378204-8735-43c2-91cb-c14f327f4b8c,7,10,17,0,0,0,7,10,17,1,3
2022-11-08,dd6741ff-833b-47b9-abaf-ee2a05f83c20,10,4,14,0,0,0,10,4,14,1,5
2022-11-08,dd79d717-3c0d-4111-9906-f4feccb80d67,28,23,51,30,2,32,58,25,83,1,6
2022-11-08,dd958398-cb9f-413f-95e8-e601b182c393,1,1,2,0,0,0,1,1,2,1,1
2022-11-08,ddb431c2-7e27-4cae-a0a2-35674c239003,4,0,4,0,0,0,4,0,4,1,4
2022-11-08,ddd85f48-28a5-4a1a-9275-f0a86ed568bf,3,1,4,0,0,0,3,1,4,1,1
2022-11-08,ddeabaa6-709a-4614-8aa4-0f8f4992f5e3,0,0,0,1,0,1,1,0,1,1,1
2022-11-08,ddf5ce9f-8d84-40fb-bdc9-2a8591ac279e,7,6,13,0,0,0,7,6,13,1,3
2022-11-08,de0f2c8e-3d7a-437b-80aa-7dd3cdb330b3,10,11,21,0,0,0,10,11,21,1,2
2022-11-08,de3637e9-3eb0-4610-b66f-6b59e15ed70b,1,2,3,0,0,0,1,2,3,1,1
2022-11-08,de507837-bfb6-4c3b-b227-85da04cb5d8a,0,0,0,1,0,1,1,0,1,1,1
2022-11-08,de7239b5-acc6-4209-b915-485796874397,15,14,29,0,5,5,15,19,34,1,6
2022-11-08,de96b5a8-6e79-4302-8e2c-36e4bc02f6c3,3,5,8,18,2,20,21,7,28,1,4
2022-11-08,deba5467-32df-4a1c-b782-6253bea46e6f,50,67,117,4,8,12,54,75,129,1,11
2022-11-08,dee8ff5b-0fcf-4e9d-b159-98fdb4c1b2c4,2,1,3,3,0,3,5,1,6,1,2
2022-11-08,def4ffad-2bb9-4bf9-bd2c-b4432aae9474,2,1,3,0,0,0,2,1,3,1,2
2022-11-08,df10519d-5272-462c-b401-2a93e1a692c7,11,18,29,0,0,0,11,18,29,1,4
2022-11-08,df30d24e-2cbd-4f4e-86e9-78eaf4d7dc96,6,7,13,0,0,0,6,7,13,1,2
2022-11-08,df4e59a9-910b-44e5-8971-b3d579c530e2,3,6,9,0,0,0,3,6,9,1,2
2022-11-08,df62ae18-f6ae-4a3f-b41c-7b041075a672,1,1,2,0,0,0,1,1,2,1,1
2022-11-08,df83d55c-cbf1-4451-8c15-99bf1b6d22d6,15,15,30,1,2,3,16,17,33,1,5
2022-11-08,dfb03157-6af6-49fa-a5e7-12c79d4a35d6,56,56,112,17,6,23,73,62,135,1,7
2022-11-08,dfcc27c0-ed89-446a-9100-942c9af69aa4,4,11,15,0,0,0,4,11,15,1,1
2022-11-08,dfe01ca5-20d0-4220-ae57-e4aafb2e4bff,4,9,13,4,0,4,8,9,17,1,2
2022-11-08,e0073b90-dfef-42fa-8adc-b18d4a298cd5,1,3,4,0,0,0,1,3,4,1,4
2022-11-08,e01fbc20-67e1-4419-a8df-6a240348b926,4,4,8,0,0,0,4,4,8,1,2
2022-11-08,e029fca5-7876-4858-b930-ea42e3fc820e,2,0,2,0,0,0,2,0,2,1,2
2022-11-08,e03f09de-7631-4b0e-bcb1-f6f9dd77abcd,37,20,57,5,1,6,42,21,63,1,6
2022-11-08,e069649d-ecaf-40a5-bdb2-7f9fcce29e44,1,0,1,0,0,0,1,0,1,1,1
2022-11-08,e09104f9-c72c-4d07-b50f-7eaded7dac0b,15,19,34,0,0,0,15,19,34,1,1
2022-11-08,e0b96ed4-d141-450a-9cb7-8306cef3aca1,1,3,4,0,0,0,1,3,4,1,2
2022-11-08,e0e4bf00-c2c0-490f-8dd7-8fa0d06da3c0,5,2,7,0,0,0,5,2,7,1,3
2022-11-08,e1075e90-f281-4ab3-8ba7-8dbf2c74fa99,394,380,774,220,95,315,614,475,1089,1,12
2022-11-08,e11b1cc2-d0e2-4ed5-858b-175b1ee213a2,18,21,39,3,0,3,21,21,42,1,5
2022-11-08,e1390fb6-8460-4330-b7d5-c98a4dcbf278,1,0,1,0,0,0,1,0,1,1,1
2022-11-08,e14a35bb-2d71-472b-89ec-e8950df494ae,4,5,9,3,3,6,7,8,15,1,3
2022-11-08,e1621d6d-636d-44af-8016-19eaebdf190a,0,0,0,17,0,17,17,0,17,1,1
2022-11-08,e18ad3a3-b1ea-4bb9-bbca-1579fd1f8c34,1,0,1,0,0,0,1,0,1,1,1
2022-11-08,e19cc295-6e41-4615-8299-2e96d2a8cf84,4,6,10,0,0,0,4,6,10,1,2
2022-11-08,e1aa2f18-8d1a-4bcc-83e6-45f03f3287c3,4,0,4,0,2,2,4,2,6,1,3
2022-11-08,e1c44bc9-d793-47a2-9cb3-5b62f6329362,2,4,6,0,0,0,2,4,6,1,1
2022-11-08,e1e1a667-04f5-41f7-b6eb-c6034ddba90c,1,1,2,0,1,1,1,2,3,1,1
2022-11-08,e21b5679-6954-4e67-b680-6b5ce86f313f,193,286,479,5,3,8,198,289,487,1,22
2022-11-08,e231dd97-c2b6-4165-91bf-43396375fb9c,5,7,12,0,0,0,5,7,12,1,3
2022-11-08,e257feae-aa0e-4f14-9b83-63fa4256301f,16,22,38,0,1,1,16,23,39,1,3
2022-11-08,e2774ca9-ab8d-4871-9aaa-75656c876fe0,10,9,19,0,0,0,10,9,19,1,3
2022-11-08,e29feec8-b264-48e7-86f2-d4e36b57cd16,23,41,64,3,0,3,26,41,67,1,4
2022-11-08,e2b2bd1a-6104-4b18-9ecd-9c25dfbb0a63,1,0,1,0,0,0,1,0,1,1,1
2022-11-08,e2ce077b-b71c-4446-b973-47c0bff56684,2,0,2,0,0,0,2,0,2,1,1
2022-11-08,e2e8d89e-c305-49fa-9c94-090237f039de,8,10,18,3,3,6,11,13,24,1,5
2022-11-08,e31494f9-ca32-40b7-bbdb-bb426b39ba32,18,14,32,57,35,92,75,49,124,1,7
2022-11-08,e34afda8-c1ff-469a-9a58-d1f3f2b76b25,8,10,18,0,0,0,8,10,18,1,2
2022-11-08,e3771237-71b1-459d-9569-7c81a6e5ca7c,2,1,3,0,0,0,2,1,3,1,1
2022-11-08,e39f5546-f82b-4687-b62d-83a62e091f24,22,46,68,0,0,0,22,46,68,1,3
2022-11-08,e3bcc085-62e7-4ab4-b26d-c648cc64f128,3,0,3,0,0,0,3,0,3,1,2
2022-11-08,e3dcf0bc-21c8-46d2-9381-e48c6dd2bdf2,6,5,11,1,2,3,7,7,14,1,1
2022-11-08,e41dbde6-8700-4fc0-80e9-7d544f1ceacd,10,16,26,0,0,0,10,16,26,1,3
2022-11-08,e43e8d9b-d321-4116-95b5-53f9c2eea704,10,12,22,38,0,38,48,12,60,1,4
2022-11-08,e448e846-7b71-4df8-b7d5-27a72c1af5e9,3,3,6,0,1,1,3,4,7,1,2
2022-11-08,e45191dc-c166-4e25-9c4d-28d611b30733,1,0,1,0,0,0,1,0,1,1,1
2022-11-08,e45e953d-b719-4b77-a798-10b6197a6010,14,20,34,0,0,0,14,20,34,1,2
2022-11-08,e4711529-be3d-458f-8ff9-c5d8c67776ba,4,3,7,0,0,0,4,3,7,1,3
2022-11-08,e47f3b62-3fed-4616-a27e-e0f3e2dea95c,4,5,9,16,1,17,20,6,26,1,5
2022-11-08,e4aee9b5-9a5a-4301-9c77-6283785c93ac,3,7,10,25,6,31,28,13,41,1,5
2022-11-08,e4c1e521-8423-4c23-99ab-54f15f398725,70,220,290,6,21,27,76,241,317,1,9
2022-11-08,e4e5b0fb-6f82-44c0-a659-8863d2a3e2e4,97,138,235,75,27,102,172,165,337,1,12
2022-11-08,e509f984-ccba-4cb4-8a0b-0807fcc8e49f,8,14,22,10,2,12,18,16,34,1,4
2022-11-08,e52453f1-b606-4ba3-820f-9260c698be06,7,5,12,2,2,4,9,7,16,1,4
2022-11-08,e53322e7-6b4e-4d4c-a921-ad360416a63b,5,1,6,8,0,8,13,1,14,1,4
2022-11-08,e54af9ee-cf75-4b87-9229-fca6b7b0c90c,19,11,30,7,16,23,26,27,53,1,17
2022-11-08,e55796fb-c0ab-4c4c-b1bc-0725aa391752,3,0,3,0,0,0,3,0,3,1,2
2022-11-08,e5784389-b643-4253-91fd-e99d823542c4,0,0,0,1,1,2,1,1,2,1,1
2022-11-08,e5967de7-2708-4459-bcca-3a62683647ca,189,258,447,0,0,0,189,258,447,1,8
2022-11-08,e5d7329f-0aaf-49e4-81fe-2a49a7a05bc0,1,0,1,1,0,1,2,0,2,1,1
2022-11-08,e5fd681d-d6c4-40d1-9972-151dfbaf8c27,1,0,1,0,0,0,1,0,1,1,1
2022-11-08,e6055fc9-34e2-4940-9d02-3907df337f29,1,0,1,0,0,0,1,0,1,1,1
2022-11-08,e6328290-ac5b-4ac9-9b47-c34bea1a27bd,7,9,16,0,0,0,7,9,16,1,2
2022-11-08,e64f842e-5e3e-488e-b840-92a1a07a91c2,132,134,266,35,3,38,167,137,304,1,3
2022-11-08,e68a08d7-22d2-4375-8a8f-9326c8b0b041,21,18,39,2,1,3,23,19,42,1,7
2022-11-08,e6a2e9f8-a323-4576-8280-0b763c0895f3,23,21,44,8,4,12,31,25,56,1,7
2022-11-08,e6b89369-b6ce-47c3-988e-a56c38cf8c29,20,23,43,8,9,17,28,32,60,1,5
2022-11-08,e6d309fd-cc96-4b6c-befe-b88e0b47fa3f,9,5,14,0,0,0,9,5,14,1,1
2022-11-08,e6ee2848-5ac2-4dc6-834e-570d851ad1fb,0,1,1,0,0,0,0,1,1,1,1
2022-11-08,e70a64af-b54d-488e-8542-9d64361b511f,52,66,118,15,3,18,67,69,136,1,13
2022-11-08,e724816d-babc-40fa-8d02-d93740c12815,25,26,51,1,2,3,26,28,54,1,4
2022-11-08,e73860b4-720a-4f65-91d9-7e4a7572e161,2,0,2,0,0,0,2,0,2,1,1
2022-11-08,e769cb3f-abee-41be-85ce-8a255fc6ce32,32,26,58,20,14,34,52,40,92,1,5
2022-11-08,e78f143d-575f-451e-addd-fae7966db6f1,38,52,90,7,10,17,45,62,107,1,6
2022-11-08,e7c42e61-d323-40b4-8a99-39abb293d37c,20,26,46,2,3,5,22,29,51,1,10
2022-11-08,e7d5e1b1-d1c1-484f-bc27-28d10599fa63,21,24,45,13,13,26,34,37,71,1,7
2022-11-08,e7f4f118-8af1-4c1d-856c-d817a0fd174f,13,30,43,35,11,46,48,41,89,1,5
2022-11-08,e7ff259e-875c-4ea3-b1bc-adea26354b6b,23,31,54,16,6,22,39,37,76,1,7
2022-11-08,e814bb35-5672-4656-8fdb-23ece4272579,1,3,4,0,0,0,1,3,4,1,1
2022-11-08,e832371f-6e84-4853-b676-c83accbf6e24,9,15,24,0,0,0,9,15,24,1,4
2022-11-08,e86882f5-b728-4545-85aa-996bdbdb4bc9,6,8,14,2,1,3,8,9,17,1,4
2022-11-08,e89d2f85-a93b-4f41-b209-6d313eaf5483,5,3,8,3,7,10,8,10,18,1,2
2022-11-08,e8b5e6f9-e1bf-4751-8d72-ae5ddbcd4886,5,5,10,1,3,4,6,8,14,1,2
2022-11-08,e8dc3905-7d26-414d-95bd-1173d74d2aaa,0,2,2,2,1,3,2,3,5,1,2
2022-11-08,e918c789-5c78-44c8-b2bc-bab970bf7946,2,0,2,16,6,22,18,6,24,1,3
2022-11-08,e9356832-e35d-4b5a-bb70-0aee583f2590,0,1,1,0,0,0,0,1,1,1,1
2022-11-08,e94ef03a-ccc9-4834-8972-c271f822cf7f,55,58,113,9,1,10,64,59,123,1,12
2022-11-08,e96d7f10-f4b4-4271-a0c9-3e6410342e5f,1,0,1,9,0,9,10,0,10,1,2
2022-11-08,e99e37cf-13df-43c4-8489-6a6c7bca846e,66,106,172,111,113,224,177,219,396,1,17
2022-11-08,e9cb3ce7-8b03-47e1-a964-4df6ff411ea1,32,42,74,3,9,12,35,51,86,1,12
2022-11-08,e9d5a9f1-4d4b-4f4e-bf6f-7d307d045c8f,3,11,14,0,0,0,3,11,14,1,1
2022-11-08,e9f55922-3e2c-44f6-8df7-44b21ca60ce4,188,200,388,0,2,2,188,202,390,1,3
2022-11-08,ea1f266c-231b-4691-a84d-ea5f8e0a8180,31,38,69,1,3,4,32,41,73,1,6
2022-11-08,ea5331a1-e795-43db-af4e-d012419fdac3,35,46,81,1,0,1,36,46,82,1,6
2022-11-08,ea703ddb-e9df-4f28-aa6b-8f85232f25c7,5,3,8,0,0,0,5,3,8,1,2
2022-11-08,ea8f3336-2640-4a5e-af5f-d6a662531a21,26,44,70,48,32,80,74,76,150,1,6
2022-11-08,eab56e26-6c1a-46e5-b0e7-793add7ef0c2,3,2,5,2,0,2,5,2,7,1,3
2022-11-08,eaca726f-8274-4a1e-99ac-6dca1a357a21,20,19,39,1,0,1,21,19,40,1,5
2022-11-08,eafc88f7-3a1d-406a-8d08-1c62ecca708b,4,0,4,0,0,0,4,0,4,1,4
2022-11-08,eb2ef483-6245-40a9-9ed6-e7af0679090d,3,1,4,0,1,1,3,2,5,1,3
2022-11-08,eb458e2d-5bc4-401d-890a-3886d9bd15f8,0,4,4,0,0,0,0,4,4,1,3
2022-11-08,eb57a296-6483-4453-8242-e472bcf650f3,2,1,3,0,0,0,2,1,3,1,2
2022-11-08,eb68accb-5fd3-42bb-9e60-623921f1acb2,13,20,33,2,2,4,15,22,37,1,4
2022-11-08,eb7275d2-7188-494e-a69b-9f69f579f8a0,5,5,10,1,0,1,6,5,11,1,4
2022-11-08,eb8ab216-8cb0-4215-9860-094b725076c0,41,31,72,2,2,4,43,33,76,1,8
2022-11-08,eb9efba8-759b-4de0-a009-e583b5a035b6,16,7,23,1,0,1,17,7,24,1,7
2022-11-08,ebb092b0-0a34-484f-ade4-ac5ca48fd411,0,0,0,0,6,6,0,6,6,1,2
2022-11-08,ebe2ca80-0151-4b8e-9082-b5802cd87ec7,77,91,168,1,5,6,78,96,174,1,4
2022-11-08,ec06ca85-165b-4722-82d9-4b4c06508976,21,13,34,0,0,0,21,13,34,1,2
2022-11-08,ec2c56c4-b8d9-4d50-a8cf-0f01f021582f,106,108,214,0,0,0,106,108,214,1,18
2022-11-08,ec497894-efa2-4991-8881-01058863838d,0,0,0,1,0,1,1,0,1,1,1
2022-11-08,ec983bc7-6cfa-4a0d-aac8-9a3681875727,1,2,3,0,0,0,1,2,3,1,2
2022-11-08,eca992c9-a74f-43a5-a212-0f2ff8b819c4,13,27,40,0,0,0,13,27,40,1,5
2022-11-08,ecd9cc5f-5a73-4a97-ae9d-58f18a983583,0,0,0,6,0,6,6,0,6,1,2
2022-11-08,ed025d29-3b75-447f-8d45-e17d3725617b,4,7,11,1,0,1,5,7,12,1,6
2022-11-08,ed22efdb-2f79-4463-bd5c-6cd051de117a,0,0,0,1,0,1,1,0,1,1,1
2022-11-08,ed5871db-41a3-40ce-8a1f-b81a0bc44ebd,20,21,41,3,0,3,23,21,44,1,5
2022-11-08,ed7ae7d1-5232-4830-849c-d6c851620dd0,0,1,1,0,0,0,0,1,1,1,1
2022-11-08,ed97bd4a-9d47-4b95-8f15-34f546f86537,8,11,19,2,11,13,10,22,32,1,12
2022-11-08,edc53a0a-6de4-4fb1-96a8-86d87635836c,27,29,56,0,0,0,27,29,56,1,6
2022-11-08,edcd1225-8a8b-4dcf-a76d-32d2e9b2d9c4,0,2,2,5,0,5,5,2,7,1,2
2022-11-08,ee0167c3-9900-4e22-ab50-6782620a39b7,21,21,42,2,1,3,23,22,45,1,7
2022-11-08,ee293b43-0cca-4c45-8620-6dc9611a3ca7,117,148,265,8,0,8,125,148,273,1,9
2022-11-08,ee4179e5-c5d3-4144-b729-650000de959f,1,4,5,1,0,1,2,4,6,1,2
2022-11-08,ee5e3f54-8c65-409c-9818-e911529e410d,9,17,26,11,5,16,20,22,42,1,4
2022-11-08,ee8a9476-7007-42c1-add5-654cdb65e37c,300,301,601,42,37,79,342,338,680,1,2
2022-11-08,eeb8be79-e9ef-43dc-a0b0-eb7feaa87456,43,51,94,0,2,2,43,53,96,1,7
2022-11-08,eeddc97c-303a-42b7-8f88-70f9f92fabd3,0,0,0,3,3,6,3,3,6,1,1
2022-11-08,eeeb349a-80cf-4aa9-a7bd-85de13f0ec6d,1,0,1,0,0,0,1,0,1,1,1
2022-11-08,ef08353a-2209-44f7-a088-3ff6d3a8fab8,80,78,158,1,3,4,81,81,162,1,4
2022-11-08,ef14034b-5848-405d-89a5-ec1dc73692e3,12,28,40,0,2,2,12,30,42,1,5
2022-11-08,ef2ce80a-3abc-4be5-8045-beeaacc665a4,17,19,36,5,0,5,22,19,41,1,5
2022-11-08,ef3ec544-9327-4ce9-8eba-837a0a819cee,3,0,3,0,0,0,3,0,3,1,1
2022-11-08,ef51a220-8b8c-451b-8988-741e53ee1fca,0,0,0,2,0,2,2,0,2,1,2
2022-11-08,ef58b6f6-721f-4e28-9bfc-30c8ec61208c,5,6,11,0,0,0,5,6,11,1,1
2022-11-08,ef637946-e2de-4355-94df-9f1d27e226ee,1,2,3,2,0,2,3,2,5,1,1
2022-11-08,ef963ee4-1541-457a-85e4-8a90e75d9e70,94,122,216,0,0,0,94,122,216,1,11
2022-11-08,efa88057-eee0-4463-958d-46c66dfc877a,188,162,350,1,0,1,189,162,351,1,5
2022-11-08,efe03e34-1725-4b6f-9f52-686570d91e8b,2,4,6,1,0,1,3,4,7,1,3
2022-11-08,eff48f57-7aca-4eff-97f1-e547ad202635,1,1,2,0,0,0,1,1,2,1,1
2022-11-08,f0186e1e-85cc-4e62-a76a-9e25ffd9c56c,0,0,0,1,0,1,1,0,1,1,1
2022-11-08,f04b7544-63ee-4b2f-bd72-c12bcd7a3790,1,3,4,0,0,0,1,3,4,1,1
2022-11-08,f06ad6d5-de46-41e8-ae8d-c2129d7faa1a,45,37,82,0,17,17,45,54,99,1,9
2022-11-08,f0a49170-4127-4f7e-9b91-d4ad63f74946,3,6,9,1,2,3,4,8,12,1,5
2022-11-08,f0b7bab2-9e3f-4b9e-bc2f-a9bcc3a12851,79,132,211,3,0,3,82,132,214,1,5
2022-11-08,f0d51632-b56e-40ea-b871-47520815f944,3,0,3,1,0,1,4,0,4,1,2
2022-11-08,f10c8f85-ddd9-43f8-a369-74277d23e10b,1,2,3,1,0,1,2,2,4,1,2
2022-11-08,f1428ac9-40ca-48aa-a5d3-68ad7d61b484,23,63,86,0,7,7,23,70,93,1,7
2022-11-08,f14ff413-dbb7-4d07-8dc5-bbe218cd9cc9,14,14,28,6,1,7,20,15,35,1,5
2022-11-08,f164c09e-21b0-4580-9f30-3d679ea7a70a,1,1,2,0,0,0,1,1,2,1,1
2022-11-08,f18c766f-7b2b-4b55-affa-3af460c7115f,31,26,57,1,0,1,32,26,58,1,7
2022-11-08,f1a11949-e2a6-4c0c-8f13-a50e3f194feb,0,0,0,1,0,1,1,0,1,1,1
2022-11-08,f1b98557-7cae-40eb-89c2-c9c5e7a75ab0,2,2,4,5,0,5,7,2,9,1,3
2022-11-08,f1ce4613-4992-40e2-865e-fdfbce9e97f2,61,52,113,26,8,34,87,60,147,1,1
2022-11-08,f1e3817a-864b-483f-86ab-0e9e4ac07993,49,26,75,0,0,0,49,26,75,1,3
2022-11-08,f20a6f91-ad43-48ae-92ee-285fd8ebf71f,58,67,125,4,0,4,62,67,129,1,6
2022-11-08,f2278092-46f9-4273-85af-a933eaa0b04a,29,19,48,6,2,8,35,21,56,1,7
2022-11-08,f260a097-83d9-4ae9-bdbe-46bb66eda681,13,8,21,2,0,2,15,8,23,1,1
2022-11-08,f28ad6de-7cbf-4835-8ac6-3700bd91f6e7,4,4,8,0,0,0,4,4,8,1,3
2022-11-08,f2bc1224-0906-4f29-a74d-ab4458879f0c,6,5,11,9,3,12,15,8,23,1,3
2022-11-08,f2db09ef-67ee-4de7-acd3-ffb3e1030905,27,37,64,4,0,4,31,37,68,1,12
2022-11-08,f30177cf-2536-444c-9e33-55b024be287a,21,30,51,1,1,2,22,31,53,1,7
2022-11-08,f30d0e61-abdc-495c-b1d5-b67c96b4d073,295,230,525,5,3,8,300,233,533,1,13
2022-11-08,f34607ca-bbc0-46ce-ade8-d84c75d0f951,1,1,2,0,0,0,1,1,2,1,1
2022-11-08,f356d03d-1c21-4281-b450-fdc9bd54de02,6,4,10,1,0,1,7,4,11,1,4
2022-11-08,f36ec116-2a4f-4995-9757-90f9920e2b15,24,30,54,9,4,13,33,34,67,1,7
2022-11-08,f3929072-c891-4c63-8363-4fb87706b763,39,50,89,1,6,7,40,56,96,1,7
2022-11-08,f3a928d4-6fc3-4904-8244-b99ceff5f39c,60,91,151,2,0,2,62,91,153,1,9
2022-11-08,f3b46ba7-d0bc-4aac-ad9d-48e9a988a071,70,84,154,7,9,16,77,93,170,1,19
2022-11-08,f3cf1fe6-50b3-4cf4-8f2f-909ae9e1e86f,10,9,19,1,0,1,11,9,20,1,6
2022-11-08,f3f65409-9a2a-4606-b63b-2f453a1beda2,193,191,384,13,11,24,206,202,408,1,4
2022-11-08,f40c8c88-129d-4c81-a9e0-4a94b6f0e74e,64,102,166,5,0,5,69,102,171,1,8
2022-11-08,f44596cc-f47f-4dcb-b548-9acd8689e2f9,5,10,15,1,1,2,6,11,17,1,5
2022-11-08,f45b6aab-7abc-4124-a241-bacafb9873df,30,58,88,8,4,12,38,62,100,1,4
2022-11-08,f46d0e50-f472-4be6-9f8c-62ae18a772c7,0,0,0,16,0,16,16,0,16,1,2
2022-11-08,f48db570-993b-4432-8c9b-2d6330880c3f,55,61,116,5,1,6,60,62,122,1,10
2022-11-08,f4c14ea2-d40c-4c1e-8969-f6b6a84d3e11,5,0,5,0,0,0,5,0,5,1,4
2022-11-08,f4dc2c99-e868-403b-bdaa-c1bad64b6d6f,1,1,2,0,0,0,1,1,2,1,1
2022-11-08,f4fb8844-e4a7-41cd-845b-a745d16e07f8,22,19,41,10,0,10,32,19,51,1,7
2022-11-08,f51a57ec-78be-4369-8952-4a1ce41c1a17,34,29,63,0,0,0,34,29,63,1,1
2022-11-08,f52f21c7-b82c-4b4a-af7a-fa10f06b68a1,13,16,29,0,0,0,13,16,29,1,4
2022-11-08,f54919ef-df9c-4704-8171-9d55aea4d45d,1,1,2,0,0,0,1,1,2,1,1
2022-11-08,f5623d27-caa7-4e9b-b3ba-f5fe63aad8ef,5,0,5,1,0,1,6,0,6,1,3
2022-11-08,f584c8c7-aab5-4a70-af96-799303d58d30,2,0,2,1,0,1,3,0,3,1,3
2022-11-08,f59cd81b-0874-4363-8f43-81de63c9240c,0,0,0,1,0,1,1,0,1,1,1
2022-11-08,f5c2bf8f-2ae8-475f-a586-3164ddbe2e5c,2,1,3,0,0,0,2,1,3,1,1
2022-11-08,f5eb5932-7895-446b-aea3-dd0313a8aed1,59,55,114,4,0,4,63,55,118,1,7
2022-11-08,f5f93f6a-3028-4a5d-a24f-aac9bd433833,1,5,6,18,12,30,19,17,36,1,2
2022-11-08,f61ea6c4-75fc-4b78-ada0-9bf34480c715,2,9,11,1,0,1,3,9,12,1,2
2022-11-08,f63c2dfe-a5ed-415e-a2a3-497e0b7aea83,1,0,1,0,0,0,1,0,1,1,1
2022-11-08,f655d2ed-9a5c-4c34-9e1b-c3a5123c05cc,20,23,43,0,0,0,20,23,43,1,2
2022-11-08,f6842190-5adb-4dea-892c-6f830d6d065e,4,0,4,0,0,0,4,0,4,1,2
2022-11-08,f6b800d5-81f0-4bdc-9b2a-84d9a4c1025d,7,5,12,0,0,0,7,5,12,1,4
2022-11-08,f6dcd8bd-ee89-4ed6-85f8-25010eafe9b4,2,5,7,15,0,15,17,5,22,1,8
2022-11-08,f700e29e-c307-4af9-9aa2-f9a4514e1f9e,2,0,2,0,1,1,2,1,3,1,3
2022-11-08,f721cf74-3d33-41d4-aca3-6629e336d8e3,5,5,10,2,0,2,7,5,12,1,3
2022-11-08,f73c5b1b-77d7-4c5e-9376-c39c996004f4,27,33,60,4,3,7,31,36,67,1,5
2022-11-08,f769d3c8-fc17-4280-a392-228ae1dad911,12,10,22,0,0,0,12,10,22,1,2
2022-11-08,f7a2f947-a85f-4d38-91df-8ef926cf511f,8,14,22,4,3,7,12,17,29,1,4
2022-11-08,f7afdc6f-1cad-492c-9d2f-17e428f80627,24,11,35,2,2,4,26,13,39,1,4
2022-11-08,f7cd5b73-48c0-4d52-8371-c648e0dc10a2,1,0,1,0,0,0,1,0,1,1,1
2022-11-08,f7e12bad-8341-416f-a30b-3dc0a35c68f7,36,68,104,0,1,1,36,69,105,1,4
2022-11-08,f80d169a-5cbe-459f-a855-6805884f7c85,3,4,7,0,0,0,3,4,7,1,1
2022-11-08,f82e5d12-ac34-4268-ad62-f649756e5bbb,21,25,46,0,1,1,21,26,47,1,3
2022-11-08,f848e297-8901-467f-9224-6df041c849ba,5,6,11,1,0,1,6,6,12,1,4
2022-11-08,f86479e3-3b00-4569-9c21-373fe2872831,40,55,95,16,2,18,56,57,113,1,15
2022-11-08,f88ce60c-6462-4fd9-a55a-977921fa02f5,26,18,44,0,0,0,26,18,44,1,3
2022-11-08,f89bd717-979b-4b1f-acbd-8dd37e45e00a,0,0,0,1,0,1,1,0,1,1,1
2022-11-08,f8ab081b-ff99-4a45-b552-d0510b3279f8,2,1,3,1,1,2,3,2,5,1,2
2022-11-08,f8c52edb-87e5-4210-a353-2ebf68db90c5,6,3,9,132,9,141,138,12,150,1,7
2022-11-08,f8f998f0-0e4e-4a4d-9f1b-871e5d0ae775,0,0,0,25,1,26,25,1,26,1,3
2022-11-08,f90416f2-e252-4dbe-8651-8cc1023f1211,18,25,43,0,1,1,18,26,44,1,5
2022-11-08,f924a0d6-0fa3-4e24-97c6-d024a36bb7e7,168,136,304,12,2,14,180,138,318,1,7
2022-11-08,f9434905-6e32-401b-9732-1ed7e36f162c,3,4,7,14,19,33,17,23,40,1,4
2022-11-08,f95c3abe-9c3f-4d04-9f35-9cb2df912bda,126,171,297,0,0,0,126,171,297,1,3
2022-11-08,f97f5d1a-e0a4-4d6c-a942-d783a83c5465,5,4,9,0,0,0,5,4,9,1,2
2022-11-08,f9a787d7-ae83-45a4-a36a-76a7ef24cdb8,4,1,5,0,0,0,4,1,5,1,3
2022-11-08,f9ddb341-9abf-40c1-9b45-0ba84469e410,16,14,30,1,2,3,17,16,33,1,4
2022-11-08,fa057088-db82-4c97-93f9-99ca41f46c4d,30,29,59,1,0,1,31,29,60,1,7
2022-11-08,fa2b4077-3df9-43fc-bfa8-85a34ae3a4c0,6,17,23,16,13,29,22,30,52,1,6
2022-11-08,fa41f505-3379-4bd9-82f8-2e4d4760d93d,13,7,20,0,1,1,13,8,21,1,4
2022-11-08,fa64cd4f-053e-47a0-8242-6c3e807c605e,7,4,11,2,0,2,9,4,13,1,3
2022-11-08,fa71ec8f-cf7a-45cd-b3cd-036255a0d03b,27,37,64,11,6,17,38,43,81,1,6
2022-11-08,fa8c9cc1-9ad5-4a1b-82eb-50bd6710aeb4,3,2,5,0,0,0,3,2,5,1,1
2022-11-08,faa66fba-cfeb-4961-bca9-1fbe46c5e6f3,36,35,71,4,1,5,40,36,76,1,4
2022-11-08,fabc8a97-b79b-4e2a-9338-1a23bb34f510,0,2,2,0,1,1,0,3,3,1,1
2021-04-07,c6275c22-a17a-47f4-bb65-8abbcc47a6ba,9,12,21,0,0,0,9,12,21,1,3
2021-04-07,c6c22615-09e1-48ef-95f5-b2d0ddc7d648,0,2,2,1,0,1,1,2,3,1,1
2021-04-07,c7da23d0-1393-4ced-9c28-b19e2a4b4359,16,19,35,2,0,2,18,19,37,1,3
2021-04-07,c8f90f76-872d-4418-900a-11e0229fa2b0,1,1,2,0,0,0,1,1,2,1,1
2021-04-07,c9d9b52a-866b-4162-b0ab-9e1b8dfe5b73,3,1,4,0,0,0,3,1,4,1,2
2021-04-07,caf6b8b3-0660-4f91-8050-e3905ef17232,0,1,1,0,0,0,0,1,1,1,1
2021-04-07,cbcd37dd-b5e8-4dba-b8e9-5c6e39d81de7,7,2,9,0,0,0,7,2,9,1,2
2021-04-07,cc8211c9-83ac-4086-ad81-daeb610dfe17,2,0,2,0,0,0,2,0,2,1,2
2021-04-07,cdd30c8e-a8a6-4849-990d-0745d1760e9b,20,22,42,0,0,0,20,22,42,1,3
2021-04-07,cee5f0c0-d141-4e29-9e66-7448e4ef9ead,7,11,18,0,1,1,7,12,19,1,1
2021-04-07,d04de75a-af8c-41ee-86bc-960db4d08d4a,26,5,31,0,0,0,26,5,31,1,3
2021-04-07,d279020d-6038-42cc-9164-38b9a0a09bc1,9,17,26,0,0,0,9,17,26,1,2
2021-04-07,d4e6b19d-2cf0-4cdd-8e53-eec1a8f5b7fe,25,24,49,0,0,0,25,24,49,1,7
2021-04-07,d5d53b76-ce13-466a-b113-0adf5b061e60,12,8,20,0,0,0,12,8,20,1,3
2021-04-07,d841d7e2-66e2-407f-93d6-cb7fd4de5ce0,33,41,74,3,7,10,36,48,84,1,8
2021-04-07,d8a01176-2827-4992-9204-14ab4a327622,1,0,1,0,0,0,1,0,1,1,1
2021-04-07,d8f85b18-f440-41dc-8b66-3a2f80a07e01,72,98,170,6,0,6,78,98,176,1,12
2021-04-07,d9a19d53-96d9-453a-9f48-0eeec3cfd71c,2,3,5,0,0,0,2,3,5,1,1
2021-04-07,dbe54597-abed-461c-95cb-d00cd90eeaec,17,30,47,1,0,1,18,30,48,1,9
2021-04-07,dc330582-40b9-4aeb-b524-5cb2906500c5,28,32,60,0,0,0,28,32,60,1,7
2021-04-07,dd981a70-7237-4e31-9da6-6a3a4c893946,9,7,16,0,0,0,9,7,16,1,4
2021-04-07,de2cea32-f811-4b15-a8bd-7d75fa319642,20,21,41,0,0,0,20,21,41,1,3
2021-04-07,df95111c-3343-43b7-9a11-914e09860fb3,15,16,31,1,2,3,16,18,34,1,3
2021-04-07,e0778165-6e60-40a8-974e-f7cb4ca80502,1,0,1,0,0,0,1,0,1,1,1
2021-04-07,e16f74f7-33d5-4921-ae4b-6f8d2983fb7b,67,39,106,0,0,0,67,39,106,1,7
2021-04-07,e1e56b99-43d3-4cd7-8a09-5435013a4705,1,1,2,0,0,0,1,1,2,1,1
2021-04-07,e2b8495e-7273-4f59-9a4a-b84d48cff6e3,4,6,10,0,0,0,4,6,10,1,3
2021-04-07,e3e36274-9575-4786-812e-5e0afca18699,7,0,7,0,1,1,7,1,8,1,4
2021-04-07,e4993117-e9e0-490c-8f91-18c743cb99b6,13,16,29,0,3,3,13,19,32,1,3
2021-04-07,e53385a8-c67b-4ce4-a153-fffbcfb7648d,1,0,1,0,0,0,1,0,1,1,1
2021-04-07,e5f57f43-8737-4817-999f-e5e41bee00c1,31,43,74,16,0,16,47,43,90,1,9
2021-04-07,e779d921-b344-4dd4-81bf-77ea43aae7ea,10,2,12,0,0,0,10,2,12,1,3
2021-04-07,e8862036-73e5-496d-a4e7-2a25cf8b5afc,25,39,64,2,1,3,27,40,67,1,3
2021-04-07,e95c1f05-e107-450b-b8c5-e83f9380dc49,3,4,7,0,0,0,3,4,7,1,2
2021-04-07,eaff447b-3b07-494f-beb5-476a66ee13aa,0,1,1,0,0,0,0,1,1,1,1
2021-04-07,eb57a296-6483-4453-8242-e472bcf650f3,28,26,54,0,0,0,28,26,54,1,4
2021-04-07,edd272eb-24ef-4afc-90b0-b93447de4cfb,0,4,4,0,0,0,0,4,4,1,2
2021-04-07,ee4d7563-dce4-4fd2-860f-47d91c835a02,3,3,6,0,0,0,3,3,6,1,1
2021-04-07,efae56f6-7965-43db-9e90-fb442829e685,3,5,8,0,0,0,3,5,8,1,3
2021-04-07,f0fe2e5d-f019-4c46-a51a-4ef37a6909de,3,3,6,0,0,0,3,3,6,1,1
2021-04-07,f1ba7c3b-21a4-42a1-a017-9528ada8d7fd,7,7,14,0,0,0,7,7,14,1,2
2021-04-07,f2e6b5ae-dfdb-4351-8751-cef5d931b5b2,8,11,19,0,1,1,8,12,20,1,4
2021-04-07,f5037c51-77e3-41bb-931d-6c9eec448ea6,2,8,10,0,0,0,2,8,10,1,5
2021-04-07,f7ab20d6-4fcc-40f5-b92b-691728158bb1,18,21,39,0,1,1,18,22,40,1,2
2021-04-07,f841589e-5ac9-4e32-b02e-c608b7357e3c,7,15,22,0,0,0,7,15,22,1,3
2021-04-07,f8c56daf-002b-4e2f-8480-c61f2d789daf,4,0,4,5,0,5,9,0,9,1,8
2021-04-07,f90416f2-e252-4dbe-8651-8cc1023f1211,10,23,33,0,1,1,10,24,34,1,5
2021-04-07,fa0731b5-36f0-49bb-b513-ae566d679676,41,103,144,0,1,1,41,104,145,1,2
2021-04-07,fa53186a-fc49-4a11-a6b6-afb256d3e8ec,9,10,19,0,0,0,9,10,19,1,4
2021-04-07,fc6212a7-cfa9-474e-a06c-4f58b8738e71,8,15,23,0,0,0,8,15,23,1,4
2021-04-07,fd8d50ea-1292-43a0-8e4c-cb06bcf6211f,50,35,85,8,4,12,58,39,97,1,9
2021-04-07,feba52a8-406a-4c81-b5eb-94a4f7503ebf,54,41,95,0,0,0,54,41,95,1,1
2021-04-07,ff1d40ff-dd5d-489e-b051-d845e9fa7e3a,0,0,0,1,0,1,1,0,1,1,1
2021-02-20,006ee181-85d1-4ad9-a33f-b48938dec001,6,5,11,1,1,2,7,6,13,1,2
2021-02-20,01a8a22d-7ea3-4270-91e1-6cf70cd4aac7,2,3,5,3,0,3,5,3,8,1,3
2021-02-20,028d232a-4f7a-46ad-973b-9a8c5281365c,7,8,15,2,0,2,9,8,17,1,2
2021-02-20,04df57ec-77a7-4e7a-95d0-347903f1da5e,0,2,2,0,0,0,0,2,2,1,1
2021-02-20,05c4ec5f-b15b-4686-b563-8f10593dcd9a,17,20,37,3,0,3,20,20,40,1,5
2021-02-20,06741ad7-e656-4ab2-bdbd-c8c65ad26c63,0,1,1,0,0,0,0,1,1,1,1
2021-02-20,06b960ca-44f7-4585-a6e3-15ad3f64ad55,12,9,21,1,0,1,13,9,22,1,2
2021-02-20,087b7554-0e86-4312-bf25-76d5e99ffa3a,16,19,35,0,0,0,16,19,35,1,3
2021-02-20,098aa11e-75c3-4654-8f23-46bb8afc3fc2,6,7,13,3,0,3,9,7,16,1,6
2021-02-20,0a4f2421-abdb-4d6e-bbaa-24d5ee624ef0,8,8,16,1,0,1,9,8,17,1,6
2021-02-20,0ae19578-2743-4d0a-8724-ea41f430e8e5,10,24,34,0,0,0,10,24,34,1,5
2021-02-20,0d5a9516-90a2-4ccf-bd42-38452c5d052e,1,0,1,0,0,0,1,0,1,1,1
2021-02-20,0dd1506b-2a06-4e16-b37c-090e096050ac,2,3,5,3,0,3,5,3,8,1,5
2021-02-20,0fc70ba0-be0d-4ed6-b639-8a2f49977d7d,11,11,22,2,5,7,13,16,29,1,4
2021-02-20,12fb3f4e-8f75-456a-af96-3385f6c4f030,125,159,284,0,0,0,125,159,284,1,3
2021-02-20,1423d317-d6f7-4d61-9d36-55fe086e834c,17,33,50,0,0,0,17,33,50,1,6
2021-02-20,16a877df-6df8-4f69-9998-d12a14fbdd49,31,43,74,0,0,0,31,43,74,1,1
2021-02-20,171ceec6-00a9-401c-94b6-4a7fe76ab1a3,3,1,4,0,0,0,3,1,4,1,2
2021-02-20,187c8a3d-03e8-4aed-a8e8-76acad8c310d,4,3,7,0,0,0,4,3,7,1,1
2021-02-20,1933bc23-a7b2-451f-9d40-276aa920ff49,0,1,1,0,0,0,0,1,1,1,1
2021-02-20,19db16fd-4cf2-4cf3-a9b2-a912e221c1bc,3,3,6,0,0,0,3,3,6,1,4
2021-02-20,1b72adfe-7fcd-4f3a-bd3f-7d5b6f071047,0,0,0,1,0,1,1,0,1,1,1
2021-02-20,1ccd467b-faf0-4a7a-b9aa-7e7a1d643928,1,0,1,0,0,0,1,0,1,1,1
2021-02-20,1def368b-0892-427d-9742-6d4456f8519a,33,35,68,5,1,6,38,36,74,1,8
2021-02-20,1f01543a-bc4b-4db3-aad4-2ade99e921b1,0,1,1,0,0,0,0,1,1,1,1
2021-02-20,20d03a9e-9d74-4f40-ae7c-befb2fe32cc5,3,2,5,0,2,2,3,4,7,1,2
2021-02-20,216ac7b6-83ff-4969-a0b2-a0cd23ce723d,1,1,2,0,0,0,1,1,2,1,1
2021-02-20,2280712c-f153-4bbf-a80d-67bb39dd670a,1,0,1,0,0,0,1,0,1,1,1
2021-02-20,238fc37b-d038-4525-8765-88d9cf8168cf,7,6,13,3,0,3,10,6,16,1,3
2021-02-20,255483bd-4c24-4768-a854-73f8a6d32289,2,0,2,0,0,0,2,0,2,1,2
2021-02-20,262a1ad2-bb8e-41d5-a1ae-73870e592b30,1,0,1,0,0,0,1,0,1,1,1
2021-02-20,28169682-2f6e-4cff-acd1-42071b18c6c0,8,19,27,28,0,28,36,19,55,1,4
2021-02-20,29951693-3d06-49c6-8c6e-18ee51b04ab5,4,5,9,3,0,3,7,5,12,1,4
2021-02-20,2aa7dbce-130d-4e39-9fdf-f870170a9c3f,2,2,4,2,2,4,4,4,8,1,3
2021-02-20,2afe6dfc-cf33-4713-8fc1-92e32cfe451f,46,34,80,0,0,0,46,34,80,1,4
2021-02-20,2c2d004c-af62-449f-8c3b-333e4c46610a,2,0,2,0,0,0,2,0,2,1,1
2021-02-20,2d66e39d-600f-4c9d-b44d-202f0671faaa,5,2,7,0,0,0,5,2,7,1,3
2021-02-20,2f0599ee-50da-4150-803f-84b27adc3732,3,0,3,0,0,0,3,0,3,1,2
2021-02-20,30650bbe-6305-48cd-ab85-e7e28f0e2038,2,0,2,0,0,0,2,0,2,1,1
2021-02-20,3113277a-e5f8-4092-a529-1f2b22614c3a,2,3,5,0,0,0,2,3,5,1,1
2021-02-20,32244927-500e-4596-a47c-a1db4f394e81,11,1,12,0,0,0,11,1,12,1,3
2021-02-20,32e6d89b-6879-431c-a767-0f44a75248cd,6,0,6,0,0,0,6,0,6,1,5
2021-02-20,34666606-6e65-4f64-b9b6-52a42e417436,16,10,26,0,1,1,16,11,27,1,2
2021-02-20,3566c90b-082e-476e-b426-7921dea072db,12,4,16,0,0,0,12,4,16,1,2
2021-02-20,36a7e449-c15b-4f3a-97aa-a1ba43d81504,2,4,6,0,0,0,2,4,6,1,2
2021-02-20,37d46aeb-c9d1-4866-9b7f-a0663e387d46,50,71,121,0,0,0,50,71,121,1,11
2021-02-20,39dc27c5-58d5-4c75-8691-217103ee7fcc,1,2,3,0,0,0,1,2,3,1,2
2021-02-20,3b20ecce-76e1-40c5-8c68-d61ebafba9a2,35,24,59,0,0,0,35,24,59,1,6
2021-02-20,3c8f6a1b-5dca-446a-a818-cf799d2eb8ef,236,196,432,0,0,0,236,196,432,1,12
2021-02-20,3da9018a-c65c-4d23-9560-c1b4236b9cfe,13,28,41,0,0,0,13,28,41,1,2
2021-02-20,3df8de33-bdae-4786-8912-1d8b121b30de,0,0,0,4,0,4,4,0,4,1,1
2021-02-20,3fc2482c-86f2-4d88-ae61-2f75f47e391c,1,0,1,0,0,0,1,0,1,1,1
2021-02-20,40d4a644-2b48-43d9-9460-08fd9efd4b29,10,43,53,0,0,0,10,43,53,1,5
2021-02-20,42e7b90e-a260-49db-9a11-354c9d6c02aa,15,15,30,3,1,4,18,16,34,1,6
2021-02-20,43decdcf-ad68-44b8-9a93-3ece231a6ccf,0,1,1,3,0,3,3,1,4,1,2
2021-02-20,451a3590-38c6-48fe-bc6d-3ee2d3cbb334,3,6,9,0,0,0,3,6,9,1,3
2021-02-20,460b2cfa-b35c-4dc2-8865-c1093ab82d3b,6,3,9,0,0,0,6,3,9,1,3
2021-02-20,46d48075-e153-403a-9231-ea39ffe4c97e,6,1,7,0,0,0,6,1,7,1,3
2021-02-20,47ae5d3a-46ce-4273-b640-94832f5316cf,7,16,23,0,0,0,7,16,23,1,4
2021-02-20,489d1578-2256-4dd9-86d8-822a5f4dc127,1,2,3,0,0,0,1,2,3,1,1
2021-02-20,492dec38-f373-46aa-bfb4-ff56465593f8,35,1,36,0,0,0,35,1,36,1,3
2021-02-20,4aa903f7-c315-4cb7-b5c0-370b6ea70210,1,0,1,0,0,0,1,0,1,1,1
2021-02-20,4bdb2043-df0f-4b95-9a23-45d156136d58,19,29,48,0,0,0,19,29,48,1,3
2021-02-20,4cebb6fe-7b87-47df-8a01-cfb0fc341a26,2,0,2,0,0,0,2,0,2,1,2
2021-02-20,4ed87dee-480d-423d-af66-ed44e96736bb,6,6,12,0,0,0,6,6,12,1,2
2021-02-20,4ffb57c0-a3a0-45cc-ad8f-bb99d4bfb1d0,4,5,9,0,0,0,4,5,9,1,1
2021-02-20,514abec1-d78a-4644-910f-6d53cc3f9352,0,0,0,1,0,1,1,0,1,1,1
2021-02-20,52efd215-5c3a-414f-8849-3c92a06d823c,8,12,20,1,0,1,9,12,21,1,2
2021-02-20,537c9c6b-8baf-45ce-b7fd-60d0d612dd1c,6,11,17,0,1,1,6,12,18,1,3
2021-02-20,53fb0a23-c9dc-4e04-b873-572f98aea8e0,0,1,1,0,0,0,0,1,1,1,1
2021-02-20,54e5d6fc-bb63-4055-812d-dfda774916cd,7,18,25,3,1,4,10,19,29,1,4
2021-02-20,5599b132-97bd-4d33-b9da-37067cdcb6db,24,20,44,0,1,1,24,21,45,1,4
2021-02-20,56ac5ab0-bdc7-4146-bcac-7e2fe4ba4991,7,4,11,0,0,0,7,4,11,1,1
2021-02-20,5770969f-e245-4c5b-95fb-ba5e212fd6fc,30,27,57,0,2,2,30,29,59,1,5
2021-02-20,58522c0a-b10d-42b7-8389-607d1707c213,7,19,26,0,3,3,7,22,29,1,3
2021-02-20,58c77b45-8c8f-492e-b113-231a2781ae9b,114,141,255,0,0,0,114,141,255,1,8
2021-02-20,5a5991aa-4a50-440c-9902-6d1088b5537c,1,1,2,0,0,0,1,1,2,1,1
2021-02-20,5b9c5c4c-c3a6-4848-b51b-bac6f2cae412,11,10,21,1,0,1,12,10,22,1,4
2021-02-20,5cb7aeb4-ad5c-4d73-9219-03f06f77ffb6,22,22,44,36,1,37,58,23,81,1,6
2021-02-20,5dd77547-4739-4d04-9b43-9b76b1ee436d,2,3,5,0,0,0,2,3,5,1,1
2021-02-20,6078d962-0471-4ce7-8df4-da8edf28c461,18,35,53,0,1,1,18,36,54,1,6
2021-02-20,616d76e2-d12f-4542-8eac-ea0097e4cd8c,1,0,1,0,0,0,1,0,1,1,1
2021-02-20,62bbb9d2-654e-465f-8916-7d6d950e2dc0,5,5,10,0,0,0,5,5,10,1,2
2021-02-20,638fa1f6-411d-4389-8dd8-f54a6c86e1b5,21,24,45,10,0,10,31,24,55,1,4
2021-02-20,64919142-2797-471e-93bc-c3616749db81,0,0,0,1,0,1,1,0,1,1,1
2021-02-20,66163d48-3bd8-445a-ad68-dc7fde58a151,3,1,4,5,0,5,8,1,9,1,2
2021-02-20,6a78d014-a350-43de-ae7b-5aaf8206b09e,1,0,1,0,0,0,1,0,1,1,1
2021-02-20,6b75dfa3-9cdf-4396-920c-b9f41a38e886,17,26,43,1,1,2,18,27,45,1,3
2021-02-20,6c174963-9b3a-4ff5-8f12-8cb38b987e2f,13,10,23,0,0,0,13,10,23,1,6
2021-02-20,6ca7530a-1fc8-41cc-8d59-c1f3c7577200,11,13,24,0,0,0,11,13,24,1,2
2021-02-20,6ddeea1a-0a01-4514-ac52-13cb49d41c6d,7,8,15,0,0,0,7,8,15,1,3
2021-02-20,6f5f3ffd-093f-4114-878b-33354a04e7c1,1,0,1,0,0,0,1,0,1,1,1
2021-02-20,71168c3e-120e-4fba-96d9-e48a1d0e28f5,13,12,25,24,0,24,37,12,49,1,1
2021-02-20,723b2302-0f7f-477c-ac78-0b709330215e,23,19,42,0,0,0,23,19,42,1,2
2021-02-20,747b37df-74f1-426a-838e-2a5562257cf9,2,4,6,0,0,0,2,4,6,1,2
2021-02-20,76b4f84e-bc80-4030-ab31-1b9cd306918e,2,4,6,20,1,21,22,5,27,1,5
2021-02-20,781ed749-e7d1-42bf-ab71-ec9e702d8c7f,112,116,228,7,12,19,119,128,247,1,4
2021-02-20,7911d650-0ec8-4260-8e54-5b5b55069821,0,3,3,0,0,0,0,3,3,1,1
2021-02-20,79e99026-b17c-4264-a365-afd93b316d1c,1,2,3,0,0,0,1,2,3,1,1
2021-02-20,7be447dc-79d2-4a43-9600-9c9f4e560477,1,2,3,0,0,0,1,2,3,1,1
2021-02-20,7d3c40f3-4dd7-4eda-aff3-363bceb3bf00,19,47,66,0,0,0,19,47,66,1,6
2021-02-20,7dcf5eb2-b07b-4b40-bcb2-8887399d3794,0,5,5,0,0,0,0,5,5,1,2
2021-02-20,7ff5fae1-0069-4e5b-90b5-13616f9c5761,62,81,143,0,0,0,62,81,143,1,5
2021-02-20,80dfda23-759a-4b94-9e6c-002817218117,21,18,39,0,0,0,21,18,39,1,5
2021-02-20,821be8a7-4738-4354-9481-19d18055ebe2,0,1,1,0,0,0,0,1,1,1,1
2021-02-20,8340e090-c4d5-4018-8dec-e4050ca3047b,1,1,2,0,0,0,1,1,2,1,1
2021-02-20,8423a7ef-2ef2-4548-ac0b-a7ea720fe706,8,15,23,1,0,1,9,15,24,1,5
2021-02-20,860e8abc-59cb-4d9e-a4a9-898fc66445f7,22,28,50,0,0,0,22,28,50,1,6
2021-02-20,86e0a829-cc43-4bec-a8aa-db0a1bb95415,52,60,112,5,5,10,57,65,122,1,9
2021-02-20,8751c3f6-58d2-4179-95bc-561f4ecb598e,36,49,85,0,0,0,36,49,85,1,5
2021-02-20,8862af38-0d74-4ecc-ae4b-e1811f9bd9a3,1,1,2,0,0,0,1,1,2,1,2
2021-02-20,8a39b1c3-c748-4d76-9931-2c571ec554b5,25,21,46,0,0,0,25,21,46,1,2
2021-02-20,8b8ab31f-b534-4028-8957-4737a8ee8045,1,0,1,0,0,0,1,0,1,1,1
2021-02-20,8cad081d-3103-4966-9036-e341a37b6d1c,1,0,1,1,1,2,2,1,3,1,3
2021-02-20,8e4d26e6-e716-4db5-953d-52fc6e0505c5,16,44,60,0,0,0,16,44,60,1,7
2021-02-20,908a8177-dd15-46f0-b4f0-6bb552e1055a,85,102,187,0,0,0,85,102,187,1,10
2021-02-20,917bc97a-10b8-4546-8d3d-f12ed6404d75,21,19,40,0,0,0,21,19,40,1,4
2021-02-20,947c8061-4643-43dc-bae0-785c7f17f82d,1,2,3,0,0,0,1,2,3,1,3
2021-02-20,9533ed76-96cd-4ab3-8480-099573d2e51a,410,400,810,0,0,0,410,400,810,1,7
2021-02-20,9703e8ff-0efe-4b21-8c16-8fc3519a68de,4,7,11,0,0,0,4,7,11,1,1
2021-02-20,97d0f231-961b-4e78-8c7b-4771a1752dc6,1,0,1,0,0,0,1,0,1,1,1
2021-02-20,99876c48-88c2-4e46-8ea4-4740a5391a2e,19,10,29,0,0,0,19,10,29,1,2
2021-02-20,9a974e77-9b01-4bd0-a840-0ebda8ac1940,9,8,17,0,0,0,9,8,17,1,6
2021-02-20,9b525bd8-f6f5-4785-9283-11839bfcce8a,7,2,9,0,0,0,7,2,9,1,2
2021-02-20,9bc26cde-8e01-4cfc-9b93-8ab0a04893e1,1,0,1,0,0,0,1,0,1,1,1
2021-02-20,9c8a6291-ffdd-46bb-aea3-7d66a17e6f44,5,9,14,0,0,0,5,9,14,1,2
2021-02-20,9cc9a52d-65c2-4dab-8fa7-e6f1bc4c84a9,1,1,2,1,0,1,2,1,3,1,1
2021-02-20,9e1167e5-f998-44b8-a5e3-d53a1a36647e,4,8,12,0,1,1,4,9,13,1,2
2021-02-20,a0698576-9e41-4f35-a10c-1c2a0c14acd1,0,1,1,0,0,0,0,1,1,1,1
2021-02-20,a1b284e8-0626-4eff-999b-86157bef7c24,53,51,104,5,0,5,58,51,109,1,4
2021-02-20,a2746ff5-b4ff-4549-b553-9f1a81fa5a02,9,8,17,0,0,0,9,8,17,1,1
2021-02-20,a37c2f3a-f575-4537-9f0b-6af06d0ee05f,3,1,4,0,0,0,3,1,4,1,2
2021-02-20,a4c8f817-9d73-495b-be68-974b55e09b92,1,0,1,2,0,2,3,0,3,1,1
2021-02-20,a56f8786-e545-45b9-a670-80c3cc7cfd9d,1,4,5,0,0,0,1,4,5,1,2
2021-02-20,a694336c-2a7e-4894-a8d6-3df4c115d5c1,6,5,11,0,1,1,6,6,12,1,1
2021-02-20,a72f5429-ae9c-4034-91a8-7bd3ba3c6252,1,0,1,0,0,0,1,0,1,1,1
2021-02-20,a8d8890b-9b70-4ed8-b4b2-f6f156daf497,547,454,1001,0,0,0,547,454,1001,1,16
2021-02-20,a9259eb9-46fa-40ff-a13f-4cf9f89ae5a9,13,22,35,0,6,6,13,28,41,1,6
2021-02-20,aa02093c-0e6f-40ac-985e-db6b6cb5b69a,48,47,95,4,0,4,52,47,99,1,7
2021-02-20,aaa28443-7bbb-4829-a220-488f0100fe68,1,0,1,0,0,0,1,0,1,1,1
2021-02-20,abf8a74b-2289-4b7e-b87f-310ab2e17e26,4,9,13,0,0,0,4,9,13,1,3
2021-02-20,ad87b3a4-1145-4381-87fc-d022654c7e16,3,5,8,2,0,2,5,5,10,1,2
2021-02-20,ae6ed0ba-048f-4390-87f7-ec560bd911d3,71,79,150,14,0,14,85,79,164,1,4
2021-02-20,afa17c92-5438-439f-b35b-907da41ab616,12,15,27,3,1,4,15,16,31,1,3
2021-02-20,b1315c14-c28a-410d-b9e9-650045f2f76e,6,13,19,0,0,0,6,13,19,1,3
2021-02-20,b2564f8d-0937-4c7c-80c8-4f8950f51b94,14,21,35,2,0,2,16,21,37,1,4
2021-02-20,b3a1a95b-d001-45e9-9837-598a0b559c92,30,60,90,0,0,0,30,60,90,1,8
2021-02-20,b56ba781-507c-4908-bf4e-8759e5659d6e,2,0,2,0,0,0,2,0,2,1,2
2021-02-20,b77f9de3-cfce-41cf-a1bd-40c84719a03a,61,71,132,1,1,2,62,72,134,1,11
2021-02-20,b7eafc2a-4a17-4f11-a10b-ac5f6ded35fd,10,29,39,0,0,0,10,29,39,1,4
2021-02-20,b97b7bd7-3b16-4fc7-beb6-1fea8acc2431,6,1,7,0,0,0,6,1,7,1,2
2021-02-20,ba24c035-a3d8-431b-bfde-a960960a4fa7,9,9,18,0,0,0,9,9,18,1,1
2021-02-20,baeb3f50-2580-422b-9fc9-ec4105d5a3f3,4,4,8,0,0,0,4,4,8,1,2
2021-02-20,bc774b0f-8324-4740-ac8a-6d04ee8cbedb,6,7,13,0,1,1,6,8,14,1,1
2021-02-20,bd296892-7ebb-4d61-954c-824b65ed1e63,3,0,3,0,0,0,3,0,3,1,2
2021-02-20,bf00f645-76c5-4c2c-8164-03ee1d283a77,6,6,12,0,0,0,6,6,12,1,3
2021-02-20,c0c2d1d4-7990-41a2-8cf1-cf72cf0f6429,0,0,0,1,0,1,1,0,1,1,1
2021-02-20,c1d15afc-55ab-4e88-bd24-06646587e098,3,5,8,3,1,4,6,6,12,1,5
2021-02-20,c333fe99-3752-43ee-95ff-c8ceaeac74cf,3,2,5,0,0,0,3,2,5,1,2
2021-02-20,c439ee4c-04ac-407e-a501-08c45d246716,3,2,5,0,0,0,3,2,5,1,2
2021-02-20,c5dcc7c6-c18b-481e-8322-8ab3e72ad053,27,30,57,0,0,0,27,30,57,1,6
2021-02-20,c6c22615-09e1-48ef-95f5-b2d0ddc7d648,3,5,8,0,0,0,3,5,8,1,3
2021-02-20,c7ffe6a3-b654-4e6f-b6d9-f66febb9057a,2,4,6,8,0,8,10,4,14,1,2
2021-02-20,c911b511-21cd-490e-888d-bd71ee15eb19,4,6,10,0,0,0,4,6,10,1,4
2021-02-20,c9aff0ea-68d2-45fb-acbb-e60c4c64fab2,7,10,17,0,0,0,7,10,17,1,2
2021-02-20,cace9c01-e62c-44ba-919a-80ade5678cef,1,2,3,0,0,0,1,2,3,1,1
2021-02-20,cbf7238a-67fd-40ba-ba37-33a7d1586f94,0,1,1,0,0,0,0,1,1,1,1
2021-02-20,cd099102-5894-46de-8343-92e56a35ea0f,1,0,1,0,0,0,1,0,1,1,1
2021-02-20,ce19334e-98d8-4e2d-bcb3-a225a5fc35e9,5,15,20,0,0,0,5,15,20,1,2
2021-02-20,cf65ec13-c098-49a4-aeef-3e7e69b8f0e3,2,0,2,0,0,0,2,0,2,1,1
2021-02-20,d12ec58e-6ba7-4ecd-aeff-f62f1a7ea338,5,7,12,0,0,0,5,7,12,1,1
2021-02-20,d1df3e80-24cb-4398-b9fd-c22dd60b9cfc,4,3,7,0,0,0,4,3,7,1,1
2021-02-20,d2e60e65-59c5-49da-bd24-dd22312747dc,59,77,136,0,0,0,59,77,136,1,10
2021-02-20,d4ab58f4-2771-4362-b58c-047e7217a1d4,7,3,10,3,0,3,10,3,13,1,2
2021-02-20,d591a3e0-4ba9-4f88-9f20-ffda1fcabf16,2,1,3,0,0,0,2,1,3,1,3
2021-02-20,d702c83a-2c85-4f38-bb86-33cf858ab85e,14,12,26,1,1,2,15,13,28,1,5
2021-02-20,d8d70aef-5a75-467c-a47c-cea9df6bcc22,24,28,52,0,0,0,24,28,52,1,5
2021-02-20,d97ea465-9031-46cd-8bc4-707435096bc6,2,3,5,0,0,0,2,3,5,1,2
2021-02-20,dba0d55a-ceb7-4d98-a2b2-38773c28ccca,2,0,2,0,0,0,2,0,2,1,1
2021-02-20,dc34f83d-a722-4238-93c3-04360bdb880d,38,41,79,0,2,2,38,43,81,1,3
2021-02-20,ddabf7d0-8556-4cc4-8e66-105da0ea5eac,1,0,1,0,0,0,1,0,1,1,1
2021-02-20,df782f04-d097-4bc5-ad69-5a5d97046f5d,1,2,3,0,0,0,1,2,3,1,2
2021-02-20,e032defa-f4ef-4663-9755-3f4951f5ffb2,7,10,17,0,0,0,7,10,17,1,3
2021-02-20,e1845b28-d3c7-4487-bf5d-5f1bc4f04adc,114,189,303,5,1,6,119,190,309,1,5
2021-02-20,e1f7ffc1-b913-434e-885d-95d0c4937df8,27,35,62,0,0,0,27,35,62,1,3
2021-02-20,e2ff496f-dfb1-4111-8d23-5ef9751a67da,1,0,1,0,0,0,1,0,1,1,1
2021-02-20,e3fc4eed-aa26-4ab7-af57-f94dbd0b6699,2,1,3,0,0,0,2,1,3,1,2
2021-02-20,e4532394-e781-44ed-99c0-90dc861bea6d,13,10,23,0,0,0,13,10,23,1,3
2021-02-20,e53385a8-c67b-4ce4-a153-fffbcfb7648d,7,0,7,0,0,0,7,0,7,1,4
2021-02-20,e6611270-28d3-444d-81a6-1d3872541d06,1,0,1,0,0,0,1,0,1,1,1
2021-02-20,e70a64af-b54d-488e-8542-9d64361b511f,5,7,12,0,0,0,5,7,12,1,5
2021-02-20,e7d8b7cc-d42a-4e1e-950b-4f82d751666d,5,1,6,0,0,0,5,1,6,1,4
2021-02-20,e88e5f7b-cefe-4493-b5c5-3583960d4348,7,9,16,0,0,0,7,9,16,1,1
2021-02-20,e968a0b5-e352-4519-9eaa-d4bba3643232,6,6,12,0,0,0,6,6,12,1,2
2021-02-20,eb454844-b903-4965-8a89-300f6615ea7d,0,6,6,0,0,0,0,6,6,1,1
2021-02-20,ee3e8a4a-265b-47fa-b2d8-35f6f950bd59,4,4,8,1,1,2,5,5,10,1,2
2021-02-20,ef21ce4f-5fea-4f5c-bbc0-863ad96fda44,18,15,33,1,1,2,19,16,35,1,2
2021-02-20,f0532b96-7f9f-465a-962c-07cb07d1e6e5,11,7,18,0,0,0,11,7,18,1,3
2021-02-20,f100d220-dc80-4d34-a673-c1f39f58592f,6,5,11,0,0,0,6,5,11,1,2
2021-02-20,f31a2826-8508-48c5-ad69-93828d68edd3,1,0,1,7,0,7,8,0,8,1,3
2021-02-20,f5037c51-77e3-41bb-931d-6c9eec448ea6,3,3,6,6,0,6,9,3,12,1,2
2021-02-20,f7ab20d6-4fcc-40f5-b92b-691728158bb1,66,84,150,2,1,3,68,85,153,1,2
2021-02-20,f865f531-4489-4489-b2d3-a32984c6e749,1,1,2,0,0,0,1,1,2,1,1
2021-02-20,f96729e4-7c63-43c1-9c3b-a941244fbc68,1,3,4,0,0,0,1,3,4,1,1
2021-02-20,fa3020ad-896e-4926-ae2d-a691775231f8,16,39,55,0,5,5,16,44,60,1,5
2021-02-20,fc280445-bc92-4499-8037-2e7466271e93,5,0,5,0,0,0,5,0,5,1,2
2021-02-20,fc7e0134-3db4-4559-bfa9-e520abb11271,166,168,334,138,3,141,304,171,475,1,15
2021-02-20,fe39c51e-227f-4b32-b64a-7e70f5fa271f,3,3,6,0,0,0,3,3,6,1,2
2021-02-20,ff8ecc7d-06fc-4f06-896d-ef26e8fa501a,86,123,209,0,0,0,86,123,209,1,7
2020-10-27,098ab430-85bc-46f9-8038-ed3380086401,1,2,3,0,0,0,1,2,3,1,2
2020-10-27,0e0c0647-e3c8-4152-8373-d4eaf9851a8d,3,0,3,0,0,0,3,0,3,1,3
2020-10-27,2153f88f-676f-4ed1-b8ce-5792f45ce279,6,3,9,0,0,0,6,3,9,1,1
2020-10-27,3ad4c6b1-35f3-468c-9404-d90e9ccb9827,8,5,13,0,0,0,8,5,13,1,6
2020-10-27,46d48075-e153-403a-9231-ea39ffe4c97e,2,2,4,0,0,0,2,2,4,1,2
2020-10-27,52efd215-5c3a-414f-8849-3c92a06d823c,8,8,16,0,0,0,8,8,16,1,3
2020-10-27,72e1231b-6e44-4d92-96a7-1dab419fa194,2,0,2,0,0,0,2,0,2,1,2
2020-10-27,8340e090-c4d5-4018-8dec-e4050ca3047b,42,8,50,0,0,0,42,8,50,1,10
2020-10-27,9c6a0e9b-38cd-4e47-a399-bfd7d5df8329,141,43,184,0,0,0,141,43,184,1,5
2020-10-27,c6f64833-1a29-482c-8d95-747eb99ef3ac,11,59,70,0,0,0,11,59,70,1,4
2020-10-27,ce19334e-98d8-4e2d-bcb3-a225a5fc35e9,3,1,4,0,0,0,3,1,4,1,3
2020-10-27,d2799561-362d-4788-bdb9-1f1c2f12384b,0,1,1,0,0,0,0,1,1,1,1
2020-10-27,e0778165-6e60-40a8-974e-f7cb4ca80502,26,24,50,0,0,0,26,24,50,1,5
2020-10-27,f0ae189a-837d-472f-a2a8-b40d2e91879f,22,32,54,0,0,0,22,32,54,1,4
2022-11-08,faf2ea07-aae8-4e26-9133-fb27516b09f8,4,1,5,0,0,0,4,1,5,1,2
2022-11-08,fb113639-8d3b-42dc-ab19-8cc432982293,5,5,10,0,0,0,5,5,10,1,1
2022-11-08,fb2dda95-7cd4-4842-9060-db3cf75b669b,5,11,16,1,1,2,6,12,18,1,5
2022-11-08,fb459e9b-7343-425e-9b2b-7e8872e9374b,2,0,2,36,1,37,38,1,39,1,2
2022-11-08,fb65f57b-af31-4cab-81a4-b18863b8d1c6,27,18,45,2,1,3,29,19,48,1,4
2022-11-08,fb76bf94-8b2f-4b99-81ae-5736e81b156e,5,7,12,0,0,0,5,7,12,1,2
2022-11-08,fb877c63-c608-428b-a4f1-c32800a57ae3,8,8,16,1,0,1,9,8,17,1,2
2022-11-08,fbb32afa-e6a8-4193-957c-75d448957d31,128,124,252,1,4,5,129,128,257,1,7
2022-11-08,fbcd4673-8e15-4234-b537-8f176fcc4935,1,0,1,0,0,0,1,0,1,1,1
2022-11-08,fbf39caf-866f-45ec-9483-89b0e8b9418f,2,4,6,32,3,35,34,7,41,1,3
2022-11-08,fc10961a-3976-4a03-b9ba-468a8c1d371d,5,3,8,0,0,0,5,3,8,1,3
2022-11-08,fc229aaa-8946-4dbd-ba6b-b6eeea21e426,1,1,2,0,0,0,1,1,2,1,1
2022-11-08,fc354cc8-7876-49c5-b3f8-666d53c92fa0,33,19,52,79,9,88,112,28,140,1,7
2022-11-08,fc5147a1-463e-4a47-98b4-a2665ec621a1,1,0,1,0,0,0,1,0,1,1,1
2022-11-08,fc7adce5-8323-4963-9cce-dad9e7c03c34,0,0,0,1,0,1,1,0,1,1,1
2022-11-08,fcacc333-e6c0-4a99-b0cb-364b259ba610,16,21,37,1,0,1,17,21,38,1,5
2022-11-08,fcc1364e-4ce1-454b-a72e-5a00539ca0db,62,40,102,2,3,5,64,43,107,1,6
2022-11-08,fce890a9-0426-4f57-9e81-74ba5da6fc48,66,23,89,0,0,0,66,23,89,1,2
2022-11-08,fcf925b7-cce5-4dda-ad8c-3416d7bc7c5b,0,0,0,1,0,1,1,0,1,1,1
2022-11-08,fd39537f-f8c1-4fea-8294-05bdc8a8c05d,6,2,8,11,0,11,17,2,19,1,2
2022-11-08,fd6a1974-3f10-4318-b023-e7fd14c797c1,2,4,6,8,1,9,10,5,15,1,2
2022-11-08,fd7f09bb-8046-4fba-a14c-965c5129f500,6,4,10,0,0,0,6,4,10,1,3
2022-11-08,fd8d50ea-1292-43a0-8e4c-cb06bcf6211f,0,0,0,3,2,5,3,2,5,1,1
2022-11-08,fd9e33f9-311d-48c3-a04b-5be4113ff480,0,0,0,1,0,1,1,0,1,1,1
2022-11-08,fdd72097-2dc5-4120-baa8-7f2b1233a3d2,143,158,301,8,0,8,151,158,309,1,18
2022-11-08,fdfe31ca-8d08-401e-bb83-c1092784bc06,4,10,14,0,0,0,4,10,14,1,2
2022-11-08,fe1cc542-57b3-492a-a2bf-16dea4c4d045,21,14,35,71,1,72,92,15,107,1,6
2022-11-08,fe231b38-92c4-42c0-9d08-5c8e3c07dc97,58,47,105,101,2,103,159,49,208,1,9
2022-11-08,fe47f515-1881-4937-a5e3-406851411209,1,0,1,3,0,3,4,0,4,1,3
2022-11-08,fe659443-ca06-4c20-8582-acda7bfe58c0,89,74,163,2,2,4,91,76,167,1,13
2022-11-08,fe96ccb5-bebf-4250-99b1-39ddc33b2a60,21,41,62,6,2,8,27,43,70,1,9
2022-11-08,fea8b144-cd6b-4459-b69d-9c85ee46f8a6,20,27,47,13,4,17,33,31,64,1,8
2022-11-08,feb558cf-5d7b-4841-a17b-3f55df51a6b7,38,53,91,14,23,37,52,76,128,1,9
2022-11-08,fed0f137-ff94-4b48-b51b-3c95da03222c,5,4,9,1,0,1,6,4,10,1,3
2022-11-08,fef05cb4-1d8c-4090-bf0e-6a154ef49c94,12,17,29,0,1,1,12,18,30,1,5
2022-11-08,ff2d03b4-ce2f-448a-8425-0703382459b0,1,2,3,0,0,0,1,2,3,1,1
2022-11-08,ff508b3e-e102-445d-b05e-ce97374b40f4,5,1,6,47,26,73,52,27,79,1,5
2022-11-08,ff5f91ad-cbf4-40c3-88d7-e98f498dd6c0,7,9,16,2,0,2,9,9,18,1,1
2022-11-08,ff7670fd-9252-48e1-a692-9a37d9f2ca96,1,0,1,5,0,5,6,0,6,1,2
2022-11-08,ff93c8ef-18ce-41ed-9c36-ba3c692cd0a8,12,19,31,10,10,20,22,29,51,1,4
2022-11-08,ffad215b-540d-4c33-9ad6-76915ad19dcf,2,0,2,0,0,0,2,0,2,1,2
2022-11-08,ffc21a17-fd44-4b38-b6bf-3c3a5bbd7cb0,6,6,12,20,15,35,26,21,47,1,3
2022-11-08,ffd5df4f-11e7-45a1-bac2-68a35a189991,10,10,20,0,0,0,10,10,20,1,2
2022-11-08,ffe1fb15-80ce-45d8-b6d4-45c63b7268f6,65,101,166,32,19,51,97,120,217,1,6
2022-11-08,fffd83cc-71c2-4f35-a3bd-637ff4049f15,1,0,1,0,0,0,1,0,1,1,1
2021-02-07,00677b58-7dc0-48d3-89c8-df531a246cef,15,14,29,0,0,0,15,14,29,1,6
2021-02-07,01132d12-38e5-4a29-8b58-d01b13a2cd56,55,69,124,17,0,17,72,69,141,1,9
2021-02-07,028d232a-4f7a-46ad-973b-9a8c5281365c,16,17,33,0,0,0,16,17,33,1,4
2021-02-07,05084b85-0f22-4bb6-b9c6-7135b6afb78a,12,12,24,0,0,0,12,12,24,1,4
2021-02-07,057d4825-ae4c-48dd-b831-0949c34f19aa,36,49,85,4,2,6,40,51,91,1,5
2021-02-07,0630d1d6-bf56-4ce5-9512-21f5eb997c3a,25,22,47,18,5,23,43,27,70,1,9
2021-02-07,067455bc-6f4d-4ea4-8e34-cb3e478391e4,53,61,114,0,0,0,53,61,114,1,5
2021-02-07,074c7d3c-e1d2-49ee-a394-3e000413d8d6,3,6,9,0,0,0,3,6,9,1,6
2021-02-07,087b7554-0e86-4312-bf25-76d5e99ffa3a,62,52,114,2,0,2,64,52,116,1,1
2021-02-07,09abf9ac-ec1c-4181-9e32-e5c89c0cbac8,0,3,3,0,0,0,0,3,3,1,2
2021-02-07,0a8327e3-9ba9-4817-a674-cd73ee293813,4,5,9,0,0,0,4,5,9,1,2
2021-02-07,0d5a9516-90a2-4ccf-bd42-38452c5d052e,1,0,1,0,0,0,1,0,1,1,1
2021-02-07,0dd1506b-2a06-4e16-b37c-090e096050ac,13,20,33,1,0,1,14,20,34,1,5
2021-02-07,0fc70ba0-be0d-4ed6-b639-8a2f49977d7d,59,52,111,17,6,23,76,58,134,1,4
2021-02-07,12fb3f4e-8f75-456a-af96-3385f6c4f030,21,20,41,0,0,0,21,20,41,1,3
2021-02-07,1389e6bd-f00e-44a2-a148-7c03a01dd200,1,0,1,0,0,0,1,0,1,1,1
2021-02-07,167137d9-6ef5-4499-97e6-907cc86b0485,1,0,1,0,0,0,1,0,1,1,1
2021-02-07,16e96212-66e5-4890-bb8e-824e2b2a7693,6,4,10,1,2,3,7,6,13,1,4
2021-02-07,186a14d5-e0ae-4db7-abf7-274a513cb893,2,1,3,0,0,0,2,1,3,1,3
2021-02-07,198c52f4-98db-459b-b2b6-c765d36c4a40,20,18,38,4,0,4,24,18,42,1,3
2021-02-07,1b2d758e-d49f-49e5-b176-4a60154a2395,19,21,40,0,1,1,19,22,41,1,4
2021-02-07,1d406985-99ff-4fdb-950a-3e59dc35b4f1,0,4,4,0,1,1,0,5,5,1,2
2021-02-07,1eb9298b-64fe-40f2-9e54-e3c9bb3aef07,51,66,117,0,0,0,51,66,117,1,7
2021-02-07,20d03a9e-9d74-4f40-ae7c-befb2fe32cc5,4,0,4,1,0,1,5,0,5,1,2
2021-02-07,215f9a5e-c7c9-491c-93d7-fb2018f8c657,2,1,3,0,0,0,2,1,3,1,3
2021-02-07,22374e72-ab09-42c4-9ff5-8e4999a08dce,9,15,24,1,0,1,10,15,25,1,7
2021-02-07,2364cda7-4fb1-4793-9903-5e2e6509854e,2,5,7,0,0,0,2,5,7,1,1
2021-02-07,257ca876-e228-4c45-ab34-197493cc366a,59,60,119,0,0,0,59,60,119,1,5
2021-02-07,27159d63-5738-4b41-b223-16fc8bb5e63a,1,1,2,0,0,0,1,1,2,1,1
2021-02-07,29fa5611-9233-4fe8-a2c4-a69c760b5ba3,63,72,135,0,0,0,63,72,135,1,3
2021-02-07,2ad9c2d1-56de-4bea-a527-d8b1e2c24c14,2,0,2,0,0,0,2,0,2,1,1
2021-02-07,2b259ad3-d367-4d76-bb66-1e93b3cefffa,22,20,42,0,0,0,22,20,42,1,8
2021-02-07,2cee3650-a617-4a8e-80fd-27a19be3fd67,3,0,3,0,0,0,3,0,3,1,3
2021-02-07,2e7f62c5-8a1b-4b5a-8a02-89708e6448e4,11,17,28,0,0,0,11,17,28,1,2
2021-02-07,2f182fe1-7633-4cf3-b7c4-ea79b002e322,7,0,7,0,0,0,7,0,7,1,2
2021-02-07,30a6caad-d7b6-4271-b8e6-4159b877b522,4,3,7,0,0,0,4,3,7,1,2
2021-02-07,31716318-d0d8-4390-a325-2c7d16daca3d,12,27,39,1,0,1,13,27,40,1,4
2021-02-07,325003bc-d58b-49e5-b13b-9e87b38ba65b,2,0,2,0,0,0,2,0,2,1,2
2021-02-07,333bde00-73c7-40ec-86fc-2a070b6204f3,1,2,3,0,1,1,1,3,4,1,1
2021-02-07,346ab74d-3ec2-4a3c-a594-c16b1d428b7f,22,27,49,4,2,6,26,29,55,1,7
2021-02-07,35b4bc07-1524-41f5-9f3d-e9dbc1c06cce,1,2,3,0,0,0,1,2,3,1,1
2021-02-07,36bc64ad-a68c-4588-8916-7e665aec29dd,3,0,3,0,0,0,3,0,3,1,3
2021-02-07,37f3ca8a-b790-46a2-8588-7844212d3a2b,0,3,3,0,0,0,0,3,3,1,2
2021-02-07,39dc27c5-58d5-4c75-8691-217103ee7fcc,0,1,1,0,0,0,0,1,1,1,1
2021-02-07,3ba2bcb2-345b-4fb9-9d28-1bf203ebd03b,7,6,13,0,0,0,7,6,13,1,5
2021-02-07,3c8f6a1b-5dca-446a-a818-cf799d2eb8ef,8,12,20,0,0,0,8,12,20,1,3
2021-02-07,3d78340e-5b43-4050-b12f-b4c07d3e0d7d,40,59,99,7,0,7,47,59,106,1,12
2022-11-08,0012e448-ebb2-4fd8-a533-08a7e4ac0701,148,125,273,0,1,1,148,126,274,1,8
2022-11-08,00364078-dfef-4ea6-ac29-9d4dbfda527f,41,44,85,6,1,7,47,45,92,1,7
2022-11-08,00677b58-7dc0-48d3-89c8-df531a246cef,65,71,136,2,0,2,67,71,138,1,6
2022-11-08,007f3b07-cdbd-45fa-a99b-a2a949c7003e,12,10,22,0,1,1,12,11,23,1,5
2022-11-08,0099cd66-a2ad-47bf-b6e8-c65785d1fcdc,17,19,36,1,4,5,18,23,41,1,3
2022-11-08,00ac329a-b672-4a24-8e0f-c5a8367302b5,56,78,134,25,2,27,81,80,161,1,4
2022-11-08,00b81252-74d3-4ba2-84a4-42880bb3eef5,2,2,4,12,1,13,14,3,17,1,3
2022-11-08,00d56470-95a4-4b48-aec9-b8ba1fa646ef,5,7,12,1,0,1,6,7,13,1,4
2022-11-08,0100d1ab-491f-42d6-9443-1d5f65b17cf1,3,7,10,0,0,0,3,7,10,1,2
2022-11-08,012ac257-9b4f-4f46-b890-1326a24d362b,21,28,49,9,4,13,30,32,62,1,5
2022-11-08,01466541-1b8b-4392-a0f4-817f644def5c,24,34,58,7,30,37,31,64,95,1,19
2022-11-08,0150327b-706b-4ab4-b677-8e695599d7cf,8,10,18,3,1,4,11,11,22,1,3
2022-11-08,016c950b-dfe7-41c3-98d4-5a748d2a6385,29,35,64,56,73,129,85,108,193,1,9
2022-11-08,017baa7f-7919-4b09-bd85-b6f66c589471,47,58,105,1,0,1,48,58,106,1,5
2022-11-08,018e6caf-01a8-4ba4-ba24-8efb07e9cce6,3,2,5,0,0,0,3,2,5,1,2
2022-11-08,01b7ebc5-69d5-4cfc-93a9-caa2f93fdaa7,46,62,108,16,7,23,62,69,131,1,8
2022-11-08,01c76d71-0109-40f1-bcd1-ed12e33b34da,0,1,1,0,0,0,0,1,1,1,1
2022-11-08,01d59f90-43b4-4812-b4a8-6e2980072a1c,10,13,23,0,2,2,10,15,25,1,2
2022-11-08,01f6529a-5afa-4d65-8fa0-22dbc54fb187,0,5,5,2,1,3,2,6,8,1,2
2022-11-08,020a920b-3779-410b-89f7-bbd880e05da9,17,63,80,1,0,1,18,63,81,1,7
2022-11-08,0212b36f-af90-4082-90df-4bbd458136c7,36,56,92,4,0,4,40,56,96,1,6
2022-11-08,02255a51-6fea-4002-a4ec-48cdfc9b8b36,11,0,11,0,0,0,11,0,11,1,1
2022-11-08,0255cfeb-25a0-47f6-88bc-932c10e75a03,6,6,12,14,17,31,20,23,43,1,5
2022-11-08,0268a6d7-23d0-4752-a13e-d6ca781750d1,18,14,32,40,1,41,58,15,73,1,6
2022-11-08,02975f9c-b252-4054-9e02-47b33d796113,24,31,55,0,1,1,24,32,56,1,3
2022-11-08,02b8e92d-228f-4249-9b3e-fd6c105897db,1,1,2,0,0,0,1,1,2,1,1
2022-11-08,02d386cd-8bf5-4003-8c0c-fb456cfdb961,15,19,34,12,12,24,27,31,58,1,10
2022-11-08,02eb777c-0914-4a02-a298-3849b9c9179a,22,17,39,0,0,0,22,17,39,1,2
2022-11-08,0316b14b-ec58-417d-9d8f-1c7d6da8d313,1,0,1,0,0,0,1,0,1,1,1
2022-11-08,032cebfc-fe63-49c3-af30-9b53cce697ca,15,23,38,0,0,0,15,23,38,1,2
2022-11-08,037df382-ce50-4748-a26a-094a32719886,20,26,46,0,0,0,20,26,46,1,2
2022-11-08,03b85a4c-1995-4c3c-bf32-8b34366b104b,8,5,13,15,4,19,23,9,32,1,5
2022-11-08,03d7574a-a72c-44d6-8a14-ff8ad4e0312e,25,27,52,5,3,8,30,30,60,1,8
2022-11-08,0405f80d-4bd1-4d49-b961-10d4392e69b6,10,8,18,3,0,3,13,8,21,1,4
2022-11-08,0416fbdf-af49-4e95-adfa-db8e737e323c,15,6,21,3,6,9,18,12,30,1,9
2022-11-08,044318d5-21b3-4183-b9a4-9bee1af36918,4,2,6,0,0,0,4,2,6,1,4
2022-11-08,0448bb1c-5a92-4284-ab49-34830d19e507,4,0,4,0,0,0,4,0,4,1,1
2022-11-08,0452a588-8deb-4769-bf24-5f2a68770ea3,14,17,31,3,2,5,17,19,36,1,7
2022-11-08,0474b6b2-cfa6-49d9-80e5-5736cf3bd14b,23,27,50,17,10,27,40,37,77,1,9
2022-11-08,048946db-b3db-4d62-b189-e08275d9844c,1,6,7,0,2,2,1,8,9,1,2
2022-11-08,04c5b7e2-c12e-4160-88e9-2f1fa2374351,1,2,3,0,0,0,1,2,3,1,1
2022-11-08,04e76999-ff6b-4fdb-b2d5-5159fb1af77c,3,3,6,0,0,0,3,3,6,1,1
2022-11-08,0515f5c5-4b86-4be0-814a-fabb2f748aaf,2,0,2,3,1,4,5,1,6,1,3
2022-11-08,053a0e69-9cc6-432b-a05a-4ba1b6b13a3f,74,58,132,97,30,127,171,88,259,1,11
2022-11-08,0557ffdf-6a74-4430-baf5-efee45a589b8,1,0,1,0,0,0,1,0,1,1,1
2022-11-08,058800a9-07c8-43be-bca0-d3c0d6a04b51,4,2,6,1,1,2,5,3,8,1,3
2022-11-08,05a4c00b-4db1-4633-90d1-5366f9330c89,2,2,4,0,0,0,2,2,4,1,2
2022-11-08,05c566e4-6717-4c0d-baaf-6b29f5dd7333,6,6,12,4,3,7,10,9,19,1,2
2022-11-08,05d3476e-f97a-4dc2-bb54-98283447423f,7,3,10,1,0,1,8,3,11,1,5
2022-11-08,05e22203-3bc9-4ef4-8937-c9c8cd35e5b3,3,0,3,0,0,0,3,0,3,1,2
2022-11-08,06091ab1-b6f6-4e7e-ad0f-b746a18e814a,0,0,0,1,0,1,1,0,1,1,1
2022-11-08,0630d1d6-bf56-4ce5-9512-21f5eb997c3a,53,83,136,0,2,2,53,85,138,1,7
2022-11-08,064c4554-9027-41c0-b87c-b025b79d4dc6,25,28,53,8,3,11,33,31,64,1,11
2022-11-08,0667a67c-9971-434f-8634-ac88213200de,9,34,43,1,6,7,10,40,50,1,2
2022-11-08,069240bb-d237-464e-88bb-670d0ea0a9ab,28,34,62,2,0,2,30,34,64,1,4
2022-11-08,06d7985e-ad4c-4804-8504-867512848e39,31,27,58,2,2,4,33,29,62,1,5
2022-11-08,06e2a874-c05c-466c-9ade-1b081373feac,17,9,26,0,0,0,17,9,26,1,3
2022-11-08,06f998f6-8519-4371-9d5c-e1cca7b6f5f8,11,11,22,9,2,11,20,13,33,1,8
2022-11-08,073e7feb-5d29-44fd-bc3c-51a558ab8d54,19,12,31,0,0,0,19,12,31,1,7
2022-11-08,0751ee1b-474b-4d00-8d9c-4ade28b35253,1,0,1,0,0,0,1,0,1,1,1
2022-11-08,07664080-8a09-4109-82a4-efe46fe264de,21,2,23,3,0,3,24,2,26,1,2
2022-11-08,078aa1b0-75f7-486f-b94f-e1f13607a435,1,1,2,0,0,0,1,1,2,1,1
2022-11-08,07a0f412-0fb9-4a4a-93c4-f8f0ea5abafa,1,0,1,0,0,0,1,0,1,1,1
2022-11-08,07d2dee6-6fc3-49a2-94ee-021cf1ddab50,0,1,1,0,0,0,0,1,1,1,1
2022-11-08,08030655-e57b-426d-9d7b-b9f678005845,25,20,45,4,0,4,29,20,49,1,5
2022-11-08,08135eaf-2693-4f5c-8479-e75560709a6a,8,9,17,2,1,3,10,10,20,1,3
2022-11-08,08269332-5078-4b47-9cf5-af7ec28e8655,6,4,10,1,0,1,7,4,11,1,2
2022-11-08,08701c6f-57a1-44ab-bf72-075a9b1d77a1,16,27,43,0,0,0,16,27,43,1,3
2022-11-08,088faa79-a824-4f55-a1e5-e9f2864f7f85,118,144,262,8,6,14,126,150,276,1,6
2022-11-08,08a94b4c-61a7-4104-9c7b-638d0bf166f3,24,12,36,12,2,14,36,14,50,1,11
2022-11-08,08c7165c-e08a-4928-acb8-33ed1d848e37,0,0,0,2,0,2,2,0,2,1,1
2022-11-08,08e32644-3e17-4bc9-bf10-a01197c9738e,123,199,322,15,6,21,138,205,343,1,4
2022-11-08,08fd3544-2231-49bc-bda1-5b4edf88c51f,50,28,78,3,7,10,53,35,88,1,5
2022-11-08,091f200b-6c10-4990-b3bb-7d9a29a8f332,10,11,21,1,0,1,11,11,22,1,2
2022-11-08,094e5e35-daf0-45d6-bd9f-82e378b5ecb8,20,18,38,0,1,1,20,19,39,1,3
2022-11-08,0982c398-78a8-477f-b722-f00375b90cb3,6,10,16,24,1,25,30,11,41,1,6
2022-11-08,09b7a802-18e8-4de3-9faa-5ae5039dd1c4,5,6,11,2,0,2,7,6,13,1,2
2022-11-08,09ea5dae-d762-450e-aa52-2fc140c6fc44,2,3,5,0,0,0,2,3,5,1,2
2022-11-08,09f88e60-03ab-4658-8278-5feafa0edde9,3,0,3,16,0,16,19,0,19,1,3
2022-11-08,0a2a2aa0-c2bd-4d19-bc5c-be153199b8ea,2,4,6,0,0,0,2,4,6,1,1
2022-11-08,0a5149a3-c397-48d7-a853-eb18b732cf69,32,50,82,2,0,2,34,50,84,1,12
2022-11-08,0a86e605-34c5-4678-96e2-8067e671b3fc,21,28,49,1,0,1,22,28,50,1,6
2022-11-08,0a959ff3-33f0-40a0-b9f0-9631eb09571e,5,4,9,0,0,0,5,4,9,1,2
2022-11-08,0acc02c9-cf79-4d62-98aa-bdfd9e57b704,7,7,14,0,0,0,7,7,14,1,2
2022-11-08,0ae2b90d-8861-4bd1-bf13-fd849437068b,15,21,36,0,0,0,15,21,36,1,12
2022-11-08,0aeff0e0-6dd4-4dc6-81cb-37ae6569d351,1,1,2,0,0,0,1,1,2,1,1
2022-11-08,0b264eb7-587a-4863-a106-7728367ad3b9,4,9,13,1,0,1,5,9,14,1,5
2022-11-08,0b4a7b91-f905-4a3c-8e01-c10719cde58b,0,0,0,0,4,4,0,4,4,1,1
2022-11-08,0b65bfc5-1797-450b-95f0-71191c75e35a,8,12,20,5,1,6,13,13,26,1,5
2022-11-08,0b75d9c8-f328-4bbb-bf18-5975733e652d,0,1,1,0,0,0,0,1,1,1,1
2022-11-08,0b8f9219-16a6-4620-8e22-c4934c6f6d9e,2,3,5,6,0,6,8,3,11,1,7
2022-11-08,0baef403-90ca-4ebc-99ac-a55a163a4795,8,10,18,12,1,13,20,11,31,1,3
2022-11-08,0bd23629-52b0-4e7c-aa8a-6fec82dbe901,18,39,57,0,0,0,18,39,57,1,5
2022-11-08,0bdcc29c-44a3-4a5f-8306-dd4271287c77,1,0,1,0,0,0,1,0,1,1,1
2022-11-08,0c13c971-91bc-453c-82b6-bdd8e6d8e11c,4,4,8,0,0,0,4,4,8,1,1
2022-11-08,0c295559-7d7e-4f1e-9ccd-cecf5eaca4ce,0,1,1,0,0,0,0,1,1,1,1
2022-11-08,0c537786-aea3-41a9-9d26-ed93d733690a,58,78,136,1,0,1,59,78,137,1,4
2022-11-08,0c5d8ac4-fc88-437e-8bdc-473a3550e290,5,4,9,1,0,1,6,4,10,1,3
2022-11-08,0c80fc60-4fbb-497e-bbda-633b09e52d10,3,1,4,0,0,0,3,1,4,1,3
2022-11-08,0cbd3ee1-1f8d-4f8c-9694-58626d09fcd3,2,3,5,0,0,0,2,3,5,1,2
2022-11-08,0ce1c951-f5c7-43de-846c-f33fe482db7c,16,7,23,0,0,0,16,7,23,1,3
2022-11-08,0d2677bf-e458-4096-a0d6-567b27646541,22,24,46,1,2,3,23,26,49,1,12
2022-11-08,0d3daa73-65f2-4766-b841-1ef97645b3f2,1,1,2,1,0,1,2,1,3,1,1
2022-11-08,0d50dbac-69f0-4559-832a-e07067406822,59,64,123,1,8,9,60,72,132,1,4
2022-11-08,0d654d7b-6545-4022-9418-bfc76226ac67,13,12,25,59,13,72,72,25,97,1,7
2022-11-08,0d88ca7a-312b-4744-98a3-611b3640f650,12,13,25,0,0,0,12,13,25,1,2
2022-11-08,0d958ad4-f199-467a-b58d-1e19209cf9f1,5,1,6,0,0,0,5,1,6,1,1
2022-11-08,0db89643-fa49-4654-a3bd-00ae406eefd7,11,12,23,0,0,0,11,12,23,1,1
2022-11-08,0dc582cd-a19b-470b-b815-7950ac7095b5,7,4,11,3,0,3,10,4,14,1,2
2022-11-08,0dda9d8b-8838-423d-bf55-523ae3b393fe,50,45,95,0,0,0,50,45,95,1,2
2022-11-08,0dfb9a24-6fd8-404d-9e37-e640463e687d,3,8,11,1,2,3,4,10,14,1,2
2022-11-08,0e0d612e-1f7a-4061-b17f-d33ec74e651d,237,162,399,14,32,46,251,194,445,1,10
2022-11-08,0e296a25-d6ea-43dd-8313-cba35d9bb382,1,5,6,0,1,1,1,6,7,1,2
2022-11-08,0e3f06b3-7e29-451a-8c29-0f9de1bcffcf,1,0,1,0,0,0,1,0,1,1,1
2022-11-08,0e583beb-8181-4055-a7af-76e1af8482da,61,60,121,9,2,11,70,62,132,1,10
2022-11-08,0e65ee61-85ca-4cfa-8dd2-3180e650d636,28,40,68,2,0,2,30,40,70,1,4
2022-11-08,0e817f7f-126a-4bb5-854a-17c236df99ed,9,14,23,0,0,0,9,14,23,1,2
2022-11-08,0ec7092a-9054-4703-b63a-5767456c9de0,0,3,3,0,0,0,0,3,3,1,2
2022-11-08,0ed82c58-244f-4d61-a64a-3582abdda5a5,4,2,6,2,0,2,6,2,8,1,3
2022-11-08,0eef08f4-7fc4-48c7-b0a7-0acff4cfd1c2,17,25,42,0,0,0,17,25,42,1,8
2022-11-08,0f00813f-d0a8-4c63-800c-cadab18553cb,54,54,108,13,13,26,67,67,134,1,12
2022-11-08,0f3543b8-eb58-47eb-a047-e352bb2ecabf,2,1,3,0,1,1,2,2,4,1,1
2022-11-08,0f666e27-01c9-4fdb-bf45-280a1226d9cf,0,0,0,1,0,1,1,0,1,1,1
2022-11-08,0f81899a-3395-41ab-ba98-5c6f71f81cd4,65,70,135,6,0,6,71,70,141,1,9
2022-11-08,0f9eec75-61b3-46e3-b2ab-01c7ea465d37,30,28,58,0,0,0,30,28,58,1,2
2022-11-08,0fa8a378-cb77-48e3-94ac-6995d0ce2024,19,17,36,9,0,9,28,17,45,1,6
2022-11-08,0fb90dcc-6a81-4b5d-a96a-2c81b0df85ee,8,5,13,0,0,0,8,5,13,1,2
2022-11-08,0fd971bb-ba00-4449-acfa-8f06492e24cb,11,17,28,0,0,0,11,17,28,1,4
2022-11-08,0ff96729-c26d-4538-a9b7-fcc60994e3d2,117,181,298,44,52,96,161,233,394,1,15
2022-11-08,1008aeb8-b469-44e7-a99b-40233a11a44c,4,2,6,7,2,9,11,4,15,1,6
2022-11-08,102a803a-6d09-42aa-81d3-8ddbbf8f5a4d,32,47,79,36,49,85,68,96,164,1,7
2022-11-08,10424be3-ef85-48ca-8272-886b830f61fa,0,0,0,1,0,1,1,0,1,1,1
2022-11-08,1051dfb8-42ba-4ef3-8b06-a1a2bebf51a3,1,2,3,4,0,4,5,2,7,1,4
2022-11-08,105783af-207f-4935-8702-bd8bb2a190e7,1,1,2,0,0,0,1,1,2,1,1
2022-11-08,1082343f-0836-4bb9-b6b3-f0a5df4d9402,0,0,0,0,1,1,0,1,1,1,1
2022-11-08,10a97e8c-cec2-449b-978b-9ffd1670ff4a,79,95,174,3,2,5,82,97,179,1,11
2022-11-08,10c6248f-a630-4cab-98e8-f6402f929cb2,150,73,223,4,0,4,154,73,227,1,4
2022-11-08,10ec4f6e-202e-4d84-8086-05e4b3fd6601,35,21,56,5,0,5,40,21,61,1,3
2022-11-08,11325a6f-8804-4c0b-a6f3-fc6d4b34ff1c,3,5,8,0,0,0,3,5,8,1,1
2022-11-08,1167bf91-b39b-486b-b980-bf3afbc0957e,9,17,26,14,2,16,23,19,42,1,6
2022-11-08,11824eaa-9c0f-44b7-845e-bcd05dfa5f6b,7,10,17,0,2,2,7,12,19,1,3
2022-11-08,1192d25e-74ef-40f4-b7b6-567088277da9,0,0,0,1,1,2,1,1,2,1,1
2022-11-08,11bb7df0-f2df-4f58-a7ce-f81ef88b6098,1,0,1,0,0,0,1,0,1,1,1
2022-11-08,11f62513-394b-43d3-ab1d-c90572926799,3,3,6,7,9,16,10,12,22,1,2
2022-11-08,121b7b3b-bead-4c5e-b525-5a263a14667e,22,12,34,38,8,46,60,20,80,1,6
2022-11-08,1234422c-b677-4e7c-a969-65918621efeb,31,35,66,0,2,2,31,37,68,1,5
2022-11-08,124e8f4f-52ea-4c9c-9385-5ac9c80c508f,4,1,5,0,0,0,4,1,5,1,2
2022-11-08,12614503-d6be-43af-b600-db9eb4a13e4f,4,5,9,1,0,1,5,5,10,1,3
2022-11-08,12813ed3-6a3c-4872-95be-782d17f7acdf,0,0,0,1,0,1,1,0,1,1,1
2022-11-08,12b1b315-d6e0-45be-9291-d4076d54d0b0,0,0,0,1,0,1,1,0,1,1,1
2022-11-08,12c1db7f-7e31-43d6-bb24-9f8497dbf9e0,2,1,3,0,0,0,2,1,3,1,2
2022-11-08,12de1aeb-9f88-4e8c-8c49-fe880f572303,6,0,6,0,2,2,6,2,8,1,4
2022-11-08,1316e02d-2073-407f-81c9-24be8e524799,8,5,13,1,0,1,9,5,14,1,3
2022-11-08,133764b0-f760-4910-9f41-e9724e675cf8,1,0,1,0,0,0,1,0,1,1,1
2022-11-08,1346d439-75b1-4585-a73d-fc586f22d4ab,58,51,109,19,1,20,77,52,129,1,3
2022-11-08,137c57d8-e53f-45c7-abca-70538063f8c7,3,4,7,0,1,1,3,5,8,1,2
2022-11-08,139918ed-da4a-4151-9900-bd7ce0f576d1,5,8,13,0,0,0,5,8,13,1,1
2022-11-08,13b77947-9106-4d91-9545-5e17c90eddfa,9,9,18,1,0,1,10,9,19,1,4
2022-11-08,13c5ddec-4388-4e12-909f-997628af8c13,20,17,37,5,12,17,25,29,54,1,11
2022-11-08,13e63a8e-48cf-4610-b852-c7c6260f2895,7,8,15,0,0,0,7,8,15,1,2
2022-11-08,14013654-e197-4cff-8123-ed4f76f8d9e3,9,14,23,0,0,0,9,14,23,1,1
2022-11-08,1423d317-d6f7-4d61-9d36-55fe086e834c,24,32,56,0,0,0,24,32,56,1,10
2022-11-08,144a49ce-eabb-4ef9-b516-0bf46766151b,4,5,9,0,0,0,4,5,9,1,2
2022-11-08,1453f9a8-ab62-410e-a23a-ee60971a867e,1,0,1,1,0,1,2,0,2,1,2
2022-11-08,1480fd7a-0320-4e64-acb7-6408cdbfc68f,0,1,1,0,0,0,0,1,1,1,1
2022-11-08,14c969de-c710-4c8b-a7be-3bdaae64b2a0,91,122,213,0,0,0,91,122,213,1,5
2022-11-08,14e6defc-1269-4565-bf8c-d01b2b3e77b8,16,26,42,3,0,3,19,26,45,1,5
2022-11-08,1515659f-5a89-4e60-b9f8-19531414537b,79,80,159,5,10,15,84,90,174,1,6
2022-11-08,1531e12f-f357-44e1-98f4-a4b657a33bcc,3,4,7,0,0,0,3,4,7,1,1
2022-11-08,15575c5d-245e-4ecb-a978-d0d05ed71fd4,4,1,5,21,0,21,25,1,26,1,6
2022-11-08,156a5c11-bcc6-4b70-8950-f1460c451d33,35,35,70,0,0,0,35,35,70,1,4
2022-11-08,158ab969-aae7-4836-8daf-f3eda851c86a,23,40,63,3,3,6,26,43,69,1,7
2022-11-08,15b9c0d5-41b5-464d-92c5-f3c31dc280b4,1,1,2,5,7,12,6,8,14,1,2
2022-11-08,15d16f6a-4532-4078-821b-18d84e409ca9,3,0,3,0,0,0,3,0,3,1,3
2022-11-08,15edc9ca-e1bb-4632-b832-55a9b11cbb66,1,0,1,0,0,0,1,0,1,1,1
2022-11-08,16242aa2-c31e-4b5f-b297-4c040f10b978,3,0,3,0,0,0,3,0,3,1,1
2022-11-08,16620ab4-3a35-464b-ae4b-8222adb61919,1,0,1,0,0,0,1,0,1,1,1
2022-11-08,166f7563-a663-47c8-ab80-fd3691f64fef,1,0,1,1,0,1,2,0,2,1,2
2022-11-08,1685bb34-8bb7-45de-9591-9a4d367d8946,0,3,3,1,0,1,1,3,4,1,1
2022-11-08,1693c6ed-df0c-42b6-82ac-3796477c4154,1,0,1,0,0,0,1,0,1,1,1
2022-11-08,16b2abef-dda6-4a09-808d-90a019c8f1dc,3,204,207,9,0,9,12,204,216,1,17
2022-11-08,16c0da93-39c8-4048-a077-666d55363aeb,7,5,12,0,4,4,7,9,16,1,6
2022-11-08,16cadca3-3e04-4404-8830-31107bbd3254,1,0,1,0,0,0,1,0,1,1,1
2022-11-08,17097705-73d8-4562-913a-eb03d570e9d8,1,0,1,0,0,0,1,0,1,1,1
2022-11-08,173e3597-f714-4d4a-b5e1-7c53ff2ae8fd,10,49,59,0,0,0,10,49,59,1,9
2022-11-08,174d148f-e1cb-4297-a712-26d55f3065c7,4,7,11,0,0,0,4,7,11,1,1
2022-11-08,17575812-c4a9-42b9-8caf-13045ded6234,1,0,1,4,0,4,5,0,5,1,2
2022-11-08,17a56ec2-dbcb-49a6-b39f-2a1bbd904c5f,1,2,3,15,38,53,16,40,56,1,7
2022-11-08,17c47a92-b45a-4e1d-82bf-b3bda4d60e6d,16,11,27,32,5,37,48,16,64,1,8
2022-11-08,17cfb64a-b141-4fcc-a41f-6de96a5189e2,10,18,28,0,0,0,10,18,28,1,2
2022-11-08,17e1807c-3285-4128-978d-bdfaf044730f,17,36,53,0,10,10,17,46,63,1,4
2022-11-08,17f142f5-7659-4ea2-9cc3-9322a2991368,11,12,23,13,0,13,24,12,36,1,7
2022-11-08,181f4769-15c6-41d7-91cf-e544ec9fdd16,6,5,11,0,0,0,6,5,11,1,2
2022-11-08,1854a31d-8b24-4065-81a8-6d9f8469884f,3,0,3,2,0,2,5,0,5,1,3
2022-11-08,1860b3a0-8a0c-4cb8-b51b-1039555ced20,12,7,19,0,0,0,12,7,19,1,3
2022-11-08,1886f7da-b530-4a0d-86b4-46a03930e108,22,44,66,0,0,0,22,44,66,1,8
2022-11-08,18b7d30d-53c8-4315-80d2-90e25f9c882d,0,1,1,0,0,0,0,1,1,1,1
2022-11-08,18d8f6cb-a928-4675-86ee-0f4a75f45af8,0,0,0,0,1,1,0,1,1,1,1
2022-11-08,18f0044a-9a02-4cc8-ac69-eac5affdd81f,0,0,0,1,0,1,1,0,1,1,1
2022-11-08,1933bc23-a7b2-451f-9d40-276aa920ff49,17,48,65,17,6,23,34,54,88,1,7
2022-11-08,19753b35-2e22-49a5-b2b3-af133f1d9065,10,16,26,1,1,2,11,17,28,1,3
2022-11-08,1990ca80-0c98-4898-91bf-14463cf4594c,0,1,1,0,0,0,0,1,1,1,1
2022-11-08,199e1003-c5ad-45f5-a2ff-bf7e0a4db1b4,4,1,5,0,0,0,4,1,5,1,2
2022-11-08,19d4dc53-7db9-4460-a27e-a9c9398cdceb,11,11,22,0,0,0,11,11,22,1,3
2022-11-08,19edf4bd-2f30-46b4-bbd8-78051544cbea,13,7,20,1,0,1,14,7,21,1,2
2022-11-08,1a04c734-5957-4521-bc97-a836a5b12228,10,13,23,0,0,0,10,13,23,1,4
2022-11-08,1a20160a-4022-4152-9b5a-f10aeff8a722,11,13,24,1,0,1,12,13,25,1,2
2022-11-08,1a42ebe0-cd58-498d-8842-340a14437539,134,118,252,9,8,17,143,126,269,1,7
2022-11-08,1a578ac6-e810-4e2e-9092-f8b043ec4354,1,2,3,0,0,0,1,2,3,1,2
2022-11-08,1a90644e-927a-4129-93a6-5cb9b355c251,2,2,4,0,0,0,2,2,4,1,1
2022-11-08,1aad4aaf-8e45-42ef-b3c6-8a12f938b22e,10,18,28,6,11,17,16,29,45,1,5
2022-11-08,1ab6934f-d28b-4670-9d15-d15c68c7405e,1,2,3,1,0,1,2,2,4,1,3
2022-11-08,1ad2eb63-4f25-4c28-b838-3f2f92d1a53a,21,18,39,288,107,395,309,125,434,1,15
2022-11-08,1b12419d-1b2c-48be-9cc8-c6cdc6c26e6f,3,0,3,0,0,0,3,0,3,1,1
2022-11-08,1b33f6d4-d04b-460e-8667-ae3fb7eafe1f,49,44,93,84,53,137,133,97,230,1,5
2022-11-08,1b5d73f7-d853-4728-a2b5-f231cb39e826,13,11,24,0,0,0,13,11,24,1,2
2022-11-08,1b6a333b-bed4-4781-9b9c-514b5aaa6815,13,19,32,0,0,0,13,19,32,1,6
2022-11-08,1b88e51f-7b90-46ae-a5ae-b2f8a0e316db,4,1,5,19,4,23,23,5,28,1,6
2022-11-08,1bb7d1b6-8d24-4b2f-aa03-5e3f9e8598e1,1,0,1,0,0,0,1,0,1,1,1
2022-11-08,1bd5cd25-974e-4ef0-8f12-f86ab4055fa0,17,30,47,3,0,3,20,30,50,1,4
2022-11-08,1befac50-b4b7-4461-b408-1a51572d3bb5,13,23,36,44,1,45,57,24,81,1,4
2022-11-08,1c0dde9d-9556-4140-830b-5e1a5181c7b9,255,248,503,3,6,9,258,254,512,1,9
2022-11-08,1c2e0f63-0bb9-4401-a3c0-7fa4d6a48c27,3,0,3,8,1,9,11,1,12,1,4
2022-11-08,1c5ebf4e-fe4e-47c7-8c00-4affbc60325c,2,1,3,0,0,0,2,1,3,1,3
2022-11-08,1c96dd7c-9e58-48c7-a518-4251b6a347c7,33,72,105,1,4,5,34,76,110,1,5
2022-11-08,1cbfc0e8-4db5-481a-82da-0cc04b7927c2,2,0,2,1,0,1,3,0,3,1,3
2022-11-08,1ce04fc7-7009-4e9d-b7fc-20a4f0f0d5db,4,5,9,26,0,26,30,5,35,1,2
2022-11-08,1ce77af0-98c1-4373-b366-c588ebb9a858,0,0,0,9,0,9,9,0,9,1,1
2022-11-08,1d09422b-df77-4def-af83-53d25347f2a6,5,5,10,0,0,0,5,5,10,1,5
2022-11-08,1d209349-983a-4c81-9598-3a04ae3a9508,6,0,6,1,0,1,7,0,7,1,3
2022-11-08,1d654b4f-ada3-487d-8174-4e272cb1e4f7,5,5,10,27,4,31,32,9,41,1,5
2022-11-08,1d90a311-ee50-4d9f-9eb5-73f2e42912d0,2,0,2,0,0,0,2,0,2,1,2
2022-11-08,1db5e577-e084-449d-b629-d0e7dcf668ba,2,0,2,0,0,0,2,0,2,1,1
2022-11-08,1de736f4-8281-4c79-a91c-56be8e682c54,5,1,6,0,0,0,5,1,6,1,1
2022-11-08,1def368b-0892-427d-9742-6d4456f8519a,18,27,45,0,1,1,18,28,46,1,4
2022-11-08,1e02b6f3-1609-4e8d-b5bf-39d6c5029682,305,424,729,237,190,427,542,614,1156,1,11
2022-11-08,1e214212-e3f7-46cf-b592-433dde99967c,3,9,12,6,3,9,9,12,21,1,7
2022-11-08,1e5813c7-9eeb-4e8b-8ec9-e39e8d7da6ec,7,2,9,0,1,1,7,3,10,1,2
2022-11-08,1e73ba5f-9d04-4eab-a2d8-5a9a219dec40,9,30,39,2,7,9,11,37,48,1,8
2022-11-08,1e894aea-f29a-40c0-85f1-283268b55494,15,19,34,7,2,9,22,21,43,1,5
2022-11-08,1e935ee6-b443-4541-97a2-929db4202ca4,12,10,22,2,2,4,14,12,26,1,3
2022-11-08,1e9f0521-e9c6-4309-82d4-80c13182b251,10,7,17,2,0,2,12,7,19,1,4
2022-11-08,1ec410cd-0348-45c3-9557-7826443ffc04,13,11,24,124,34,158,137,45,182,1,5
2022-11-08,1ed0303c-e77d-4c63-80e9-03d90803041e,6,8,14,0,0,0,6,8,14,1,2
2022-11-08,1eeeb1d2-20c7-4a8c-8a34-2c60ad95cfba,1,2,3,14,0,14,15,2,17,1,15
2022-11-08,1ef9bc04-5530-4cf9-be9d-c499f0bca802,5,6,11,6,1,7,11,7,18,1,4
2022-11-08,1f1a82b4-da20-424e-a93e-b1d402c83fc4,1,0,1,0,0,0,1,0,1,1,1
2022-11-08,1f2f6fbd-6832-4d65-922a-3b7abed09b83,3,1,4,1,0,1,4,1,5,1,2
2022-11-08,1f419ce6-7c7e-4088-a989-685912ec088a,17,7,24,0,0,0,17,7,24,1,3
2022-11-08,1f602b15-3ae1-46b7-af3a-2706b5e14079,149,177,326,25,5,30,174,182,356,1,12
2022-11-08,1f8e3ad3-055c-4333-8370-1080dfda4103,1,0,1,3,0,3,4,0,4,1,3
2022-11-08,1f9fc701-17e5-42db-889e-53466fe4474f,18,10,28,0,0,0,18,10,28,1,5
2022-11-08,1fc7914d-31ad-44e0-9aaa-4dc785a7bc69,0,1,1,0,0,0,0,1,1,1,1
2022-11-08,1ff8d491-61d2-4913-a48c-3de940a2b655,14,7,21,1,1,2,15,8,23,1,5
2022-11-08,201fbf7c-ee65-4102-bd18-45a67753f71c,32,23,55,42,5,47,74,28,102,1,6
2022-11-08,203ad873-dcd3-49dc-8779-b85e6433efe5,8,17,25,173,285,458,181,302,483,1,4
2022-11-08,2079b7dd-595a-4782-b51c-88bbb6e37058,57,111,168,6,7,13,63,118,181,1,4
2022-11-08,209a106f-f515-4505-92cb-3ab627cf3f9d,76,121,197,18,8,26,94,129,223,1,11
2022-11-08,20d9b64a-e7d8-4353-b5f5-d2d45f6ec66a,12,8,20,14,0,14,26,8,34,1,11
2022-11-08,20fa03f3-8b4c-4d6f-b7a4-5db5f634a199,61,67,128,0,1,1,61,68,129,1,8
2022-11-08,210ab5fb-0f21-4c60-9137-ff12df6cf4a6,56,73,129,1,0,1,57,73,130,1,10
2022-11-08,2122c362-71b6-484f-bbeb-fbff2af8994b,47,68,115,0,1,1,47,69,116,1,4
2022-11-08,21473dae-2e69-43d2-bf54-a02e50b8fef8,0,0,0,6,0,6,6,0,6,1,1
2022-11-08,21641544-917b-4c89-bef3-b4fbd410136c,131,157,288,16,7,23,147,164,311,1,11
2022-11-08,218572d7-5f5b-4b84-bcf6-7da2c8eff003,8,6,14,0,1,1,8,7,15,1,3
2022-11-08,2198936e-9b81-4a44-a55a-daf12a71ca87,1,0,1,0,0,0,1,0,1,1,1
2022-11-08,21ce1f2d-9ede-4244-91c7-d47b8824a7f2,3,6,9,46,11,57,49,17,66,1,9
2022-11-08,21e7252b-2fc1-433f-b29c-8397c519d0e8,10,11,21,20,34,54,30,45,75,1,4
2022-11-08,21fcbe3c-f611-458f-a6f0-69ec2abf340a,1,0,1,0,0,0,1,0,1,1,1
2022-11-08,2213dc9f-af77-4710-a653-1c3186ee0d2d,14,13,27,12,3,15,26,16,42,1,3
2022-11-08,223cc4e7-db2b-4f8c-8e6c-c49623668c33,1,0,1,5,0,5,6,0,6,1,2
2022-11-08,224ec0ef-ca9b-49e9-8ec1-66e5af2d9857,14,20,34,0,0,0,14,20,34,1,3
2022-11-08,227ce02f-d18b-4a8c-bd97-075a5d776c9b,19,23,42,0,0,0,19,23,42,1,3
2022-11-08,229c2509-3184-4eae-b060-d1009c9a88c9,2,0,2,0,0,0,2,0,2,1,2
2022-11-08,22dbfaaf-9782-41f3-b977-99df18cb666d,43,46,89,0,0,0,43,46,89,1,9
2022-11-08,22eaf4d8-9728-480a-b8a6-a8e641012572,30,33,63,66,12,78,96,45,141,1,6
2022-11-08,230262bf-4aad-46dc-95d8-ca9bc2de4e8b,18,21,39,4,0,4,22,21,43,1,6
2022-11-08,230d666d-9ce3-419a-b3fc-8ffa5716ef94,6,4,10,0,0,0,6,4,10,1,1
2022-11-08,232dee19-e2c2-43b5-b81e-c250bf337db8,5,2,7,0,0,0,5,2,7,1,1
2022-11-08,234cadbd-71e8-4c06-b40d-4ac208af52ac,19,16,35,0,3,3,19,19,38,1,2
2022-11-08,235c15ed-24f4-4997-a816-2dca649fe8fb,2,0,2,0,0,0,2,0,2,1,2
2022-11-08,238100ed-8152-4e83-9adf-9a89dc9b0744,9,6,15,0,0,0,9,6,15,1,3
2022-11-08,23bdbc60-bd71-4fab-bcc4-3986922a7cd6,18,27,45,0,0,0,18,27,45,1,3
2022-11-08,23e3712a-85bb-4489-b30c-4acb6a369dcc,1,11,12,0,0,0,1,11,12,1,2
2022-11-08,2402efef-119b-401f-8ab4-ebc2b97ececc,9,10,19,0,0,0,9,10,19,1,4
2022-11-08,2413af80-97bb-4ac6-8097-7e02cb5e23a2,3,3,6,8,1,9,11,4,15,1,3
2022-11-08,24268557-cdcc-4deb-b9d8-73e035c0aafa,0,1,1,0,0,0,0,1,1,1,1
2022-11-08,2437197a-ea0d-4893-bd57-b02bb24db3a4,1,0,1,0,0,0,1,0,1,1,1
2022-11-08,245ee658-01ed-4d55-b843-8a5fa6ac0a8e,1,2,3,13,17,30,14,19,33,1,4
2022-11-08,24707354-bd64-4ea5-90f1-27d4d7ad35b1,9,11,20,167,33,200,176,44,220,1,6
2022-11-08,249497ee-ce25-4492-87be-2a398c78c93a,2,0,2,0,0,0,2,0,2,1,2
2022-11-08,24a0beb1-8e0a-43d2-a1cb-dd83bb880b60,8,6,14,2,0,2,10,6,16,1,4
2022-11-08,24d797d8-1d83-4aaf-b0f7-8c699eca55f6,0,1,1,0,0,0,0,1,1,1,1
2022-11-08,24eb0185-5fa5-4ae5-9654-b22c6105d27a,81,89,170,63,9,72,144,98,242,1,10
2022-11-08,250d6ab0-9d15-4032-b761-152329e15f3d,27,29,56,5,5,10,32,34,66,1,4
2022-11-08,2529bbd9-7e34-407f-b49b-d9f8d942a3bf,244,252,496,7,14,21,251,266,517,1,4
2022-11-08,25389d98-554c-4bbd-a8b3-263536ccc4d8,91,92,183,560,0,560,651,92,743,1,8
2022-11-08,25466db7-5940-4c28-b847-7529d3daf722,1,0,1,0,0,0,1,0,1,1,1
2022-11-08,255b4bf8-dfb4-4858-81b1-49250ca94ffd,5,0,5,0,0,0,5,0,5,1,3
2022-11-08,25742fbb-61b5-489e-93ea-37617c4dcc16,8,0,8,0,0,0,8,0,8,1,1
2022-11-08,258986c5-527c-46f7-8f67-4d909bea3bcc,11,29,40,1,1,2,12,30,42,1,6
2022-11-08,25ae833c-7f52-4ab0-a547-cbc16a3bd508,49,42,91,5,1,6,54,43,97,1,6
2022-11-08,25c5fbeb-2b21-463c-bf22-61c2547b0acd,8,10,18,0,1,1,8,11,19,1,3
2022-11-08,25edfbe4-9013-4168-a669-14ebcd3bf993,1,1,2,1,0,1,2,1,3,1,2
2022-11-08,2602ff6c-2914-4e25-96af-3bb872060ef7,4,5,9,0,0,0,4,5,9,1,1
2022-11-08,26309bbc-3f66-4cd3-97e2-39a4836167e6,7,8,15,30,7,37,37,15,52,1,6
2022-11-08,264e147b-2bb5-44ac-84d2-8381a3b2e3b1,11,12,23,1,0,1,12,12,24,1,2
2022-11-08,267d2bbf-f48d-4d50-937e-0a60bcd28036,6,8,14,0,0,0,6,8,14,1,2
2022-11-08,26ab15b7-29ac-46b3-9788-147f117e1174,76,79,155,58,91,149,134,170,304,1,7
2022-11-08,26ce6e47-baaf-4908-98f4-299638d979fe,6,0,6,0,0,0,6,0,6,1,2
2022-11-08,26eb78b3-1e2e-45c0-9541-8f13059783f4,17,20,37,80,96,176,97,116,213,1,4
2022-11-08,270b199f-e4f9-4400-89c1-809bbb07aa00,0,0,0,0,9,9,0,9,9,1,7
2022-11-08,272e73ca-4b73-4da6-88a6-86b35d36feab,267,218,485,111,41,152,378,259,637,1,7
2022-11-08,274ebf5a-6e2f-4cbd-b201-178587f1a523,0,0,0,1,0,1,1,0,1,1,1
2022-11-08,2771a292-47d3-4a5f-a487-009a19fcdca9,4,0,4,0,4,4,4,4,8,1,4
2022-11-08,2786610f-f9d2-4a5f-9d41-c9c28fa15f5d,2,0,2,2,0,2,4,0,4,1,4
2022-11-08,27a675f5-c105-43ee-b605-e5823cdce7ae,35,45,80,1,0,1,36,45,81,1,9
2022-11-08,27ceda26-53ed-4302-b863-3ae95939f964,6,5,11,0,0,0,6,5,11,1,1
2022-11-08,27ef2ea2-e1cf-46bb-9bf7-8346e470c5b1,12,3,15,5,3,8,17,6,23,1,4
2022-11-08,28138b7d-506e-4688-8c52-ec3ae7dfa209,4,5,9,0,0,0,4,5,9,1,2
2022-11-08,2844d5f3-fd45-4521-82b6-94de664c9de3,29,14,43,2,6,8,31,20,51,1,3
2022-11-08,285c04c8-29d6-4f15-9dab-0319d8bb78ff,42,55,97,5,2,7,47,57,104,1,15
2022-11-08,28933d76-5ceb-4cdb-bfb9-6c0ab8bd366c,2,3,5,0,0,0,2,3,5,1,2
2022-11-08,28cfceb9-faa1-4a64-8cf8-8006d386663c,8,5,13,0,0,0,8,5,13,1,3
2022-11-08,290a2975-1a39-477a-84d4-d2dc76f6eb4d,34,40,74,1,1,2,35,41,76,1,5
2022-11-08,292d65bd-d382-4bdc-8e65-f19ef5497fce,7,9,16,0,0,0,7,9,16,1,2
2022-11-08,29560fa3-1e2c-4d0f-8ee6-042d97b570af,7,7,14,25,6,31,32,13,45,1,7
2022-11-08,2988aa5f-fff3-4708-94a3-5647dc94f864,5,4,9,0,4,4,5,8,13,1,3
2022-11-08,2996c8e9-506c-4770-972d-3fd8a795c135,0,0,0,17,0,17,17,0,17,1,1
2022-11-08,29b4ee37-9e26-4d6d-bf4a-e71606bea595,0,0,0,6,8,14,6,8,14,1,1
2022-11-08,29c76f7d-6c2f-457e-ab3a-a291dcbac519,179,109,288,3,0,3,182,109,291,1,5
2022-11-08,29e4686d-ead1-4dca-93d0-c10c1f71a9fc,39,34,73,1,0,1,40,34,74,1,5
2022-11-08,2a0dbea4-fb8c-4418-9e12-a092635b8537,8,9,17,9,7,16,17,16,33,1,6
2022-11-08,2a46cc67-5476-4b4b-85f3-59030b91e5e3,2,4,6,0,0,0,2,4,6,1,3
2022-11-08,2a550045-557e-4007-98a8-95c8d264782b,49,74,123,15,16,31,64,90,154,1,7
2022-11-08,2a65d6c9-bde7-48dc-97cc-ba3bc9a7d2c7,0,0,0,1,0,1,1,0,1,1,1
2022-11-08,2a739f9d-8ced-4745-9361-13e79809698c,1,0,1,0,0,0,1,0,1,1,1
2022-11-08,2a84ce4b-b4ed-4c5e-9e9c-9e2311c8a047,12,17,29,0,6,6,12,23,35,1,4
2022-11-08,2aa9f6ee-572e-4840-9990-31bee5777b65,48,70,118,3,1,4,51,71,122,1,8
2022-11-08,2ae768eb-7649-4b8d-a349-cbe4378f6b5f,4,2,6,5,0,5,9,2,11,1,4
2022-11-08,2b0555b2-293f-4cf8-bf43-f9226c001de7,6,6,12,1,0,1,7,6,13,1,4
2022-11-08,2b1fc8de-c16f-4e89-a62c-a8d8429d4743,0,0,0,1,0,1,1,0,1,1,1
2022-11-08,2b45d380-2356-4dfb-aafd-f57025599cd7,7,12,19,1,3,4,8,15,23,1,5
2022-11-08,2b5c325e-d0a9-427e-adf1-138b73669625,4,6,10,2,0,2,6,6,12,1,5
2022-11-08,2b7fc546-465f-4c2d-8f26-034bf09fa480,7,8,15,13,0,13,20,8,28,1,4
2022-11-08,2b9b6296-5e77-4bf6-b817-6ee5d52138fb,2,5,7,1,0,1,3,5,8,1,2
2022-11-08,2bb309d8-a39b-4b51-8e1a-6b7afa1563cd,15,19,34,2,0,2,17,19,36,1,5
2022-11-08,2be468d1-a47f-4f08-8f1e-7892f0d23e2a,2,0,2,0,0,0,2,0,2,1,2
2022-11-08,2bfe0f2e-35e4-485f-a113-7b5f7a6f965c,0,0,0,1,0,1,1,0,1,1,1
2022-11-08,2c09233c-b035-44af-aad6-69e7b9bda86b,11,21,32,0,0,0,11,21,32,1,1
2022-11-08,2c3b11a2-1b47-41c5-931b-791163f1e82e,9,8,17,168,1,169,177,9,186,1,4
2022-11-08,2c4d3d7f-c63a-49e8-979f-750fd32a81cb,63,64,127,6,0,6,69,64,133,1,11
2022-11-08,2c6a0112-6d58-46a4-82d6-98a54e420b9e,173,273,446,0,0,0,173,273,446,1,5
2022-11-08,2c8aeb00-e558-4eec-8dab-a8c17e68a3c2,14,17,31,0,0,0,14,17,31,1,2
2022-11-08,2c9d5449-3095-4d1a-8bb3-4280c2773d95,20,14,34,2,0,2,22,14,36,1,3
2022-11-08,2ca436dd-00e3-4dda-939b-3e22a0adb21e,233,194,427,2,0,2,235,194,429,1,8
2022-11-08,2cbf83d0-be20-4c91-a50a-33ab727cf83d,7,3,10,1,4,5,8,7,15,1,3
2022-11-08,2cec3fa5-0634-40ac-b364-dafc90113423,9,11,20,4,3,7,13,14,27,1,8
2022-11-08,2d177cd8-7aea-4851-9ebe-985731e8491a,0,1,1,0,0,0,0,1,1,1,1
2022-11-08,2d290ba4-86ba-4cad-83b0-932b5b83c892,0,0,0,1,0,1,1,0,1,1,1
2022-11-08,2d356ee7-3658-45ff-add5-16b19d24fe8f,1,0,1,0,0,0,1,0,1,1,1
2022-11-08,2d4b3da8-23ae-4ba7-a9b8-940e08915f2c,0,1,1,1,0,1,1,1,2,1,1
2022-11-08,2d6bd740-9036-406e-af00-4d34ebc23eaf,6,6,12,1,0,1,7,6,13,1,6
2022-11-08,2d9c5d02-4bdc-41f4-8473-3f609644ab9a,2,3,5,6,3,9,8,6,14,1,9
2022-11-08,2dc0ba40-11d6-4095-8de9-f46f8dae6563,27,24,51,0,2,2,27,26,53,1,2
2022-11-08,2de40f3e-c200-4a21-b4a9-5290a988d3cc,1,0,1,0,0,0,1,0,1,1,1
2022-11-08,2def7983-b390-495c-8d2a-bc8ea7f5904a,58,63,121,0,0,0,58,63,121,1,2
2022-11-08,2e27ca0a-8d13-4ceb-98ce-8cfeb39b7c2e,0,4,4,1,0,1,1,4,5,1,2
2022-11-08,2e3f8cb1-1d3c-41d8-908a-d6168530cc2e,68,106,174,2,6,8,70,112,182,1,12
2022-11-08,2e610140-0f70-45e3-bbf0-fbe24ba0fd4b,2,0,2,0,0,0,2,0,2,1,2
2022-11-08,2e803729-0de7-4184-bda5-e369f07caf91,79,113,192,45,49,94,124,162,286,1,9
2022-11-08,2ea05b41-6bd9-4f82-b8ae-b92c1447ccaa,48,58,106,16,8,24,64,66,130,1,9
2022-11-08,2ead023c-b158-4ed6-a992-f83883d79917,11,17,28,0,0,0,11,17,28,1,6
2022-11-08,2ec8b15b-b01b-4ad3-8837-a5e67e2a911a,78,86,164,11,15,26,89,101,190,1,8
2022-11-08,2eddecf6-33e0-4afa-820f-c533438a6d0a,0,0,0,19,6,25,19,6,25,1,1
2022-11-08,2efcfc71-c81e-4980-a703-1bebc0645ab9,9,8,17,0,1,1,9,9,18,1,5
2022-11-08,2f0b9df7-fb26-4b6c-b991-b0ed5e66fd45,39,23,62,0,1,1,39,24,63,1,8
2022-11-08,2f234e9f-7a45-46dd-95c0-ac21595c7a88,121,171,292,9,2,11,130,173,303,1,11
2022-11-08,2f4593d3-dd26-43e2-9e50-df3acce0e6fb,5,8,13,0,0,0,5,8,13,1,2
2022-11-08,2f569992-fff1-4c17-bee9-29f34fc4c032,16,11,27,1,0,1,17,11,28,1,1
2022-11-08,2f93097c-70e8-4384-a775-9bea7e1597ea,45,32,77,1,0,1,46,32,78,1,7
2022-11-08,2fabfee3-a619-4ec4-ac0b-81fec290f040,24,50,74,2,0,2,26,50,76,1,2
2022-11-08,2fcf9080-ce62-4f54-8bca-bc1d0878d1a8,1,0,1,4,0,4,5,0,5,1,5
2022-11-08,2fea6a10-ced3-4759-9ad2-8302f61f1c01,8,10,18,103,12,115,111,22,133,1,5
2022-11-08,2ffe06f2-058a-4944-a01a-a7d8826817d3,2,4,6,12,8,20,14,12,26,1,3
2022-11-08,301423b7-af6f-44f6-aa10-a3ed3a2cff4a,15,11,26,9,4,13,24,15,39,1,4
2022-11-08,304236db-538e-4d5a-b595-14f6d222ac83,4,2,6,1,0,1,5,2,7,1,1
2022-11-08,304f1ac5-3249-49dc-bd0e-4d93e6595022,5,3,8,11,0,11,16,3,19,1,4
2022-11-08,306ade43-c5e9-4764-aafd-2ee26a9a5537,1,0,1,0,0,0,1,0,1,1,1
2022-11-08,308a1343-55f6-4512-939b-4d2622a0362e,2,2,4,0,0,0,2,2,4,1,2
2022-11-08,30ccdc53-f993-45cd-b93f-cfe154b7813c,4,11,15,0,0,0,4,11,15,1,1
2022-11-08,31085a8c-5585-4df0-9ff1-3e15cc31b5aa,1,7,8,5,4,9,6,11,17,1,3
2022-11-08,311a17b8-0e53-41bf-9b67-b86af01eb053,2,0,2,0,1,1,2,1,3,1,1
2022-11-08,312f7e55-207a-4d81-8a09-990c96587ed2,0,0,0,17,9,26,17,9,26,1,1
2022-11-08,3145767b-5f65-4569-a0d2-0d64d0808eaa,11,11,22,2,3,5,13,14,27,1,8
2022-11-08,317de4f2-feae-4354-afd7-8b44fcf90805,1,2,3,1,0,1,2,2,4,1,2
2022-11-08,318ed0a7-92ee-435e-aa16-ee6526aff0bf,1,2,3,0,0,0,1,2,3,1,1
2022-11-08,31b45deb-1e02-4a46-b615-a895c0f57ca1,23,17,40,29,3,32,52,20,72,1,6
2022-11-08,31ed01e7-cd9a-477c-ad3e-37b9c5f0d7cc,9,12,21,0,0,0,9,12,21,1,3
2022-11-08,32202f83-b8c9-4a31-b7e3-68fcd6ffb22f,6,2,8,0,0,0,6,2,8,1,3
2022-11-08,32400102-6f4d-4d92-bbd4-590a3194d236,22,24,46,21,8,29,43,32,75,1,11
2022-11-08,325fe7f1-1c9c-4192-bd82-d745c06bd9e2,87,115,202,11,1,12,98,116,214,1,9
2022-11-08,3285b7c5-9f6a-45df-9df1-c00caff16165,2,0,2,0,0,0,2,0,2,1,1
2022-11-08,32968e17-06bf-423e-8ec5-81a1bb808fc1,8,7,15,5,8,13,13,15,28,1,6
2022-11-08,32a7db77-c2f6-47fb-8db6-2af329d6072b,7,6,13,1,0,1,8,6,14,1,3
2022-11-08,32dc766f-85db-4758-83f9-f73712b8c647,5,3,8,2,0,2,7,3,10,1,4
2022-11-08,33050f53-24a4-47df-b070-97c3ea2f86bc,2,0,2,1,0,1,3,0,3,1,2
2022-11-08,33236a02-264a-4ead-84ce-9c0069d1c734,76,87,163,10,13,23,86,100,186,1,9
2022-11-08,334ed1c8-de11-4a42-bf9b-b742a2acd6b5,1,2,3,0,0,0,1,2,3,1,1
2022-11-08,3387cb7c-ac90-4297-94f5-89f4e121cc09,0,0,0,19,6,25,19,6,25,1,1
2022-11-08,33a3b821-4b7d-419f-8799-52f2cbf4d8c6,5,2,7,2,4,6,7,6,13,1,5
2022-11-08,33cc29d5-3287-4d6e-98d6-4a3517971d4d,1,1,2,0,0,0,1,1,2,1,2
2022-11-08,34193ce5-595e-41f2-bfa2-c90994cf8ce0,45,57,102,1,0,1,46,57,103,1,7
2022-11-08,342f7ee8-201f-4a2d-85e2-5d8f5c540371,15,17,32,1,0,1,16,17,33,1,5
2022-11-08,3473de28-68ce-44d5-9941-3d575149c54b,11,3,14,42,2,44,53,5,58,1,3
2022-11-08,34919918-7133-476d-913a-015c49b34b36,43,53,96,12,4,16,55,57,112,1,4
2022-11-08,34b10a8d-38c2-4984-bc65-06bb00f232a9,2,2,4,0,0,0,2,2,4,1,1
2022-11-08,34df922b-8db6-479a-b3f2-be83c06a1a59,10,10,20,0,0,0,10,10,20,1,3
2022-11-08,34f5df75-cb37-42ac-8893-03dc82b21066,18,11,29,18,2,20,36,13,49,1,6
2022-11-08,3510ea65-fcdc-4d69-8962-e089ef6c89f8,2,2,4,2,2,4,4,4,8,1,3
2022-11-08,35212ff3-0e5f-4da5-8995-ae1dc2f5877c,1,0,1,1,0,1,2,0,2,1,2
2022-11-08,3537e452-8bcf-459d-b97d-4879deb67d19,23,20,43,2,2,4,25,22,47,1,5
2022-11-08,3560f7d8-a183-4a20-8868-62001c0bb4c7,1,0,1,0,0,0,1,0,1,1,1
2022-11-08,358cbde9-d1a0-4000-8301-491475800669,15,11,26,0,0,0,15,11,26,1,4
2022-11-08,359aba57-c2d6-4521-9c78-eee42e2c3cbf,0,3,3,10,6,16,10,9,19,1,5
2022-11-08,35aa95bb-8fc2-4e44-959b-80df11ae0f01,6,4,10,0,0,0,6,4,10,1,1
2022-11-08,35bedcc9-61e8-456f-8f81-65a03ce50a59,128,112,240,100,81,181,228,193,421,1,13
2022-11-08,35cf1347-f2a8-4e11-8dc5-d2cc0a751f7b,4,6,10,16,19,35,20,25,45,1,4
2022-11-08,35e4a530-4779-454d-9e7f-9307a725e459,12,4,16,1,1,2,13,5,18,1,2
2022-11-08,35fe5ecd-3308-46f3-be43-71eb482a7912,2,1,3,1,0,1,3,1,4,1,2
2022-11-08,36251b48-00c4-42c3-b69e-ecc0a3504752,11,11,22,0,1,1,11,12,23,1,5
2022-11-08,3649a7b3-898d-47b5-ab39-81976f35e978,16,17,33,1,0,1,17,17,34,1,2
2022-11-08,366d2b44-44dc-48ed-b3e8-efe4da69bf85,28,38,66,1,3,4,29,41,70,1,6
2022-11-08,368b2d96-eaeb-4753-85e5-47dfc51baaea,4,5,9,0,0,0,4,5,9,1,3
2022-11-08,369ca56f-c38c-4c8c-9c76-3646afa44bac,0,2,2,0,0,0,0,2,2,1,1
2022-11-08,36ae90c8-603d-4b86-a008-e5403bb888ea,16,34,50,0,0,0,16,34,50,1,5
2022-11-08,36c67d7c-be1f-4fd3-801a-b07f0b8ea3d9,185,175,360,1,0,1,186,175,361,1,10
2022-11-08,3726a92c-29a7-4fd4-8e32-c5c3478b05c7,1,1,2,1,0,1,2,1,3,1,3
2022-11-08,37623d58-9ea9-4938-8f21-ce50a9427d05,3,0,3,0,0,0,3,0,3,1,1
2022-11-08,3794abdf-749b-4b9c-aad2-3d9c8f6e6e14,1,0,1,1,0,1,2,0,2,1,2
2022-11-08,37b3ad73-450b-4248-9f12-07f8ec4c1e93,3,4,7,0,0,0,3,4,7,1,3
2022-11-08,37c31d30-8b3b-4c83-875e-0aef0d8ddfbf,29,36,65,4,0,4,33,36,69,1,7
2022-11-08,37d93fdf-363c-4312-8614-fd7e705d738c,6,5,11,9,4,13,15,9,24,1,5
2022-11-08,37fe9d66-deae-473a-917c-2baa076b56a1,7,3,10,0,1,1,7,4,11,1,2
2022-11-08,3821eec1-38b1-4c1a-9751-42cb0da89045,28,25,53,11,7,18,39,32,71,1,10
2022-11-08,3866c0a8-0a39-47ab-87ba-473afa5b255c,2,0,2,0,0,0,2,0,2,1,2
2022-11-08,38870357-ac5b-4a09-9006-9cd4bc2b508f,1,0,1,0,0,0,1,0,1,1,1
2022-11-08,38aa074e-d7c1-4980-96f7-403f7c377c1f,6,3,9,1,0,1,7,3,10,1,5
2022-11-08,38c4db8e-8ca7-49a0-961f-627f873ff894,4,4,8,3,0,3,7,4,11,1,4
2022-11-08,38e07e1c-199d-404b-b876-e39ef3d03d46,1,3,4,0,0,0,1,3,4,1,1
2022-11-08,38ece34f-5f92-4380-83a6-6782d50cc2fb,26,26,52,13,5,18,39,31,70,1,7
2022-11-08,3908634d-6b48-46f5-8ffb-7f0b8cb92535,1,0,1,54,1,55,55,1,56,1,6
2022-11-08,39139919-f54c-4458-b9d4-b9dfcf5fa901,2,4,6,0,0,0,2,4,6,1,2
2022-11-08,393e865e-edef-47cc-b261-2491dcb36a77,1,0,1,0,0,0,1,0,1,1,1
2022-11-08,395bf966-a0f8-447a-8a81-910799316012,9,30,39,0,0,0,9,30,39,1,2
2022-11-08,396cd8ba-39d1-4bb6-853a-3eddc54ef801,6,10,16,0,0,0,6,10,16,1,6
2022-11-08,39a5f2b0-5ffc-4f09-8b89-26c46f9ac8f3,120,175,295,2,27,29,122,202,324,1,10
2022-11-08,39c5d4bf-9aa1-40fe-bce7-62547041550d,28,26,54,16,14,30,44,40,84,1,6
2022-11-08,39d5406f-1f4b-4170-a5ea-66765f2f75a2,4,0,4,0,0,0,4,0,4,1,3
2022-11-08,3a012adf-0123-41c2-ba7e-48111be00512,3,1,4,1,0,1,4,1,5,1,2
2022-11-08,3a1e6211-2ae5-42aa-b43a-0768db75c3a8,11,0,11,3,0,3,14,0,14,1,10
2022-11-08,3a3d1974-5eed-4e79-826e-e2c2f2d49096,17,5,22,1,0,1,18,5,23,1,2
2022-11-08,3a73050f-3526-4ffd-8cff-c6a9b7525215,57,59,116,35,4,39,92,63,155,1,9
2022-11-08,3a8f3f3f-bdbd-4b4f-bf23-60c6e47422cc,1,1,2,0,0,0,1,1,2,1,1
2022-11-08,3abea44f-add6-445d-8eb2-ff0a3a546fa8,6,5,11,0,1,1,6,6,12,1,2
2022-11-08,3ae1d3cc-e96a-4a06-b0e6-b959dcb694de,3,1,4,0,0,0,3,1,4,1,4
2022-11-08,3b150840-c26e-4849-a6c2-2b26735f1e56,0,0,0,6,0,6,6,0,6,1,1
2022-11-08,3b3682ad-6294-4ec0-8657-4c3469af4fbb,3,4,7,3,1,4,6,5,11,1,4
2022-11-08,3b4f1627-8d8d-4c90-8899-07bb19d36077,0,0,0,1,0,1,1,0,1,1,1
2022-11-08,3b7bd3b4-f917-4eac-82a9-a6ba5d494b9e,13,15,28,4,0,4,17,15,32,1,6
2022-11-08,3b90d7d9-f715-4da5-8023-fc2ef650bbfb,38,35,73,21,7,28,59,42,101,1,8
2022-11-08,3b9ae5b8-e0e4-4f96-b3e3-f154b885d297,1,0,1,0,0,0,1,0,1,1,1
2022-11-08,3bb54d19-c739-4811-af17-c5baaeb82f0d,2,3,5,0,0,0,2,3,5,1,3
2022-11-08,3bd1e43b-84bb-40e0-8e04-fb22f26f202d,1,0,1,0,0,0,1,0,1,1,1
2022-11-08,3c00609e-203e-4e59-b961-e1c2c80b2c99,0,1,1,0,0,0,0,1,1,1,1
2022-11-08,3c2586a9-24dd-47b6-970d-ec3651b3003d,0,0,0,0,3,3,0,3,3,1,1
2022-11-08,3c4cf66f-ead9-442c-89f2-55bb2a0df952,3,0,3,0,0,0,3,0,3,1,2
2022-11-08,3c5a1be3-ae83-409e-8903-5ff9cc5a301a,3,1,4,3,0,3,6,1,7,1,4
2022-11-08,3c76f7d0-6a19-43e9-9247-969dbef0a453,6,13,19,0,0,0,6,13,19,1,6
2022-11-08,3c8f6a1b-5dca-446a-a818-cf799d2eb8ef,7,6,13,0,0,0,7,6,13,1,2
2022-11-08,3ca2935e-3851-4509-920a-b5295b47db70,0,1,1,0,0,0,0,1,1,1,1
2022-11-08,3cbdc876-93b6-45f2-be6b-432d46b95bfb,9,7,16,0,0,0,9,7,16,1,4
2022-11-08,3ce62f76-4d80-4498-88f9-ee4974870528,2,1,3,0,0,0,2,1,3,1,2
2022-11-08,3d03b803-0483-418a-8b60-a89d8036ec50,1,3,4,1,0,1,2,3,5,1,2
2022-11-08,3d249b6a-ddf4-4296-a8e8-cd63358350dc,35,34,69,6,3,9,41,37,78,1,8
2022-11-08,3d3571c5-fa93-4691-a9dd-b384cbe9e585,4,1,5,0,0,0,4,1,5,1,1
2022-11-08,3d59bdf6-d229-467b-9541-344b3cbb94f5,2,1,3,0,0,0,2,1,3,1,2
2022-11-08,3d765d8e-22d4-4f30-b90b-d954d45d1ab8,75,110,185,1,0,1,76,110,186,1,3
2022-11-08,3d976d84-79ce-4f9b-9913-a7f76db8c324,3,4,7,0,0,0,3,4,7,1,2
2022-11-08,3db2f2d0-f9c4-4ff7-96d4-2dc977ea159b,1,0,1,5,0,5,6,0,6,1,2
2022-11-08,3dc49907-4cac-44b6-8a77-9dd6c05a5b41,1,1,2,0,0,0,1,1,2,1,1
2022-11-08,3dd9e3fd-c791-4f8e-af38-620f56f44e4c,41,53,94,7,5,12,48,58,106,1,12
2022-11-08,3e158dc7-b9fb-4245-99fc-95a2b81d7c63,7,16,23,2,2,4,9,18,27,1,5
2022-11-08,3e2db8c1-c846-46c4-b581-ea47804ae338,23,11,34,0,0,0,23,11,34,1,13
2022-11-08,3e4d80f3-329e-4927-8577-2d2159b32508,23,30,53,35,13,48,58,43,101,1,5
2022-11-08,3e7b6994-a5a0-4a65-8c5b-574a97ceeb04,5,3,8,1,0,1,6,3,9,1,5
2022-11-08,3e9d3739-82b1-4160-b5aa-cf76555d40dd,136,144,280,13,35,48,149,179,328,1,4
2022-11-08,3eb9690e-a0d1-432f-8618-abe3c185ca0f,0,0,0,6,0,6,6,0,6,1,6
2022-11-08,3ed6525b-ced6-441d-a320-1c6b8df270d6,10,14,24,4,0,4,14,14,28,1,4
2022-11-08,3f06bc99-2740-4b60-b04d-0d21dbb28a53,5,7,12,0,0,0,5,7,12,1,2
2022-11-08,3f1d441a-1db3-43a3-a0a8-ee36c5f45a8c,32,34,66,3,5,8,35,39,74,1,8
2022-11-08,3f3f31bd-fa87-4cfb-bc1b-cabe0125fb6e,53,77,130,9,8,17,62,85,147,1,9
2022-11-08,3f637e17-bcc4-4e98-9c0a-a8178711b64b,39,29,68,47,2,49,86,31,117,1,4
2022-11-08,3f81107d-1de7-4fdf-98ff-b36cce36acf0,3,4,7,0,0,0,3,4,7,1,2
2022-11-08,3fa62428-d221-4a02-a5e3-cfdaa348146e,25,27,52,119,41,160,144,68,212,1,3
2022-11-08,3fd51dd3-b85c-4d5b-b207-dedcfb506d3c,19,24,43,0,0,0,19,24,43,1,2
2022-11-08,3ff93ab6-83c5-4545-aaff-f6a43c061dfb,2,2,4,0,0,0,2,2,4,1,2
2022-11-08,400a6614-192e-4f39-a3eb-18902f820b64,1,0,1,1,0,1,2,0,2,1,2
2022-11-08,4033355c-4c47-474a-876e-c0ddab1fb5c2,1,0,1,0,0,0,1,0,1,1,1
2022-11-08,4053337b-0eb7-4600-8947-80949511b57c,0,1,1,13,9,22,13,10,23,1,3
2022-11-08,40a1b9c8-29a3-4767-8e56-86929c8f09b4,0,0,0,3,0,3,3,0,3,1,1
2022-11-08,40cec508-7f05-48ef-94f2-1d6a6f720fc9,9,2,11,19,27,46,28,29,57,1,3
2022-11-08,40f32d3b-64a9-496c-b7cd-7e8da06ceea5,1,0,1,0,0,0,1,0,1,1,1
2022-11-08,410cc80b-48ba-4a86-b675-faa309f89584,92,105,197,55,2,57,147,107,254,1,11
2022-11-08,412b78f6-ab0e-489d-baba-3e5e8dcb90ee,8,10,18,1,0,1,9,10,19,1,1
2022-11-08,41492367-bc4e-4e00-9245-7695a0abff57,23,17,40,6,6,12,29,23,52,1,4
2022-11-08,415300ac-3923-44cc-8968-7f1a4b9cd75c,21,26,47,1,4,5,22,30,52,1,3
2022-11-08,4184bd0c-892f-43ae-8f36-3d98e5b8f2ba,1,0,1,7,5,12,8,5,13,1,2
2022-11-08,418e69f1-4b47-4dd5-98ae-3ec38382a289,20,28,48,3,12,15,23,40,63,1,4
2022-11-08,41a6b84d-5475-4f03-bbbc-94ac8f2bbb58,8,12,20,44,1,45,52,13,65,1,3
2022-11-08,41d0099e-bf44-46cd-ab05-929241eee514,98,64,162,0,0,0,98,64,162,1,7
2022-11-08,41e2e773-0ac0-43b2-a45b-a9342e63ef3a,13,12,25,0,0,0,13,12,25,1,4
2022-11-08,4204c1bf-539b-49b7-8009-2babed187a25,6,6,12,25,0,25,31,6,37,1,3
2022-11-08,42151ce9-cf3d-4eea-b8d2-58b09b97b5a2,379,289,668,0,0,0,379,289,668,1,4
2022-11-08,424557ab-ff14-4c2c-a85c-a12b2fceddec,3,2,5,7,1,8,10,3,13,1,1
2022-11-08,42547014-9968-4af7-9127-e4079cfec754,4,14,18,0,1,1,4,15,19,1,2
2022-11-08,42684988-d04f-462b-888b-8869cf2cdf93,10,11,21,0,0,0,10,11,21,1,2
2022-11-08,42718118-4625-48db-900b-0b161d51f850,9,16,25,0,0,0,9,16,25,1,2
2022-11-08,42bdcb61-6794-4665-a40f-1dbfccf42135,1,0,1,0,0,0,1,0,1,1,1
2022-11-08,42e6f08e-268d-4c66-84be-df7c2e35f2e5,0,1,1,0,0,0,0,1,1,1,1
2022-11-08,42fb41f5-d666-4540-9cb5-dcf772c99e72,15,16,31,0,0,0,15,16,31,1,3
2022-11-08,430dabb2-61cd-4acd-a915-18373fcdab35,2,11,13,2,0,2,4,11,15,1,5
2022-11-08,433d8103-1c5c-4630-907a-3881d264e009,134,132,266,9,22,31,143,154,297,1,15
2022-11-08,4357c122-e714-48f1-ae0b-c417d0d21089,2,1,3,29,0,29,31,1,32,1,3
2022-11-08,436ace00-f515-4ca6-9ffd-bbcd6f9e1c53,2,5,7,0,0,0,2,5,7,1,1
2022-11-08,437144c4-7465-414d-8bbd-cc019272fd75,3,6,9,1,0,1,4,6,10,1,4
2022-11-08,43a9ef2c-5143-413d-ba5b-932d284e1730,5,5,10,0,0,0,5,5,10,1,4
2022-11-08,43fd210e-dfe6-4c9a-8492-1085ac84dde4,0,0,0,0,1,1,0,1,1,1,1
2022-11-08,444e67b5-3408-4554-aa87-21e7fbddbd56,22,31,53,0,0,0,22,31,53,1,3
2022-11-08,44710ffe-624f-4e89-b6af-dc3e9992f73b,9,10,19,2,0,2,11,10,21,1,6
2022-11-08,448bd1fc-7d98-416c-b30c-84920b6b5331,18,10,28,1,0,1,19,10,29,1,1
2022-11-08,449e4686-fc65-473f-8419-5c7e1bb7f4c6,5,2,7,6,0,6,11,2,13,1,5
2022-11-08,44b8e7bd-05b8-40e9-89ca-c9513b649ffe,49,52,101,2,2,4,51,54,105,1,8
2022-11-08,44cdc85a-f625-49ae-b29e-04ddda74bade,8,9,17,0,0,0,8,9,17,1,5
2022-11-08,44f1c7de-0f00-46fc-baa2-954e933809ec,3,5,8,0,0,0,3,5,8,1,3
2022-11-08,44fda9f5-8f7c-4640-b8f6-6cded803ebc7,1,0,1,0,0,0,1,0,1,1,1
2022-11-08,450e8d7d-7bad-4c9f-8c31-e8be44cf5360,13,7,20,8,0,8,21,7,28,1,3
2022-11-08,452fd94b-fdc0-4392-9d90-a860a979ab0a,21,34,55,2,0,2,23,34,57,1,8
2022-11-08,455eaa6b-484b-4d8b-9684-3a83b7208aa5,11,14,25,54,12,66,65,26,91,1,8
2022-11-08,457b72b9-15ed-410e-87b9-f134dc443922,27,30,57,0,0,0,27,30,57,1,2
2022-11-08,45a2919a-8483-4d55-91d9-d0b254f73f64,12,17,29,1,0,1,13,17,30,1,3
2022-11-08,45ced1cf-20f2-4470-8da3-7d9e597aa4fa,9,5,14,0,0,0,9,5,14,1,3
2022-11-08,45fd0ff9-3e4c-4e32-a2f4-06bbc8f2a31a,6,9,15,2,4,6,8,13,21,1,3
2022-11-08,460bac5a-d1ac-4d73-ad76-8365f6dc7b45,96,81,177,1,0,1,97,81,178,1,9
2022-11-08,46382afd-c1c0-4459-a7b5-d9a941c282aa,1,1,2,0,0,0,1,1,2,1,2
2022-11-08,467afff0-ac57-47da-8ca6-a9bbccbfa048,13,20,33,0,1,1,13,21,34,1,3
2022-11-08,469e35b7-133b-4304-9bdd-ff3cff940086,1,1,2,0,0,0,1,1,2,1,2
2022-11-08,46b49fe9-ec73-4fd3-a52e-865e090a82be,3,10,13,31,10,41,34,20,54,1,7
2022-11-08,46deb11b-bcba-4a2c-a1bb-e2046efa8648,4,3,7,6,0,6,10,3,13,1,3
2022-11-08,46f04d20-9afb-451c-835b-6e89af88d671,19,11,30,0,0,0,19,11,30,1,2
2022-11-08,470aea8d-11d3-44fa-a969-d50c34a6348f,8,11,19,1,0,1,9,11,20,1,6
2022-11-08,473274c4-f3e7-4b85-93de-84115018a28c,30,28,58,1,1,2,31,29,60,1,8
2022-11-08,47429734-7ee8-40c0-94e4-083e11547c79,2,0,2,0,0,0,2,0,2,1,2
2022-11-08,47707970-aa88-448a-b9ff-20feab5e372c,17,12,29,2,1,3,19,13,32,1,6
2022-11-08,4790c27a-4c36-4a2b-953d-96955796890e,24,23,47,5,2,7,29,25,54,1,5
2022-11-08,47b0af08-f8ae-4341-8c5f-fdedb3726fae,3,1,4,0,1,1,3,2,5,1,2
2022-11-08,47de15fe-b5eb-4d3d-bca7-495588bcbcf7,1,0,1,0,0,0,1,0,1,1,1
2022-11-08,4804f578-6abe-4a94-901f-157762d3ef89,0,2,2,6,7,13,6,9,15,1,2
2022-11-08,4826e213-da36-46ce-bcdf-4c1a2657a9bc,7,8,15,0,0,0,7,8,15,1,3
2022-11-08,484c6ef7-b9d5-4e90-bd53-f85641897f40,3,2,5,0,0,0,3,2,5,1,2
2022-11-08,48637762-45b2-4698-b30d-7a0ae116aedb,9,8,17,0,0,0,9,8,17,1,4
2022-11-08,4888618b-68e4-4714-82d7-9f45060aa4f7,9,6,15,0,1,1,9,7,16,1,4
2022-11-08,48a9ce75-0224-4d27-a710-8489f348c5ac,2,1,3,0,0,0,2,1,3,1,2
2022-11-08,48b9c973-0c49-4235-89b7-418ac501fee7,6,3,9,0,0,0,6,3,9,1,4
2022-11-08,48d85b1a-31a4-49cd-bfae-153bae7f02d0,19,14,33,13,9,22,32,23,55,1,11
2022-11-08,48f22433-c9bc-4889-8632-a7e85770db93,54,36,90,0,1,1,54,37,91,1,5
2022-11-08,49007fcb-d928-454d-9a2a-dba2e35a9088,2,0,2,0,0,0,2,0,2,1,1
2022-11-08,491df4e3-0783-4e8b-b46b-88fc083b7d13,5,13,18,0,0,0,5,13,18,1,3
2022-11-08,49295757-3b85-4da6-8549-38fcae6a187e,31,24,55,2,0,2,33,24,57,1,2
2022-11-08,4947d89a-862f-4337-a76f-0c2ebc859fd2,4,0,4,0,0,0,4,0,4,1,2
2022-11-08,4952cb33-97ca-4142-989c-c4a5b99f44be,0,0,0,369,0,369,369,0,369,1,1
2022-11-08,4975be0b-07ba-44ad-890f-92c8a7cf9c8d,14,22,36,6,7,13,20,29,49,1,7
2022-11-08,49855d69-d142-46d4-ad3c-4f7618f8ed99,12,1,13,1,1,2,13,2,15,1,2
2022-11-08,49b719bd-5d3f-44fd-840b-8823160b3541,4,3,7,1,0,1,5,3,8,1,2
2022-11-08,49d9f081-5052-47ba-9b77-7f90231bcb08,70,97,167,1,2,3,71,99,170,1,10
2022-11-08,49f4a764-6f0e-4930-b0fc-968bf817a0d6,14,7,21,0,0,0,14,7,21,1,1
2022-11-08,4a04eec1-8780-4474-ba53-abbd8ff64a4b,6,4,10,9,0,9,15,4,19,1,7
2022-11-08,4a34cd02-35cc-4172-ac59-9118c1baaa82,21,23,44,0,0,0,21,23,44,1,2
2022-11-08,4a7272c9-5eb7-4657-966b-1b32626b35a4,45,44,89,77,14,91,122,58,180,1,14
2022-11-08,4a9b6143-1fde-412b-9291-c8c2c2935668,15,14,29,1,0,1,16,14,30,1,2
2022-11-08,4aa2c15c-b336-4583-9d3f-69b5ef11d168,6,7,13,0,0,0,6,7,13,1,1
2022-11-08,4ab73246-4bdd-49a2-ac50-6f9243e51cc7,1,1,2,1,0,1,2,1,3,1,2
2022-11-08,4ad5bd47-6fc7-4774-9a62-7be03528a3b3,16,17,33,0,1,1,16,18,34,1,3
2022-11-08,4afd61f8-f839-468a-8b96-4dca471cd944,59,104,163,3,1,4,62,105,167,1,9
2022-11-08,4b1a47ad-62a5-4435-97df-39d61d446800,106,86,192,10,4,14,116,90,206,1,11
2022-11-08,4b391e6f-0d6d-4a90-a2f2-674a0be54ca9,1,0,1,1,0,1,2,0,2,1,2
2022-11-08,4b5a27e7-08b6-4f38-9464-3940ba5ca84e,2,0,2,0,0,0,2,0,2,1,2
2022-11-08,4b72fabc-c506-4559-bb5f-39f495ec1939,53,60,113,0,1,1,53,61,114,1,7
2022-11-08,4b847a76-801a-47a8-90aa-0e03cc994ddf,1,0,1,2,1,3,3,1,4,1,2
2022-11-08,4ba6ad05-6928-4a5c-85e9-e320ab9bb221,2,2,4,1,0,1,3,2,5,1,1
2022-11-08,4bbafc7a-90dd-4cca-b219-56a7852d5cc8,3,2,5,0,0,0,3,2,5,1,1
2022-11-08,4bdd5148-c9cb-4cf9-a92c-47532df4b74b,6,7,13,22,0,22,28,7,35,1,5
2022-11-08,4bf56f59-ee4d-4641-9ea0-809dcf9a58f0,17,8,25,77,0,77,94,8,102,1,4
2022-11-08,4c114aa7-a694-44db-8724-94f1c22511eb,17,21,38,0,0,0,17,21,38,1,5
2022-11-08,4c25e640-ae72-479f-95ef-a1b6b4026806,46,47,93,3,0,3,49,47,96,1,6
2022-11-08,4c34eb22-bfd7-484a-af5a-47ac91211047,130,186,316,2,4,6,132,190,322,1,8
2022-11-08,4c4c0849-68ed-46bd-a085-2edde79ea9f1,16,21,37,0,3,3,16,24,40,1,6
2022-11-08,4c641c0d-c469-422d-929d-0da269b2fcd6,5,3,8,0,0,0,5,3,8,1,2
2022-11-08,4c83df98-4f1a-4e61-b50d-a62fd14eae16,4,5,9,0,0,0,4,5,9,1,4
2022-11-08,4ca5060c-eb9a-43ff-9357-1267b47e9432,9,5,14,2,0,2,11,5,16,1,5
2022-11-08,4cc43753-6faa-4d60-ab5a-737d1154f43e,8,8,16,32,14,46,40,22,62,1,4
2022-11-08,4cdd5f9a-3df8-4fbd-8bce-55910a410773,1,0,1,0,0,0,1,0,1,1,1
2022-11-08,4cfd7008-4abe-4f81-a406-ba7b5f991a21,111,76,187,99,40,139,210,116,326,1,5
2022-11-08,4d29154e-2906-472d-a867-a26dc32bbc8e,10,19,29,3,1,4,13,20,33,1,5
2022-11-08,4d5e0d38-500f-4ef8-a02e-a0903b978019,16,14,30,13,0,13,29,14,43,1,4
2022-11-08,4d7bde5d-27e6-4962-bd84-add952fd15f9,31,14,45,20,9,29,51,23,74,1,5
2022-11-08,4d89a4b5-8dfe-4614-91bd-802e9ef58479,6,5,11,0,0,0,6,5,11,1,2
2022-11-08,4da038a4-1e52-40fa-a2e2-c32a5448794e,313,333,646,2,5,7,315,338,653,1,1
2022-11-08,4dc40bed-942b-45ee-adf3-a0431fb4951a,4,4,8,0,0,0,4,4,8,1,2
2022-11-08,4e072e67-18e3-40c8-84d0-5cfdd918305c,111,97,208,6,12,18,117,109,226,1,10
2022-11-08,4e0ea91c-1cc9-4ed5-b413-dea41fcaf92f,7,9,16,0,0,0,7,9,16,1,3
2022-11-08,4e53aca7-6dfa-49fe-9602-f92cdda04d30,17,23,40,34,13,47,51,36,87,1,11
2022-11-08,4e79c824-5510-429d-8f73-ed6730735879,1,6,7,0,0,0,1,6,7,1,2
2022-11-08,4ea2d50c-5216-44c4-aea5-dcd7c74f5b18,7,35,42,0,1,1,7,36,43,1,5
2022-11-08,4ec56524-93f6-4d7f-b8f6-b55c715671e8,10,16,26,10,3,13,20,19,39,1,7
2022-11-08,4ee65362-9fad-4d0c-a777-5b6bcb750061,8,16,24,3,0,3,11,16,27,1,3
2022-11-08,4f1bf9a6-0df9-4999-880f-6f49403d5def,4,8,12,10,19,29,14,27,41,1,3
2022-11-08,4f65ff56-a88c-4f9b-adcd-7a681e80721b,19,18,37,3,0,3,22,18,40,1,4
2022-11-08,4f9423d3-1adc-4739-97cb-2d900b789043,1,3,4,3,0,3,4,3,7,1,3
2022-11-08,4f9ca517-4c65-46a9-b59c-68a17a4b6011,2,2,4,0,0,0,2,2,4,1,1
2022-11-08,4fb858ba-096a-4fad-948c-7eeeec241e2b,10,9,19,0,0,0,10,9,19,1,4
2022-11-08,4ff2fc29-b035-4bd8-9235-23a3a4c3d68d,6,5,11,1,0,1,7,5,12,1,5
2022-11-08,5020be2b-3f7b-4d09-b74b-d82027b6aa4b,10,30,40,3,0,3,13,30,43,1,5
2022-11-08,50331249-95fd-4bdc-9ffc-812167fcb2f8,19,28,47,0,0,0,19,28,47,1,1
2022-11-08,504d07f6-e4dd-4878-ba78-2f0f2d922606,23,3,26,0,0,0,23,3,26,1,3
2022-11-08,506a4060-8e3a-4b79-b945-ea2646e4b58f,71,45,116,31,14,45,102,59,161,1,10
2022-11-08,508b67e3-db14-4829-81b6-0f09bdc67137,2,2,4,11,1,12,13,3,16,1,4
2022-11-08,50a4c4d0-d9b0-4e62-b1b8-baa743236d2e,54,49,103,33,3,36,87,52,139,1,15
2022-11-08,50bd5a0c-cd2d-4893-99ef-d5f22b02d9aa,9,6,15,0,0,0,9,6,15,1,6
2022-11-08,50dd3c4a-e54a-4f26-a2f1-0ee8edcf61f2,19,18,37,15,1,16,34,19,53,1,11
2022-11-08,51054011-608e-414c-8929-fed7e38f540e,21,32,53,6,2,8,27,34,61,1,4
2022-11-08,51188386-57b7-42bd-bdef-6b4f4dda74b6,7,4,11,0,1,1,7,5,12,1,1
2022-11-08,51283a39-a7ba-47d8-a82e-e3cc92fae743,17,17,34,12,4,16,29,21,50,1,6
2022-11-08,514ee4aa-461e-4e26-9d6c-3c963f33f4e1,2,0,2,0,0,0,2,0,2,1,1
2022-11-08,51699560-096e-4b08-8e06-5c66cd32fb18,22,33,55,0,0,0,22,33,55,1,7
2022-11-08,518b60dd-e924-4bbb-a88c-f6d0f589857f,12,12,24,1,1,2,13,13,26,1,4
2022-11-08,51c48017-1140-4089-befe-07fcee743201,7,6,13,29,8,37,36,14,50,1,5
2022-11-08,51d353e1-2de8-4057-9771-c45c9a17a5d4,1,1,2,0,0,0,1,1,2,1,1
2022-11-08,51ecce31-6aca-4736-bff2-e41bd202bb10,2,1,3,1,1,2,3,2,5,1,3
2022-11-08,51f6cba9-9b84-40fd-a8a7-e1bd97c05767,0,1,1,0,0,0,0,1,1,1,1
2022-11-08,52160808-5e3f-4b06-8d49-55646527fbd8,3,13,16,5,5,10,8,18,26,1,5
2022-11-08,52409bf8-1cec-4ee5-b2b2-e2d5fff9cc16,9,8,17,1,0,1,10,8,18,1,4
2022-11-08,524f8ca0-fff2-4db2-b031-5dfa94f21981,1,2,3,1,7,8,2,9,11,1,4
2022-11-08,52760465-18d5-4266-8f75-9d01e98caa2d,33,42,75,0,0,0,33,42,75,1,5
2022-11-08,528b7e60-5f89-4edf-901c-a38d4a4e531b,17,15,32,0,0,0,17,15,32,1,3
2022-11-08,529c3cd5-aff3-40c0-8675-a8f91d4d837f,6,6,12,1,0,1,7,6,13,1,4
2022-11-08,52afecf3-d23b-4437-a0fc-c58aedc6755b,2,1,3,0,0,0,2,1,3,1,1
2022-11-08,52c3e32e-4b4b-4fa6-887e-1c00798c3689,3,2,5,0,0,0,3,2,5,1,2
2022-11-08,52e780a7-faf6-4cdd-b117-84eb9531f0bc,42,54,96,0,0,0,42,54,96,1,2
2022-11-08,530fc3d7-829b-4686-b028-4a6328d966e0,24,40,64,4,2,6,28,42,70,1,7
2022-11-08,532e99e0-4ac1-487a-a071-a901e7199653,63,72,135,6,7,13,69,79,148,1,4
2022-11-08,534db231-9c70-4639-9c2d-3c3cf76b4f4d,3,2,5,0,0,0,3,2,5,1,1
2022-11-08,535ff534-0f94-4dfa-982f-629f6fb90d34,43,49,92,1,2,3,44,51,95,1,5
2022-11-08,5370c70b-6734-4d9c-9a46-b8f7a2550f1f,7,3,10,0,0,0,7,3,10,1,2
2022-11-08,5390dc87-9b14-4c20-9ab6-1d20fc882763,64,151,215,0,0,0,64,151,215,1,15
2022-11-08,53c9c93f-2ae1-4a00-9589-9f0960b7e081,23,21,44,204,60,264,227,81,308,1,6
2022-11-08,53f205cd-7caa-43cd-ab3b-f26e9ddf29b9,6,2,8,1,0,1,7,2,9,1,5
2022-11-08,5419347d-fc96-4c20-8ac4-721731689c41,47,46,93,4,3,7,51,49,100,1,6
2022-11-08,5425b0ee-35fb-4fac-85c1-9135c7cae35f,22,17,39,0,3,3,22,20,42,1,2
2022-11-08,544ad16e-736e-4dec-bc1c-992e41959b46,1,1,2,0,0,0,1,1,2,1,1
2022-11-08,5467e490-af23-45cb-8c01-2b41582e003d,4,2,6,0,0,0,4,2,6,1,4
2022-11-08,547befb0-ec73-4de6-9a25-b4848f963187,2,0,2,0,0,0,2,0,2,1,1
2022-11-08,54a1388b-03dc-47d0-87dd-f84e760f90c6,3,4,7,0,1,1,3,5,8,1,2
2022-11-08,54b35926-4cc0-4c81-ac89-ee0cc949f18b,27,59,86,0,2,2,27,61,88,1,6
2022-11-08,54ebce9a-3981-4804-a7f0-212153ebc9b9,6,6,12,0,0,0,6,6,12,1,2
2022-11-08,5543f4bc-ac77-4466-8e29-4c4a7c32d09f,5,7,12,0,0,0,5,7,12,1,2
2022-11-08,556cfd0e-ecd4-457a-85c2-9c5be8b536b6,15,20,35,5,0,5,20,20,40,1,5
2022-11-08,558c7507-40e9-4649-be5a-02981bd14ac2,5,8,13,0,0,0,5,8,13,1,7
2022-11-08,55ab8ac8-5d11-4f52-b8a4-5fcf346d5ec6,1,2,3,0,0,0,1,2,3,1,2
2022-11-08,55c811da-06d7-4a98-8f31-4f6458ee1f1d,16,15,31,2,0,2,18,15,33,1,2
2022-11-08,55e2ab3a-3cff-4f2e-830a-d6db52cf7fae,2,0,2,0,0,0,2,0,2,1,1
2022-11-08,56228da4-8425-4639-bcb3-d196aff6d1f3,299,293,592,393,68,461,692,361,1053,1,18
2022-11-08,5655b8dd-b87a-41b1-b7b7-7301d28914fa,126,89,215,9,0,9,135,89,224,1,11
2022-11-08,56794d39-abb1-4611-9eb0-f4ada215082d,76,84,160,1,1,2,77,85,162,1,5
2022-11-08,5690faaf-9569-4dc7-88ec-d9c392242ba5,21,27,48,0,0,0,21,27,48,1,3
2022-11-08,56bc17d0-c92a-4f77-b0d6-de7edb0c97de,0,2,2,0,0,0,0,2,2,1,1
2022-11-08,56e85169-f9c9-40f3-b417-f25600e39d77,49,44,93,0,1,1,49,45,94,1,5
2022-11-08,570f88fe-939f-4851-8670-2273176b214e,55,50,105,1,0,1,56,50,106,1,4
2022-11-08,57281513-526b-4176-aed5-f7a2d7255e0a,26,40,66,32,1,33,58,41,99,1,7
2022-11-08,57705ca9-d323-4eda-9be3-a45d332be258,3,2,5,0,0,0,3,2,5,1,2
2022-11-08,57743d88-fe8c-4f05-aca6-e0cf8544f69d,40,39,79,0,1,1,40,40,80,1,3
2022-11-08,5782b859-6b90-4657-8f41-8062a3707b6e,6,4,10,0,0,0,6,4,10,1,2
2022-11-08,57a9650d-db5e-472e-8a6f-60a79ee6e4b1,3,7,10,11,0,11,14,7,21,1,4
2022-11-08,57c8b0bb-14be-4c2a-95d1-7581fb148ae8,73,53,126,4,3,7,77,56,133,1,7
2022-11-08,57d9f75f-c445-4578-b925-a712fb2eed96,58,71,129,1,6,7,59,77,136,1,4
2022-11-08,5818eca7-2d94-49b4-84b9-7736935ec438,9,7,16,4,4,8,13,11,24,1,6
2022-11-08,582788a9-0129-4473-80fd-b5e82441dd76,138,108,246,9,10,19,147,118,265,1,15
2022-11-08,583eadc8-3f96-4f03-b992-66186a21f9cf,0,1,1,0,0,0,0,1,1,1,1
2022-11-08,58525128-6c45-4f97-9797-cf213f9f6be8,2,1,3,0,0,0,2,1,3,1,1
2022-11-08,588de314-890c-40a9-b3f0-25213029b843,3,0,3,1,0,1,4,0,4,1,3
2022-11-08,58a651eb-c574-47cb-954c-ebfbad1a3768,6,6,12,1,0,1,7,6,13,1,4
2022-11-08,58beb2c6-5c3c-4004-b517-e2aa2c376630,90,83,173,0,6,6,90,89,179,1,3
2022-11-08,58d1f0e1-e86c-47a0-9314-820618927042,7,6,13,8,4,12,15,10,25,1,4
2022-11-08,58e9dfa4-6c52-49f5-94e9-fe9fd274df2a,0,1,1,3,1,4,3,2,5,1,2
2022-11-08,591902ce-d6ef-4591-bee1-7b1f2486ccc9,7,7,14,0,1,1,7,8,15,1,5
2022-11-08,595104bc-d1ad-4121-a47f-59f9c118882b,36,33,69,7,1,8,43,34,77,1,7
2022-11-08,59654eca-640a-4ea3-984e-0dd5deabf907,3,7,10,27,15,42,30,22,52,1,6
2022-11-08,598e9483-6011-41fe-8992-84362357b1b9,24,26,50,1,0,1,25,26,51,1,3
2022-11-08,599f0004-56c1-4750-83a0-c7166b5c065b,71,55,126,0,0,0,71,55,126,1,5
2022-11-08,59bd762f-40e0-4ccc-9d1f-33fb0f5cfc32,2,0,2,0,0,0,2,0,2,1,2
2022-11-08,59e0d794-a4c7-45f4-9d26-67a5ae42ea92,6,10,16,2,0,2,8,10,18,1,3
2022-11-08,59f0f8e0-61ce-4c51-b445-986c3618d1db,7,7,14,62,2,64,69,9,78,1,5
2022-11-08,59fa58d8-76a0-4d08-9300-bb4f8427e977,30,34,64,2,1,3,32,35,67,1,3
2022-11-08,5a13fe02-6224-4fa7-a0ab-2ab9b18d7e6d,9,14,23,0,0,0,9,14,23,1,1
2022-11-08,5a2a6e37-1317-4141-824f-2d1445283e95,1,0,1,1,0,1,2,0,2,1,2
2022-11-08,5a50d7c2-cef7-4dc5-b589-4ea36fd9f3e6,0,1,1,0,0,0,0,1,1,1,1
2022-11-08,5a811c68-ccd3-4a7d-9c48-eec4c4fe8fc6,29,20,49,20,14,34,49,34,83,1,12
2022-11-08,5a9c1e6d-15e2-46c5-a70d-1ca8aba3e0ba,2,2,4,0,0,0,2,2,4,1,1
2022-11-08,5ac031d5-3fa7-4832-b7b5-2fede37fa89c,10,7,17,3,0,3,13,7,20,1,4
2022-11-08,5afc2391-877c-4f8f-beb4-20b45c119447,17,18,35,1,0,1,18,18,36,1,4
2022-11-08,5b07d75a-9288-4177-90c6-ef7d974c6fd6,0,2,2,3,2,5,3,4,7,1,3
2022-11-08,5b1f0f27-2042-40da-8ed3-f22fb227249c,72,51,123,1,9,10,73,60,133,1,5
2022-11-08,5b2e82c0-4516-438c-acf7-0c1aab8c601e,16,13,29,0,0,0,16,13,29,1,5
2022-11-08,5b58b804-b6a6-4191-aa92-960487a78601,14,19,33,1,0,1,15,19,34,1,4
2022-11-08,5b734702-315d-4bf0-8c18-258c96545c0d,8,9,17,1,0,1,9,9,18,1,1
2022-11-08,5ba1faf3-1ee9-46b7-a4fc-0cbcd934cffc,2,0,2,3,0,3,5,0,5,1,2
2022-11-08,5bb774be-febe-4e98-89b8-4c27dc1cc249,1,1,2,0,0,0,1,1,2,1,1
2022-11-08,5bcd37c0-355e-4d5f-bc23-eae608c7c7a9,2,0,2,1,0,1,3,0,3,1,2
2022-11-08,5bec96db-e6d3-4a47-868b-e3340e7730a7,17,28,45,3,0,3,20,28,48,1,2
2022-11-08,5c0f455c-e42a-49e1-9532-e6e99368e4a8,1,0,1,0,0,0,1,0,1,1,1
2022-11-08,5c285832-fe09-4422-880f-8b361d03cf7d,162,218,380,5,2,7,167,220,387,1,9
2022-11-08,5c3d86a8-691e-48bf-86cc-6be8043d2a16,10,11,21,48,13,61,58,24,82,1,8
2022-11-08,5c599bc3-1ef7-4748-9744-aa49f344e309,0,0,0,5,0,5,5,0,5,1,1
2022-11-08,5c95fd65-a90d-4fbc-bcce-513e4779f671,2,3,5,9,7,16,11,10,21,1,3
2022-11-08,5ca1fdfb-1bbf-47d4-b842-98f77f9d0075,47,37,84,0,0,0,47,37,84,1,7
2022-11-08,5ccf632e-1331-47a9-a00b-8f5a37b4aa6a,4,2,6,14,0,14,18,2,20,1,5
2022-11-08,5ce7a507-ea1f-43dd-8892-4dcc22c47147,35,40,75,0,1,1,35,41,76,1,4
2022-11-08,5d0dcf4c-e7bf-48ae-aa71-0b2c593b20d7,8,10,18,4,1,5,12,11,23,1,5
2022-11-08,5d194116-07d0-4018-8b2c-b7a271fac385,58,75,133,1,8,9,59,83,142,1,7
2022-11-08,5d4d8ee5-1460-4bf3-8369-fe150a30e90d,1,0,1,0,0,0,1,0,1,1,1
2022-11-08,5d62f904-8893-4da4-9cfd-fcb9b5c28b0d,7,7,14,5,0,5,12,7,19,1,4
2022-11-08,5d82484b-8d27-4d4d-b156-3395dded8cfb,20,18,38,59,14,73,79,32,111,1,9
2022-11-08,5db0efb7-89af-42a9-9b1c-7fd14295f63e,2,0,2,0,0,0,2,0,2,1,1
2022-11-08,5dea3954-20e9-402d-bea3-3158826a7d67,3,2,5,40,1,41,43,3,46,1,5
2022-11-08,5df7bd37-55f0-4f61-b7da-d1616b489226,4,0,4,1,0,1,5,0,5,1,4
2022-11-08,5e0a6286-e170-4d13-97dc-cc931aecbcf0,371,374,745,17,6,23,388,380,768,1,18
2022-11-08,5e2cdf3b-2442-44bc-93d4-990c7ec12a6c,69,90,159,6,0,6,75,90,165,1,5
2022-11-08,5e3919b0-804a-4b6d-8370-1af98cf139db,12,14,26,0,0,0,12,14,26,1,3
2022-11-08,5e5002ad-8a0a-4e99-9ca7-152175e66540,5,9,14,0,0,0,5,9,14,1,2
2022-11-08,5e696040-d7db-4f5e-8328-3a73f4728ee4,0,0,0,1,0,1,1,0,1,1,1
2022-11-08,5e7afee3-378f-42c9-8069-f492c014e157,4,9,13,0,0,0,4,9,13,1,2
2022-11-08,5e8df2e2-3245-4925-8ae5-8c345c5eebf3,15,23,38,0,0,0,15,23,38,1,2
2022-11-08,5eda4681-0e05-4ac5-8da9-c4b0644904d9,55,46,101,19,5,24,74,51,125,1,8
2022-11-08,5ef9c59d-c73d-4519-8224-f355bba5fba2,7,9,16,0,0,0,7,9,16,1,2
2022-11-08,5f0d1e04-390e-4c41-a4e2-a64745be236d,202,304,506,3,9,12,205,313,518,1,17
2022-11-08,5f58f182-e6ca-4fee-9ddf-ad12e7b785b4,39,40,79,1,1,2,40,41,81,1,4
2022-11-08,5f68dbe6-3c3d-4676-893f-e7f23bd83f90,3,1,4,7,3,10,10,4,14,1,3
2022-11-08,5f82c4e9-472f-4c20-887a-069350bd9158,13,7,20,11,11,22,24,18,42,1,5
2022-11-08,5f917e19-2d5d-4124-a0bf-832ca5bffbf0,65,80,145,1,0,1,66,80,146,1,4
2022-11-08,5fae758e-8b19-4657-bfa6-b58afd7806b7,10,10,20,0,0,0,10,10,20,1,5
2022-11-08,5fe2db4e-6231-4d02-a505-8f364d16f5a1,34,25,59,78,12,90,112,37,149,1,5
2022-11-08,5ffdcd0e-70f9-4efb-9812-ac9e9dcc8190,19,18,37,0,0,0,19,18,37,1,2
2022-11-08,601b4562-545f-4161-ac20-65d2b0b7d7e6,1,0,1,0,0,0,1,0,1,1,1
2022-11-08,602a8caa-919a-436d-a70e-a5de319f6f76,4,5,9,0,2,2,4,7,11,1,1
2022-11-08,6078d962-0471-4ce7-8df4-da8edf28c461,13,16,29,0,0,0,13,16,29,1,2
2022-11-08,609d2951-97fd-416f-abfd-8699df2de5bf,1,0,1,0,0,0,1,0,1,1,1
2022-11-08,60cbc805-9b7e-49a0-a66e-6d337402ee53,0,1,1,0,0,0,0,1,1,1,1
2022-11-08,60da363e-d218-4c81-8a28-9cd888a027ca,67,36,103,4,1,5,71,37,108,1,6
2022-11-08,60ed8899-d06a-426f-a5de-f0231d217338,73,78,151,9,5,14,82,83,165,1,16
2022-11-08,610dd6d4-8c26-4b36-b2fd-ae7ff8da5f93,2,0,2,2,0,2,4,0,4,1,4
2022-11-08,61263025-132b-4325-ae07-e5d8b82fe3c6,16,14,30,0,0,0,16,14,30,1,4
2022-11-08,6154dd84-9152-4709-9f74-fac503d2ee3e,6,3,9,9,3,12,15,6,21,1,5
2022-11-08,61611583-3c64-4459-b05a-9dae407d61d6,1,0,1,0,0,0,1,0,1,1,1
2022-11-08,618f9705-c9d7-492a-834c-1105b0eaded6,9,6,15,0,0,0,9,6,15,1,2
2022-11-08,61a17b8f-096a-453d-98c7-acc60dbb720c,8,4,12,0,0,0,8,4,12,1,3
2022-11-08,61c4f110-16c9-4949-b644-5b1813a6ad17,44,32,76,39,13,52,83,45,128,1,8
2022-11-08,61d6ed8e-56be-4317-a0a7-acda325587f4,0,1,1,0,1,1,0,2,2,1,1
2022-11-08,61e30fa8-7fc4-4580-9ada-29b185c6c8c5,15,20,35,3,0,3,18,20,38,1,2
2022-11-08,61fb3449-7bea-4eee-9c18-dde1c49ccaec,2,6,8,2,0,2,4,6,10,1,2
2022-11-08,6230ae9a-9a20-4e73-b834-81ed172476b5,13,18,31,7,4,11,20,22,42,1,8
2022-11-08,6248eeaf-f1a1-401b-9da1-a5864e193d79,6,12,18,2,5,7,8,17,25,1,7
2022-11-08,625cd454-f6e0-49df-bf3f-a29a1727603d,5,6,11,2,0,2,7,6,13,1,1
2022-11-08,626cd061-4b0d-4bba-8e84-661f6e8ac9ae,10,12,22,0,1,1,10,13,23,1,2
2022-11-08,6286e5bc-a486-4263-ab61-f405cd35b532,7,13,20,7,2,9,14,15,29,1,5
2022-11-08,62ad8e8e-f6fd-4a8a-b61c-931bab4db183,24,32,56,2,0,2,26,32,58,1,7
2022-11-08,62c07e11-95eb-4c23-8f2f-9e94146c3ccc,5,0,5,0,2,2,5,2,7,1,2
2022-11-08,62edb628-1d9a-4408-aa88-a8a29a2165b2,9,2,11,0,0,0,9,2,11,1,6
2022-11-08,630adbb2-ac8c-4347-bc14-699bd66368b6,0,0,0,1,0,1,1,0,1,1,1
2022-11-08,6323d569-d8b1-49a0-8ee4-3b4b93c93c58,59,48,107,16,13,29,75,61,136,1,9
2022-11-08,632f2e7a-da95-4874-8b00-f407871d9c67,85,71,156,6,4,10,91,75,166,1,13
2022-11-08,636c8182-bab9-491c-b2e8-af4333f8c77c,43,33,76,0,0,0,43,33,76,1,7
2022-11-08,63922e37-2186-46d1-a818-816654e9cb45,1,0,1,0,0,0,1,0,1,1,1
2022-11-08,63abb903-1365-4513-aadf-6e77c3e29d16,1,2,3,0,0,0,1,2,3,1,1
2022-11-08,63be90e5-7be3-4099-b14f-69d8e56b7388,5,2,7,1,0,1,6,2,8,1,3
2022-11-08,63da0817-1b90-48d8-85d5-22baf52118ab,3,0,3,1,0,1,4,0,4,1,3
2022-11-08,63fa2a2c-7d4f-4eb3-a2d5-47c8b2e7ee62,4,3,7,0,0,0,4,3,7,1,2
2022-11-08,64241718-d1b6-4dd3-ac2d-859dc9917de3,1,2,3,0,0,0,1,2,3,1,2
2022-11-08,64270e9a-eeb0-46e5-a3f7-2e5b73ca057d,6,2,8,2,0,2,8,2,10,1,4
2022-11-08,646795b8-2dd8-43fc-b639-715ce4753653,159,169,328,39,20,59,198,189,387,1,25
2022-11-08,649422c4-c8e2-44f0-ba50-f0cdadd99cb1,11,13,24,0,0,0,11,13,24,1,4
2022-11-08,64c91ddc-4474-49ec-b28b-39255fbb8686,29,30,59,7,5,12,36,35,71,1,2
2022-11-08,64e8a486-d477-4ed6-ad6b-7d2146cf82cd,13,13,26,0,0,0,13,13,26,1,5
2022-11-08,65115e83-c934-4845-88f4-b9c0da961370,4,1,5,25,0,25,29,1,30,1,3
2022-11-08,65294a9a-0e69-4f17-b69e-1ce791b29cd1,4,2,6,9,14,23,13,16,29,1,12
2022-11-08,6543e141-19b6-4c3e-bf16-869d876c659c,75,73,148,13,10,23,88,83,171,1,7
2022-11-08,656481c4-c5cb-49fb-8192-42911a165972,7,11,18,3,3,6,10,14,24,1,2
2022-11-08,65a6ee2a-39a0-42dd-9a51-727b2d580593,0,3,3,3,0,3,3,3,6,1,5
2022-11-08,65c1255d-38cd-4ef0-9f05-070d83d528f8,36,0,36,7,3,10,43,3,46,1,2
2022-11-08,65d205e2-942c-442e-9ea0-bd1083d79b60,0,0,0,5,0,5,5,0,5,1,1
2022-11-08,6607648c-ce2f-4360-a627-622a32af8aa4,1,0,1,0,1,1,1,1,2,1,1
2022-11-08,662eae05-fc6f-466e-93fa-15ffd35b7db8,4,12,16,0,0,0,4,12,16,1,3
2022-11-08,6644c2ca-12ab-49f9-a661-a1675f68a097,2,3,5,0,0,0,2,3,5,1,3
2022-11-08,665c87fe-a2aa-45aa-bb15-3ff37d08e4a2,3,4,7,0,0,0,3,4,7,1,1
2022-11-08,666c21ae-7d70-4186-9b23-415334dc4d71,6,5,11,44,6,50,50,11,61,1,5
2022-11-08,669f7e7b-4314-409d-8a07-e0f515031e52,13,14,27,12,0,12,25,14,39,1,5
2022-11-08,66b102a9-bd79-44cc-ad62-a9aec95605da,55,55,110,0,0,0,55,55,110,1,8
2022-11-08,66c7dfaa-deea-4a85-87d0-fab215d3d6cb,9,10,19,0,0,0,9,10,19,1,1
2022-11-08,67044491-8310-44e8-a66f-b8e26f66a971,95,91,186,14,41,55,109,132,241,1,8
2022-11-08,67364753-1dc7-4df3-aa5a-411c73dd5878,2,8,10,0,0,0,2,8,10,1,2
2022-11-08,67551db0-136d-4973-aea7-05fc373fbc85,0,1,1,0,0,0,0,1,1,1,1
2022-11-08,675da657-3082-4738-883e-7172bab2120f,40,46,86,1,2,3,41,48,89,1,7
2022-11-08,6776cbfb-c22f-4b1b-9ddf-49323da7b730,3,1,4,0,0,0,3,1,4,1,2
2022-11-08,67a19051-b0ff-4960-8827-f0627d0ec954,15,18,33,4,0,4,19,18,37,1,7
2022-11-08,67c69609-173e-4510-8c18-0751f1df6971,21,2,23,0,0,0,21,2,23,1,1
2022-11-08,67e8e59d-3d07-47df-a564-0d6ac6e9d6d7,5,5,10,1,0,1,6,5,11,1,4
2022-11-08,67ff6f35-8be5-4fdf-98d5-4eaedf9066d4,4,1,5,2,0,2,6,1,7,1,2
2022-11-08,6823d2eb-75c7-4163-a216-9b468c03a427,192,152,344,33,11,44,225,163,388,1,8
2022-11-08,68409752-5eb5-474c-8641-47a89528875e,1,3,4,0,0,0,1,3,4,1,1
2022-11-08,68769a1f-957e-4734-bc42-c1b19475aa1c,4,6,10,0,5,5,4,11,15,1,1
2022-11-08,6898b215-84a9-4575-bf77-cee17c1fe091,1,1,2,0,0,0,1,1,2,1,1
2022-11-08,68be10cf-4a06-4add-866e-3a2718d840c1,1,0,1,20,0,20,21,0,21,1,3
2022-11-08,68e2db20-549b-474f-965c-779cac4fd417,1,0,1,0,0,0,1,0,1,1,1
2022-11-08,68ee7089-2910-4334-bc32-ebf40584f795,30,20,50,9,2,11,39,22,61,1,12
2022-11-08,69254d20-e51d-4966-be76-494af8468cc3,2,1,3,0,0,0,2,1,3,1,1
2022-11-08,6933c54c-2b7d-4edd-9ffa-3f83ca6f5acc,0,2,2,0,0,0,0,2,2,1,1
2022-11-08,69414fb1-2f49-4287-a194-746ba83fc9fb,6,13,19,118,32,150,124,45,169,1,7
2022-11-08,695333f7-6ab8-4f6c-a0a5-b47ba872222b,1,0,1,0,0,0,1,0,1,1,1
2022-11-08,696413dd-7755-4175-8a3a-3c74e9bcea0c,0,0,0,0,1,1,0,1,1,1,1
2022-11-08,698332eb-2867-424a-ad8f-2b2f4e5212fc,16,12,28,97,12,109,113,24,137,1,9
2022-11-08,69b24216-19a4-4b8b-8245-736f5eadba79,2,3,5,16,1,17,18,4,22,1,3
2022-11-08,69c4b400-7d67-4931-8c12-14f5533b2ec9,6,11,17,2,2,4,8,13,21,1,3
2022-11-08,69dcbc3b-3179-434c-9229-c98b3729aa31,17,21,38,7,0,7,24,21,45,1,9
2022-11-08,69f118ae-a27c-401f-a553-ff38cb38c607,76,72,148,2,7,9,78,79,157,1,17
2022-11-08,6a171f16-ed06-4cba-9673-cb95e961e22a,0,4,4,16,16,32,16,20,36,1,2
2022-11-08,6a3ad24a-e3a1-4e73-b786-6e8074b448b5,3,1,4,0,0,0,3,1,4,1,1
2022-11-08,6a6663cc-6ee2-4e9b-a708-345d83415381,127,160,287,1,1,2,128,161,289,1,9
2022-11-08,6a86228f-ba98-40ff-9f78-4bb417195f09,5,7,12,0,3,3,5,10,15,1,2
2022-11-08,6a9b8e48-0810-4804-a97b-ec764ac4933d,19,33,52,5,11,16,24,44,68,1,7
2022-11-08,6ac3e13b-34f7-477a-a682-61d841db83d7,9,17,26,8,15,23,17,32,49,1,7
2022-11-08,6af41e07-17d9-4dea-863d-4e0c3758e187,8,4,12,40,2,42,48,6,54,1,4
2022-11-08,6b0baa24-6879-4e5b-a847-9c68af5c782f,47,64,111,3,4,7,50,68,118,1,1
2022-11-08,6b296322-da50-4ca5-88ce-07b866db4413,75,89,164,19,27,46,94,116,210,1,14
2022-11-08,6b4d8ecc-73ca-418c-b1da-216a003bfacf,1,2,3,0,0,0,1,2,3,1,2
2022-11-08,6b59e2d2-f745-47da-bf8a-9e482b01b852,1,0,1,0,0,0,1,0,1,1,1
2022-11-08,6b7d4a67-c2d0-4c5b-86c1-cafb9e70c831,29,47,76,2,10,12,31,57,88,1,7
2022-11-08,6b983850-dd1f-4348-b5fd-d7850f08b3d1,13,5,18,10,1,11,23,6,29,1,7
2022-11-08,6bb29ff9-b981-4764-a788-937b97286ab7,32,32,64,0,0,0,32,32,64,1,2
2022-11-08,6bc44030-19ff-4532-b75a-3b374ef77e2b,4,0,4,2,0,2,6,0,6,1,6
2022-11-08,____6c098ef5-370f-4b99-a433-36cc838ebde0,17,54,71,12,4,16,29,58,87,1,6
2022-11-08,6c417811-c368-4779-a352-1c2b580f7782,3,6,9,0,0,0,3,6,9,1,2
2022-11-08,6c6802c5-9d19-452d-8e10-f758fb491dd8,0,0,0,2,0,2,2,0,2,1,2
2022-11-08,6c7dba59-aeae-4236-8b3b-4c2d790c2da3,3,3,6,0,0,0,3,3,6,1,1
2022-11-08,6c9d836c-bcd3-47f6-be8b-d1a11c53e815,12,23,35,1,0,1,13,23,36,1,3
2022-11-08,6cb47f6c-a6ac-4050-90f9-dc709d1da4c6,2,1,3,0,0,0,2,1,3,1,2
2022-11-08,6cd9f05a-7625-4c6a-9b58-04fc61b8e14b,0,0,0,0,1,1,0,1,1,1,1
2022-11-08,6d18d46d-de2c-41fe-a4be-5cb3a8136dde,36,14,50,0,2,2,36,16,52,1,4
2022-11-08,6d465d84-df18-4e2c-86e8-d388b755dead,4,3,7,2,0,2,6,3,9,1,2
2022-11-08,6d6da682-d4c8-401f-9f7a-d42498a70dfa,1,0,1,0,0,0,1,0,1,1,1
2022-11-08,6d83e031-6d59-417a-a1e0-69076970395f,20,22,42,1,0,1,21,22,43,1,5
2022-11-08,6db67cf5-ecab-4756-9ba6-e527ab9ebe09,123,185,308,5,13,18,128,198,326,1,5
2022-11-08,6dd7078c-8f6b-490c-ab1f-ff38d81ead65,31,29,60,22,1,23,53,30,83,1,8
2022-11-08,6dedf362-d508-42c7-8dfb-a04313ddeb8d,31,26,57,1,2,3,32,28,60,1,4
2022-11-08,6e16772d-6703-4300-ac7d-0bf52ced5402,4,1,5,0,0,0,4,1,5,1,3
2022-11-08,6e29eb71-a9ce-48d2-997c-0ae89d51201d,26,22,48,0,0,0,26,22,48,1,5
2022-11-08,6e48e5a5-3051-47d4-9c10-068999314188,14,14,28,20,0,20,34,14,48,1,9
2022-11-08,6e551f6a-dee8-4682-b4f1-2a411790a01e,5,3,8,1,0,1,6,3,9,1,2
2022-11-08,6e65ebbb-1afc-4c90-a259-5cf32890a569,7,10,17,9,1,10,16,11,27,1,6
2022-11-08,6e7ce736-d514-4563-be71-767cee834c61,30,35,65,0,0,0,30,35,65,1,6
2022-11-08,6ea98286-c2b6-4b01-ad7b-79f2a80c20f1,26,29,55,0,1,1,26,30,56,1,2
2022-11-08,6ec7ba15-096e-4fac-b48e-ea8e62179152,23,52,75,7,1,8,30,53,83,1,5
2022-11-08,6ee9807d-9276-438d-97ba-dc45edc4c252,64,77,141,6,4,10,70,81,151,1,7
2022-11-08,6f038eea-8ad9-472f-9b49-5d9b095baf45,2,1,3,0,0,0,2,1,3,1,2
2022-11-08,6f2581b9-3340-4bcd-99fa-1fe108750f49,0,2,2,0,0,0,0,2,2,1,2
2022-11-08,6f4aed3f-8fd6-4046-91d4-9d3e5aecc941,34,49,83,1,1,2,35,50,85,1,13
2022-11-08,6f63189f-b35d-40e5-9d30-fc77bb384f00,48,66,114,5,5,10,53,71,124,1,7
2022-11-08,6f9cc535-0fe8-4db2-8a4a-3b39148a8ab1,8,18,26,3,1,4,11,19,30,1,2
2022-11-08,6fb6cab6-6916-4ee5-9c09-d0f9469a9ed7,15,14,29,0,0,0,15,14,29,1,1
2022-11-08,6ff67991-2164-4609-afad-90d661892b3e,6,8,14,0,0,0,6,8,14,1,2
2022-11-08,700d9dd4-f02d-4de6-8b98-0c148361b33d,9,14,23,0,0,0,9,14,23,1,2
2022-11-08,701ab090-c052-4804-93cf-c39d53855da4,46,35,81,0,0,0,46,35,81,1,5
2022-11-08,703a7ab5-4719-41aa-a633-a37141b2a1a7,14,14,28,0,0,0,14,14,28,1,6
2022-11-08,70499ce5-0ff1-474c-a8f9-c1b2072c992b,2,0,2,24,5,29,26,5,31,1,4
2022-11-08,708a3cb5-4986-4c84-9ab8-9a216cce7afc,1,1,2,0,0,0,1,1,2,1,1
2022-11-08,709cb9a8-c881-4c08-aa6a-92ccd5b8cb2d,8,15,23,1,0,1,9,15,24,1,5
2022-11-08,70a9a308-bd85-4873-b458-b8466b1228af,22,101,123,27,36,63,49,137,186,1,7
2022-11-08,70d8e5e0-12a2-4982-a692-a7d60a3ea09e,24,26,50,0,0,0,24,26,50,1,3
2022-11-08,71024daf-86d7-488d-ab90-d55ddbbf7b14,68,48,116,0,7,7,68,55,123,1,6
2022-11-08,711c3441-1979-497a-b707-bc828c3537bb,0,0,0,1,0,1,1,0,1,1,1
2022-11-08,713af086-fb72-4230-ba98-910a1097ba36,26,25,51,3,1,4,29,26,55,1,6
2022-11-08,71691b79-2896-46be-94d9-08a39bf3a8f4,14,13,27,2,2,4,16,15,31,1,4
2022-11-08,71b591d5-34de-4214-838e-92037fe7d9d0,1,2,3,26,0,26,27,2,29,1,3
2022-11-08,71cf133f-0b0d-4e02-9fdc-f54267589a34,139,108,247,12,6,18,151,114,265,1,7
2022-11-08,71dc3020-0468-48b2-891a-578e14babb4a,8,12,20,0,0,0,8,12,20,1,2
2022-11-08,72002857-8bb6-4c7d-bb39-aad396256efb,3,7,10,0,0,0,3,7,10,1,2
2022-11-08,72320918-defb-4de9-bc3f-be319c512605,9,11,20,2,1,3,11,12,23,1,5
2022-11-08,724ce134-99f7-4094-87d0-bc1216ac4b50,29,28,57,27,0,27,56,28,84,1,6
2022-11-08,7268c2a9-64d9-4b98-9cfa-51737afd7ade,1,0,1,0,0,0,1,0,1,1,1
2022-11-08,7281b92e-8afc-4e5f-b83b-4fccaebd14f2,29,43,72,0,1,1,29,44,73,1,3
2022-11-08,72a789a7-7fbf-4197-84c9-b477fdcdcbc6,2,0,2,0,0,0,2,0,2,1,1
2022-11-08,72babc6b-94ab-4ce3-8b9e-9d8d55e17b2a,43,26,69,220,9,229,263,35,298,1,14
2022-11-08,72c84621-8e50-40d9-a6d9-19ee42d47d8b,16,9,25,0,0,0,16,9,25,1,3
2022-11-08,72e2951f-372c-423f-97a2-7d9cd5701c45,263,235,498,16,12,28,279,247,526,1,8
2022-11-08,730122b4-b9e1-430c-9e91-d401a3b62cb5,3,1,4,1,0,1,4,1,5,1,3
2022-11-08,733e75fb-32b9-4ed7-950a-1e85a0d179b6,20,12,32,2,0,2,22,12,34,1,9
2022-11-08,737623e6-2b3a-4f71-bf84-df44d62689ee,23,16,39,2,0,2,25,16,41,1,10
2022-11-08,73a7291a-fe6a-4568-a797-754760525086,28,27,55,28,1,29,56,28,84,1,6
2022-11-08,73d2add5-fb53-45e1-ad13-c47e9e6f14e3,2,0,2,39,13,52,41,13,54,1,3
2022-11-08,7402a642-e22c-4699-bdc2-d19602a50abd,24,16,40,9,5,14,33,21,54,1,7
2022-11-08,74110589-5c5f-475a-a44b-95f427893b76,148,217,365,67,29,96,215,246,461,1,11
2022-11-08,74391577-affe-4cbc-a6d9-269414f85e0b,44,26,70,102,0,102,146,26,172,1,4
2022-11-08,745fa4d6-9064-4c77-af93-6ded3e316ad6,13,8,21,1,0,1,14,8,22,1,2
2022-11-08,74752664-e851-494c-b46e-6a329b163f15,1,0,1,0,0,0,1,0,1,1,1
2022-11-08,74989808-5221-4b90-b97d-d957c31ff216,15,11,26,56,13,69,71,24,95,1,8
2022-11-08,74a2e684-d714-43c3-a05f-5d4882323177,66,64,130,11,5,16,77,69,146,1,13
2022-11-08,74ae3775-1549-425b-aecc-aade165c0532,1,2,3,52,0,52,53,2,55,1,3
2022-11-08,74d88a82-2f56-402c-b5c9-0855a1673031,13,12,25,8,1,9,21,13,34,1,7
2022-11-08,74ff50e4-a38d-47dd-8b67-e0a7f495adae,17,15,32,0,0,0,17,15,32,1,3
2022-11-08,753d66e8-6a55-4c6d-92a1-3df60ac9af31,5,4,9,0,0,0,5,4,9,1,1
2022-11-08,7550ea55-efae-4847-a104-faaf3f78f934,9,17,26,0,4,4,9,21,30,1,4
2022-11-08,756f09f5-a802-4492-b91c-0f3993a7be83,22,14,36,20,3,23,42,17,59,1,10
2022-11-08,7588640b-035a-4df7-9356-122d3be948b4,10,11,21,0,0,0,10,11,21,1,4
2022-11-08,75a34970-b95d-4bfa-8406-d7980b1281c2,4,4,8,0,0,0,4,4,8,1,1
2022-11-08,75bef40f-deca-4a71-88bb-004f04cea08a,6,1,7,0,0,0,6,1,7,1,4
2022-11-08,75e915df-3081-4446-a7b6-18bae64a1bda,1,0,1,0,0,0,1,0,1,1,1
2022-11-08,75fdc770-cbde-497b-87e0-98e1b41a68d5,6,5,11,2,0,2,8,5,13,1,5
2022-11-08,762a699b-1276-4328-93b1-272700928b3d,10,7,17,2,1,3,12,8,20,1,6
2022-11-08,76599c76-21ee-428c-bf74-3086a0e7c96d,7,6,13,0,0,0,7,6,13,1,3
2022-11-08,7668b37e-9d5a-4fa0-a179-f199a085d52e,16,15,31,1,0,1,17,15,32,1,1
2022-11-08,767d2f27-4d52-4bcb-b728-d948404a5569,74,64,138,5,4,9,79,68,147,1,3
2022-11-08,76921cb7-d757-4b41-b8ea-116287d5939c,137,85,222,0,0,0,137,85,222,1,4
2022-11-08,76aad718-938f-467a-919c-6162268ed273,2,3,5,0,0,0,2,3,5,1,1
2022-11-08,76c37fd8-0636-4104-9163-2014214e568f,3,3,6,0,0,0,3,3,6,1,1
2022-11-08,76e6da7a-7f1f-4c11-a6a6-4a2ae6c973c3,46,48,94,9,12,21,55,60,115,1,11
2022-11-08,76f0f526-2898-479f-b63f-af35e28fc5ad,5,0,5,0,0,0,5,0,5,1,3
2022-11-08,7707d485-0dd1-4480-9404-94f490bf1d48,2,1,3,0,0,0,2,1,3,1,1
2022-11-08,77352ac9-97b2-453e-9b6a-1bb6c0ad48b5,2,5,7,37,0,37,39,5,44,1,5
2022-11-08,7795936a-300a-4f80-8d94-09290bf0980a,8,11,19,3,0,3,11,11,22,1,3
2022-11-08,77bba720-61b5-4120-a1dc-d99107a7cedb,2,3,5,0,0,0,2,3,5,1,2
2022-11-08,77cf0fcf-daa3-46b5-b777-c77b6478801a,7,16,23,12,0,12,19,16,35,1,4
2022-11-08,77f0828c-2986-4e83-b700-d6c6081493c2,1,0,1,0,0,0,1,0,1,1,1
2022-11-08,78040a89-4830-4451-888a-bb6b05d82d95,2,2,4,57,1,58,59,3,62,1,3
2022-11-08,782f6b0b-d0f1-415e-8c92-7967f3f8222b,9,16,25,9,0,9,18,16,34,1,7
2022-11-08,783b7031-82ba-46c6-b5da-595a374649c2,0,0,0,3,0,3,3,0,3,1,1
2022-11-08,78640860-8d7a-4d85-a0af-44a1ebe51d95,33,37,70,12,4,16,45,41,86,1,5
2022-11-08,787484e5-0cb5-48b4-948e-213cda2d8924,65,82,147,4,5,9,69,87,156,1,7
2022-11-08,788a6985-2b64-413a-872a-575affaf74d5,3,3,6,0,0,0,3,3,6,1,1
2022-11-08,788f0e65-e3e0-4e97-8308-ea047897a53c,2,9,11,0,0,0,2,9,11,1,1
2022-11-08,78bd24d1-66f4-455d-a1e3-04df5d64ddfe,60,56,116,18,12,30,78,68,146,1,11
2022-11-08,78db95be-744a-4b35-9677-fa35b7438d00,40,35,75,3,3,6,43,38,81,1,9
2022-11-08,78fc4dc4-1ab0-4f29-bd9f-04c943949469,3,0,3,1,0,1,4,0,4,1,4
2022-11-08,792024f5-95fd-47db-9e88-9f05c8ed37b7,236,305,541,57,20,77,293,325,618,1,16
2022-11-08,79314bac-7596-4f55-bc7e-00c4fe968084,16,20,36,0,0,0,16,20,36,1,3
2022-11-08,794df465-89f8-4157-822a-3d14993729b0,4,2,6,0,0,0,4,2,6,1,1
2022-11-08,7991f067-80b2-43b7-9f9f-ee30eb6d7896,5,10,15,2,1,3,7,11,18,1,5
2022-11-08,79c3340c-d75c-4a39-8d13-54e460f8fdfa,2,0,2,0,0,0,2,0,2,1,2
2022-11-08,79eb3971-876a-42d7-80ca-0fd9f20cbabb,1,1,2,0,0,0,1,1,2,1,1
2022-11-08,7a14ab98-a9a0-4958-9104-5adb7909a0a7,22,17,39,54,8,62,76,25,101,1,12
2022-11-08,7a2ff68b-8143-4eda-8111-64d261ce8ed6,16,16,32,0,2,2,16,18,34,1,6
2022-11-08,7a4f3b9d-087d-48da-8d4c-137553a6073a,3,8,11,0,0,0,3,8,11,1,1
2022-11-08,7a6b5ef4-6ed5-4d17-ae79-59ecd4200960,130,144,274,2,1,3,132,145,277,1,3
2022-11-08,7a868c49-dbd6-4afd-b53d-84c97f41e0f0,224,224,448,22,4,26,246,228,474,1,8
2022-11-08,7a9d9496-5d68-4ec0-bc73-5d6ce40e275c,0,0,0,2,0,2,2,0,2,1,1
2022-11-08,7ab21e74-8a7a-4af0-b186-068e49c70410,0,1,1,0,0,0,0,1,1,1,1
2022-11-08,7ab9e2be-02fd-4828-ad8a-8a660c3a3ac7,27,5,32,1,1,2,28,6,34,1,3
2022-11-08,7ad9632e-740d-478a-8dcb-0643d5b02a1f,14,30,44,4,4,8,18,34,52,1,4
2022-11-08,7ae9c5db-f5b2-4987-a37f-e061ee10596d,2,3,5,0,0,0,2,3,5,1,2
2022-11-08,7b2bfa11-e83b-49dc-82e2-1104d417274b,25,30,55,3,3,6,28,33,61,1,6
2022-11-08,7b63c45a-4622-4503-96b2-6447049f365c,13,13,26,0,0,0,13,13,26,1,4
2022-11-08,7b79349d-2461-4680-8277-376d6f252ceb,64,85,149,0,0,0,64,85,149,1,4
2022-11-08,7b8aec65-6bff-4a81-9c88-6a7e2fbcc130,2,0,2,3,0,3,5,0,5,1,3
2022-11-08,7b9d6909-dd2e-4202-9991-10a50643577a,5,1,6,0,1,1,5,2,7,1,2
2022-11-08,7bcea73e-279c-4a51-b182-008ca15ca401,6,5,11,2,3,5,8,8,16,1,3
2022-11-08,7bd8adc8-2edb-4176-b400-a2deee71fba6,15,29,44,30,7,37,45,36,81,1,3
2022-11-08,7be2bea3-abcc-4896-a913-6aff3c970fef,3,6,9,6,0,6,9,6,15,1,2
2022-11-08,7be91fea-46a1-4746-ba7c-4baa1e8d1f3c,14,12,26,0,0,0,14,12,26,1,5
2022-11-08,7bf6c99c-a1b4-4ddd-8eec-4cc6e139d051,30,55,85,0,3,3,30,58,88,1,10
2022-11-08,7c0b67eb-c7a5-4350-83d7-1de3923ee4b4,29,32,61,19,6,25,48,38,86,1,15
2022-11-08,7c3700f7-54bd-4467-a0f1-c142a622d9f5,36,63,99,0,1,1,36,64,100,1,6
2022-11-08,7c5c9ef6-ca51-4a97-854b-e7b07c5bd425,5,3,8,40,1,41,45,4,49,1,7
2022-11-08,7c6f7602-4321-4726-9895-21f7ea52ef5c,4,5,9,52,1,53,56,6,62,1,4
2022-11-08,7c9fbeb0-476d-493a-910a-5a0e466ba2fe,50,23,73,24,4,28,74,27,101,1,5
2022-11-08,7cbfe925-4a4c-44ad-a979-c38081d2bfe7,22,33,55,1,0,1,23,33,56,1,5
2022-11-08,7cd66dfa-22bc-4213-83c3-8e44e4fba814,10,14,24,2,0,2,12,14,26,1,4
2022-11-08,7cf44bb8-cef5-45ac-875e-d1ec16ce014d,5,1,6,0,0,0,5,1,6,1,2
2022-11-08,7d193ee1-0d05-4e39-b6a9-d3e474003f62,11,7,18,4,0,4,15,7,22,1,5
2022-11-08,7d4094b2-d863-493d-8b42-8caa9d6cfe46,12,10,22,3,3,6,15,13,28,1,3
2022-11-08,7d677a6a-e4b4-4fb0-a4ca-d617f391d07c,1,0,1,0,0,0,1,0,1,1,1
2022-11-08,7d9088ab-4fbf-4ec6-b3b3-182a7af635cc,105,89,194,4,5,9,109,94,203,1,4
2022-11-08,7dac945b-cfdb-4834-b748-798b9afdc553,4,3,7,0,1,1,4,4,8,1,6
2022-11-08,7dbe66ff-3f80-42f5-a20b-614674365fb0,23,19,42,56,19,75,79,38,117,1,6
2022-11-08,7dd69d4b-a224-45b7-adc9-d5fd5b41ecd5,1,2,3,0,0,0,1,2,3,1,1
2022-11-08,7df01ade-2955-4bf7-9c3c-12b6c45db0de,2,0,2,0,0,0,2,0,2,1,1
2022-11-08,7e09a20a-2178-4936-8610-7e7a4df06a71,1,1,2,0,0,0,1,1,2,1,1
2022-11-08,7e3eb4d3-5e63-481c-af78-87d1f50c58fa,58,61,119,14,3,17,72,64,136,1,6
2022-11-08,7e7724de-c34f-40f0-a9fd-26dbd7338bd8,0,1,1,0,0,0,0,1,1,1,1
2022-11-08,7e8f2042-3805-4891-a70d-82a3043e6d31,3,0,3,0,0,0,3,0,3,1,3
2022-11-08,7ea9e408-6017-42de-9ea5-710cd3b20996,105,85,190,24,14,38,129,99,228,1,4
2022-11-08,7eb055ac-6915-4f68-853c-8197c6d0dc03,17,30,47,40,0,40,57,30,87,1,7
2022-11-08,7ec227a0-75dd-4d93-996d-417ef024ee60,1,0,1,0,0,0,1,0,1,1,1
2022-11-08,7ecff1a5-05c0-406e-a287-247eb9a91b89,95,93,188,3,1,4,98,94,192,1,8
2022-11-08,7eda3f24-a574-45f7-a162-de2d9bb59863,2,0,2,0,0,0,2,0,2,1,1
2022-11-08,7ee76490-bf91-4e66-86a5-7a99771f8d12,7,12,19,12,6,18,19,18,37,1,5
2021-02-07,3dcae8da-1a6b-47e0-999d-1bebbf009dd9,14,15,29,5,2,7,19,17,36,1,4
2021-02-07,3e85eb40-c8ee-4ac3-8181-835008328488,2,2,4,0,0,0,2,2,4,1,1
2021-02-07,3fc2482c-86f2-4d88-ae61-2f75f47e391c,2,3,5,1,0,1,3,3,6,1,2
2021-02-07,416f4250-19a9-45a1-bea0-73b6c49a71aa,0,0,0,1,0,1,1,0,1,1,1
2021-02-07,42dcbc82-3473-4752-bbf1-82ca8e07babf,0,1,1,0,0,0,0,1,1,1,1
2021-02-07,437f620e-d75e-4015-a85a-ddcc8a978b82,77,54,131,2,0,2,79,54,133,1,4
2021-02-07,460b2cfa-b35c-4dc2-8865-c1093ab82d3b,9,2,11,0,0,0,9,2,11,1,2
2021-02-07,4783aba8-c740-42a9-9f13-aa3296575c5c,12,8,20,0,0,0,12,8,20,1,3
2021-02-07,48032a0f-4129-4d50-b7a0-3e85429f15c9,0,0,0,1,0,1,1,0,1,1,1
2021-02-07,48d164c1-abd4-4351-be61-26e14294adb4,64,84,148,0,0,0,64,84,148,1,4
2021-02-07,49541caf-3201-4ed6-b0e0-634e89b4c684,9,5,14,0,0,0,9,5,14,1,2
2021-02-07,4ac16778-0794-4646-92ae-9ff5c4ab34d1,2,4,6,0,0,0,2,4,6,1,2
2021-02-07,4b919f6e-9d83-4c6e-80ce-c73047c0cdf5,2,8,10,0,0,0,2,8,10,1,1
2021-02-07,4c7f1e85-e4d0-4222-b77f-5a224413d85f,2,2,4,0,0,0,2,2,4,1,2
2021-02-07,4f424aaa-aeb6-4384-9742-72fe26db9d3c,13,7,20,0,0,0,13,7,20,1,6
2021-02-07,5005250b-e491-4c8f-b3a8-e723325a08d3,2,0,2,0,0,0,2,0,2,1,1
2021-02-07,51198035-4edc-4f81-87eb-8e75817dd43a,9,10,19,0,0,0,9,10,19,1,3
2021-02-07,52926e07-5dfe-4fff-a133-fe1b7dd66b16,17,14,31,0,0,0,17,14,31,1,1
2021-02-07,5370c70b-6734-4d9c-9a46-b8f7a2550f1f,15,22,37,0,0,0,15,22,37,1,5
2021-02-07,5399f0e0-0130-49f7-a08a-3b6dbe2f64ec,1,1,2,0,0,0,1,1,2,1,2
2021-02-07,5425b0ee-35fb-4fac-85c1-9135c7cae35f,14,10,24,0,0,0,14,10,24,1,2
2021-02-07,5512a5bf-4895-454b-9b6c-6f6d9fc5e051,9,24,33,0,0,0,9,24,33,1,1
2021-02-07,567ea1c4-599d-437f-a858-4529109ba336,35,56,91,0,0,0,35,56,91,1,5
2021-02-07,5756df97-d273-44b6-b744-7055061673e1,3,5,8,0,0,0,3,5,8,1,3
2021-02-07,58293e85-cc29-4875-906e-536434975fc7,7,0,7,0,0,0,7,0,7,1,2
2021-02-07,58c77b45-8c8f-492e-b113-231a2781ae9b,103,278,381,0,0,0,103,278,381,1,7
2021-02-07,5a899711-e9aa-4539-8afe-15e41d60af0a,4,7,11,0,0,0,4,7,11,1,1
2021-02-07,5c78f885-9e4e-431d-bbca-c78994204099,2,2,4,5,0,5,7,2,9,1,2
2021-02-07,5d89fe5c-a058-4705-afb1-7782fb0ace82,6,9,15,0,0,0,6,9,15,1,1
2021-02-07,5ff1d89c-ea32-42a6-af99-88a3014f3733,49,24,73,0,0,0,49,24,73,1,4
2021-02-07,60a97e4e-8751-4557-a35c-ae9fdaaf0bcf,18,8,26,20,2,22,38,10,48,1,4
2021-02-07,616d76e2-d12f-4542-8eac-ea0097e4cd8c,0,0,0,1,0,1,1,0,1,1,1
2021-02-07,62901fbb-4f46-495d-ae11-2be8dc124102,2,0,2,0,0,0,2,0,2,1,1
2021-02-07,6368f7b6-4216-4b65-a55c-ceb62498a6c5,4,3,7,0,0,0,4,3,7,1,1
2021-02-07,63e34274-110f-44c3-834f-8f6fd9e97da3,1,6,7,0,0,0,1,6,7,1,4
2021-02-07,652c87c5-4d2b-469b-8885-97369e94d91d,0,0,0,17,0,17,17,0,17,1,2
2021-02-07,66ca564e-9967-4ea6-9313-480a0c81bb9c,21,23,44,3,4,7,24,27,51,1,3
2021-02-07,68c04f81-aa2a-4b59-a042-1d229331f903,11,24,35,1,1,2,12,25,37,1,8
2021-02-07,6a78d014-a350-43de-ae7b-5aaf8206b09e,1,2,3,0,0,0,1,2,3,1,1
2021-02-07,6b6e78a8-37a6-4807-b736-1d2e10868c1b,4,6,10,2,0,2,6,6,12,1,2
2021-02-07,6bce9b54-a5f3-4e36-9ad8-ae3d1b6cea77,2,2,4,0,0,0,2,2,4,1,2
2021-02-07,6cb3a7ac-5c5d-4bed-894a-0b408e3bd20a,2,0,2,0,0,0,2,0,2,1,1
2021-02-07,6e05a656-3727-4878-b875-14f9c5f80c8d,9,6,15,1,2,3,10,8,18,1,1
2021-02-07,700a5c85-605d-457c-a6f1-a9a5a0e0f5d4,4,3,7,0,0,0,4,3,7,1,3
2021-02-07,71dfd210-5ce7-402c-8319-b660cd7347b8,1,0,1,0,0,0,1,0,1,1,1
2021-02-07,747b37df-74f1-426a-838e-2a5562257cf9,0,1,1,0,0,0,0,1,1,1,1
2021-02-07,74fc3a7a-ffc3-4083-b881-3872f5bd13fa,7,11,18,0,0,0,7,11,18,1,1
2021-02-07,77ce27e2-bbea-4c5b-b85a-a82f593299de,3,0,3,0,0,0,3,0,3,1,2
2021-02-07,79708337-676d-4536-8877-7534bafc5ef8,2,7,9,1,0,1,3,7,10,1,3
2021-02-07,7c5dfa0d-55c8-4a53-ba9a-058ec5a3fdf9,0,1,1,0,0,0,0,1,1,1,1
2021-02-07,7d46b8a3-ee70-4de6-ac6d-acd3feb18b4d,25,21,46,0,1,1,25,22,47,1,4
2021-02-07,7de7e31c-8de1-4555-b375-cc4b1377f9a7,10,19,29,0,0,0,10,19,29,1,5
2021-02-07,7ff5fae1-0069-4e5b-90b5-13616f9c5761,3,10,13,0,0,0,3,10,13,1,5
2021-02-07,80a3fa9b-856e-4795-a69a-49f1366f707e,1,2,3,0,0,0,1,2,3,1,1
2021-02-07,81b77e9e-488d-46aa-ad3c-4e6d69d74f0e,1,0,1,0,0,0,1,0,1,1,1
2021-02-07,8296e980-3a9e-438c-a6ea-b46d0a2b509b,1,1,2,0,0,0,1,1,2,1,1
2021-02-07,8363384f-4a0b-4ed1-b66a-1e14e7b5ffa3,146,370,516,6,12,18,152,382,534,1,10
2021-02-07,8478be4f-63d1-438b-87ad-79c576669ced,2,0,2,0,0,0,2,0,2,1,2
2021-02-07,85bb3dd6-3951-4ca6-94ae-a5aef9a19ac5,13,16,29,0,0,0,13,16,29,1,3
2021-02-07,86f1f25a-3cdd-4d73-b01c-2cffa6fc4646,4,5,9,3,0,3,7,5,12,1,3
2021-02-07,8751c3f6-58d2-4179-95bc-561f4ecb598e,97,85,182,0,0,0,97,85,182,1,4
2021-02-07,884dc972-c455-47e0-b844-e1ff096577b4,21,23,44,0,0,0,21,23,44,1,3
2021-02-07,8911e442-8281-4934-8755-a60e1ed4af06,5,10,15,0,0,0,5,10,15,1,4
2021-02-07,8a55c1b5-b4aa-42e7-81c3-6956d89c858a,37,18,55,0,0,0,37,18,55,1,4
2021-02-07,8b8ab31f-b534-4028-8957-4737a8ee8045,39,36,75,0,0,0,39,36,75,1,2
2021-02-07,8d8ebf29-0f71-491a-897c-3aadee11ccf6,0,1,1,0,0,0,0,1,1,1,1
2021-02-07,8f5e04a2-1cdf-48af-b1a5-7a185b39a76b,1,1,2,0,0,0,1,1,2,1,1
2021-02-07,917bc97a-10b8-4546-8d3d-f12ed6404d75,16,12,28,3,0,3,19,12,31,1,8
2021-02-07,9510e456-54d4-46dd-8359-b36c92766c6a,7,7,14,0,0,0,7,7,14,1,2
2021-02-07,964304b0-72a4-4357-a32f-947f1d8eb6b9,5,6,11,682,0,682,687,6,693,1,4
2021-02-07,985d50dc-6468-44cf-8d27-36f0e0674fd4,13,12,25,0,0,0,13,12,25,1,2
2021-02-07,99ee18af-b6f1-4a30-8eef-a522cc8b2ee0,9,3,12,0,0,0,9,3,12,1,6
2021-02-07,9ac9b03a-59cd-442d-bb95-d08532bc5736,16,14,30,89,1,90,105,15,120,1,4
2021-02-07,9b537d44-4615-410d-a2fb-54826d04c8dc,3,0,3,0,0,0,3,0,3,1,2
2021-02-07,9bc26cde-8e01-4cfc-9b93-8ab0a04893e1,1,2,3,0,0,0,1,2,3,1,2
2021-02-07,9c8ec147-8144-425b-8841-d0fa0a211a19,42,67,109,0,0,0,42,67,109,1,8
2021-02-07,9e4dfa28-b22f-4aff-816f-b449ac6b3d49,2,1,3,0,0,0,2,1,3,1,2
2021-02-07,9fb3664a-b6b5-42a6-96e3-827b9de1117c,1,0,1,0,0,0,1,0,1,1,1
2021-02-07,a0ca9e24-0b5d-4851-bea5-f4ef7704ff7b,57,44,101,1,0,1,58,44,102,1,3
2021-02-07,a26ef4c2-9af2-420c-93e8-223b63012ce6,3,4,7,2,0,2,5,4,9,1,3
2021-02-07,a2c27ed7-5056-4518-8000-b1e550e9fc1f,0,1,1,0,0,0,0,1,1,1,1
2021-02-07,a43774ca-5133-4d92-9831-8f042bc6f4a9,2,4,6,0,0,0,2,4,6,1,1
2021-02-07,a55880ec-c81f-45e2-b31d-425d8ac69ee5,12,15,27,0,2,2,12,17,29,1,5
2021-02-07,a633bb32-22ea-4f55-8d0c-a9da11746fcb,9,2,11,13,0,13,22,2,24,1,5
2021-02-07,a6b1485c-0b28-4a4a-874e-0cdd074b35d2,1,0,1,0,0,0,1,0,1,1,1
2021-02-07,a7625286-c1e8-4a5c-860d-c0092f3e7ec2,8,0,8,0,0,0,8,0,8,1,1
2021-02-07,a91de2a9-239c-4c8b-9e36-28286576b8d7,0,0,0,1,0,1,1,0,1,1,1
2021-02-07,a97c2b2a-4a0c-4dd0-94d6-41ff3ae46f56,14,15,29,0,0,0,14,15,29,1,6
2021-02-07,aa76d790-36c9-4f7a-b408-228c8e6f9745,1,0,1,0,0,0,1,0,1,1,1
2021-02-07,abdebc3b-726c-455e-8649-c00889e16187,2,0,2,0,0,0,2,0,2,1,1
2021-02-07,ac64d271-928a-4fde-8c7a-689a7f60bf56,1,13,14,0,0,0,1,13,14,1,3
2021-02-07,ae116af1-ecf5-4a31-89c2-81b28d6fdbf2,5,10,15,0,0,0,5,10,15,1,2
2022-11-08,7efaa9db-25c5-476e-8ac0-cdc09ef03893,16,10,26,2,0,2,18,10,28,1,7
2022-11-08,7f086aa3-8ca8-4397-a3e1-26c99c6d4ae4,14,24,38,2,2,4,16,26,42,1,5
2022-11-08,7f2795aa-2647-4543-bf9a-98676d9711ad,1,0,1,9,6,15,10,6,16,1,2
2022-11-08,7f55447b-e030-43b0-b3e3-ed5c42766270,2,1,3,0,1,1,2,2,4,1,2
2022-11-08,7f81e68a-196e-4056-9113-3a21bce4762c,38,57,95,32,19,51,70,76,146,1,7
2022-11-08,7fb25efc-c516-465d-a12f-ed83db60c9c0,25,26,51,1,2,3,26,28,54,1,4
2022-11-08,7fccc509-a754-40ef-a0fd-d1c837ed4101,31,29,60,2,0,2,33,29,62,1,4
2022-11-08,7ff7689e-04e7-434e-9648-919039189793,24,28,52,92,96,188,116,124,240,1,8
2022-11-08,8028e80d-57f1-4c83-a74a-4818f0b7621c,16,17,33,44,12,56,60,29,89,1,3
2022-11-08,8042d738-403b-49b8-b621-ca0e18c95ba7,1,2,3,0,0,0,1,2,3,1,2
2022-11-08,805808c2-a307-4b9b-8f54-34c1b2286687,2,3,5,1,0,1,3,3,6,1,3
2022-11-08,806e2af7-5870-4315-8581-0ec5b9533b32,8,14,22,1,0,1,9,14,23,1,3
2022-11-08,80bb9738-53c1-41f6-868b-2d33c571fb0e,1,0,1,2,0,2,3,0,3,1,2
2022-11-08,80e4919e-926d-4e27-9af2-efac5feb5bf3,55,7,62,0,0,0,55,7,62,1,2
2022-11-08,80eb5d9c-5282-4780-b6fc-055154fb45e6,40,32,72,0,1,1,40,33,73,1,3
2022-11-08,810f8aeb-d9f2-4125-a871-445a5e3959f4,6,8,14,0,0,0,6,8,14,1,4
2022-11-08,81352242-e78d-4fbe-9c1b-84c6df25682d,0,4,4,2,6,8,2,10,12,1,5
2022-11-08,8148cea7-280b-4f0a-a405-18561568b7b0,17,19,36,0,10,10,17,29,46,1,8
2022-11-08,818ba668-769f-47b0-9000-350029755aaf,11,21,32,0,1,1,11,22,33,1,3
2022-11-08,81a5fa0d-1b05-4b2f-a647-89e09ce0ca00,35,31,66,32,16,48,67,47,114,1,14
2022-11-08,81cf5e61-e887-40b9-9673-206dd3d49fa1,2,0,2,0,0,0,2,0,2,1,2
2022-11-08,81df40de-f03c-4c7b-975b-c84d2172db85,8,19,27,0,0,0,8,19,27,1,1
2022-11-08,8207de56-ec0f-4e6b-84d9-df385ce29390,76,95,171,2,2,4,78,97,175,1,3
2022-11-08,8230c3ae-ed4d-4077-9ac5-cdf586f90059,2,2,4,0,0,0,2,2,4,1,1
2022-11-08,82671929-bc80-4480-89cc-42c4066f3633,3,1,4,6,0,6,9,1,10,1,3
2022-11-08,82956663-4397-4557-a0c2-5585f1e4bb81,174,178,352,11,12,23,185,190,375,1,4
2022-11-08,82a95bee-71b6-44bf-916d-a2693fa1fb7c,1,0,1,0,0,0,1,0,1,1,1
2022-11-08,82bab0d5-97c9-46b7-a511-a125c54c5f18,1,1,2,2,2,4,3,3,6,1,3
2022-11-08,82dac43e-16ca-42c4-9b12-b0f336c73e21,21,26,47,5,0,5,26,26,52,1,6
2022-11-08,83089254-d108-411b-ad0d-333994fbed6c,9,12,21,0,2,2,9,14,23,1,2
2022-11-08,8344ba55-15fc-4009-82a4-fc12eb924137,15,9,24,0,1,1,15,10,25,1,2
2022-11-08,836808a2-011d-4f09-b271-9d34b065cfd1,1,0,1,1,0,1,2,0,2,1,1
2022-11-08,837d6713-813a-435d-83ff-9d4df9e053f3,0,0,0,2,0,2,2,0,2,1,1
2022-11-08,838b9726-6ae8-47c9-82f3-e1ba0018e528,17,20,37,0,0,0,17,20,37,1,4
2022-11-08,83956174-c4ca-4e62-86d4-37284a7cb215,30,24,54,1,2,3,31,26,57,1,5
2022-11-08,83a43fb8-1016-4bdd-a17c-9f38742e31f2,324,405,729,413,358,771,737,763,1500,1,6
2022-11-08,83c05bdd-6ec2-454f-8676-780058801050,14,24,38,11,10,21,25,34,59,1,6
2022-11-08,83e24830-25dc-4b83-bfdc-a19c9ef6bd42,3,12,15,104,1,105,107,13,120,1,3
2022-11-08,83faf9ec-2647-40b2-8461-6e390cc2ad1c,98,87,185,11,17,28,109,104,213,1,5
2022-11-08,8431f3eb-adce-4cf4-9a71-6345ce00c2ab,22,14,36,0,0,0,22,14,36,1,4
2022-11-08,84657ff2-ab45-42b2-8c4c-187029f6373e,1,5,6,0,0,0,1,5,6,1,2
2022-11-08,848c6819-7bc9-42fe-81d7-5b57aaf03e74,50,65,115,0,0,0,50,65,115,1,6
2022-11-08,84a0603c-35a2-48fc-bc46-e7f62b342224,389,529,918,1,4,5,390,533,923,1,3
2022-11-08,84bb3ddb-38db-4669-81cf-30b8a9d4aa22,56,83,139,0,0,0,56,83,139,1,6
2022-11-08,84ee7858-618c-46c4-b27b-cc9df3d4512d,1,0,1,0,0,0,1,0,1,1,1
2022-11-08,8509aa74-71ce-4010-bb54-83c5478dd10d,11,19,30,80,26,106,91,45,136,1,4
2022-11-08,85198137-e728-45b3-93a9-cb37536f823f,13,28,41,28,14,42,41,42,83,1,6
2022-11-08,853e4595-8dc0-4848-b4d7-e91f9bcbf0da,1,0,1,0,0,0,1,0,1,1,1
2022-11-08,8553142c-c2a1-488c-b0dc-b324a6eb0528,1,0,1,0,0,0,1,0,1,1,1
2022-11-08,855d9cba-1894-4b4b-a4b4-08bc127f6c0e,12,18,30,0,2,2,12,20,32,1,6
2022-11-08,857dd434-ac2d-425f-8902-5aca652fcd0c,1,0,1,0,0,0,1,0,1,1,1
2022-11-08,85951a3b-bdbf-4857-9a89-bb286c9bbd8e,0,1,1,1,0,1,1,1,2,1,2
2022-11-08,85a51f72-76ad-433f-9e87-b1fcadbc21ee,18,30,48,3,0,3,21,30,51,1,10
2022-11-08,85c32088-78be-4a36-992e-6fbf429f6e10,48,77,125,6,7,13,54,84,138,1,3
2022-11-08,85d168a5-f027-46be-9fe7-a1149e73399f,9,13,22,1,0,1,10,13,23,1,5
2022-11-08,85f589e8-f334-485a-b301-d557a9bf5154,5,17,22,0,3,3,5,20,25,1,1
2022-11-08,8614a8f7-d984-4536-a992-adcd421e07be,1,1,2,0,0,0,1,1,2,1,1
2022-11-08,8633d74f-b4b4-4f5e-a4e4-0463bbcbb7ec,41,74,115,20,12,32,61,86,147,1,5
2022-11-08,866d5ab9-ff3f-40bc-be82-e9781484d216,11,13,24,0,0,0,11,13,24,1,5
2022-11-08,868dce89-0176-4ebb-a7dd-3c20f24d0e42,0,0,0,1,0,1,1,0,1,1,1
2022-11-08,86a2b1b9-f535-4b36-804b-6e1eea0992dd,3,4,7,1,1,2,4,5,9,1,4
2022-11-08,86c3b531-da6f-4f3d-965e-6637faa59408,312,312,624,10,8,18,322,320,642,1,15
2022-11-08,87008f3b-8ba2-4ceb-84cd-9997b267dd17,11,25,36,23,9,32,34,34,68,1,7
2022-11-08,87215c2b-3ac2-43c3-a780-c9e8ae21fbd1,6,3,9,0,0,0,6,3,9,1,4
2022-11-08,874d907d-c693-4605-ab32-f99228ad35f3,21,54,75,7,4,11,28,58,86,1,3
2022-11-08,87559d18-b5d4-41e3-a6bd-b9fbeb00b9d2,0,0,0,59,0,59,59,0,59,1,4
2022-11-08,876880fe-1388-4ee6-ab64-5cf22c719d4b,12,11,23,0,0,0,12,11,23,1,2
2022-11-08,878b03a2-800a-444d-b49a-534d1a47339f,1,2,3,0,0,0,1,2,3,1,1
2022-11-08,87ae6996-cd28-4576-996f-54a44d12d0a2,6,12,18,1,0,1,7,12,19,1,3
2022-11-08,87cb08e9-5213-4ebd-964b-8c185321c445,14,17,31,3,0,3,17,17,34,1,3
2022-11-08,87e02f80-eaf3-4b97-ac59-2fb407b8e535,5,8,13,0,2,2,5,10,15,1,3
2022-11-08,87f8f9e2-5fd2-46f2-8a48-76ad03770f65,29,51,80,2,1,3,31,52,83,1,7
2022-11-08,8824872b-eb30-40ce-adb6-9b5822d58574,43,44,87,0,0,0,43,44,87,1,9
2022-11-08,8857aa0b-7133-416f-a71c-eef075d2e69b,1,3,4,0,0,0,1,3,4,1,1
2022-11-08,887385f8-ff0c-41a4-8937-b2db15121d4c,89,84,173,5,4,9,94,88,182,1,9
2022-11-08,88894569-2019-43a4-b0c2-08e8479b2493,27,27,54,15,1,16,42,28,70,1,7
2022-11-08,88c02c37-a117-4d8e-89ea-a2dd23b98b96,1,0,1,0,0,0,1,0,1,1,1
2022-11-08,88d1242b-40af-41a3-8294-429ad94ff0fc,14,1,15,2,0,2,16,1,17,1,5
2022-11-08,890bd6ba-1df7-4666-b4dc-1ffe7b224111,16,28,44,25,0,25,41,28,69,1,3
2022-11-08,89157833-e97f-425b-ab32-51887a8e3ea3,7,11,18,4,4,8,11,15,26,1,4
2022-11-08,89207cf7-6ad8-4803-8a23-69838a6ba7d7,11,8,19,0,1,1,11,9,20,1,3
2022-11-08,892edd1d-212a-4753-98e2-e1acbebed9d1,7,16,23,1,1,2,8,17,25,1,3
2022-11-08,8956a674-6f4b-4585-98e1-906eb09988cf,3,3,6,0,0,0,3,3,6,1,3
2022-11-08,899f8711-e577-4322-b955-fa445e0b464b,2,6,8,1,0,1,3,6,9,1,3
2022-11-08,89c9cdab-5690-4ee9-8b01-c6e40e440e74,65,93,158,136,20,156,201,113,314,1,11
2022-11-08,8a0ede6a-d515-4f09-afac-7af997aa48db,75,86,161,6,1,7,81,87,168,1,10
2022-11-08,8a39b1c3-c748-4d76-9931-2c571ec554b5,5,16,21,26,20,46,31,36,67,1,4
2022-11-08,8a62598e-47a0-4af2-b6e4-5e4ccb6e3f29,0,1,1,0,6,6,0,7,7,1,2
2022-11-08,8a74e86a-069a-4146-94fe-750245a4bb9f,66,93,159,42,59,101,108,152,260,1,10
2022-11-08,8a79d371-9452-4cee-98ae-34a3a517167a,47,53,100,23,14,37,70,67,137,1,5
2022-11-08,8a9bd11f-b2db-481e-a87e-03ab9c45824d,1,3,4,146,0,146,147,3,150,1,2
2022-11-08,8abb33b5-c5d1-490f-9299-c3825fc511fe,8,2,10,3,1,4,11,3,14,1,9
2022-11-08,8ad2b5d8-48e3-4ca7-83be-03b1c36c90ca,65,92,157,11,7,18,76,99,175,1,9
2022-11-08,8afe17c1-ca69-4d18-8c24-aa5f216c3dad,3,2,5,2,0,2,5,2,7,1,1
2022-11-08,8b28d951-70c0-4cdd-88e9-aeb61c31c14e,5,3,8,0,0,0,5,3,8,1,2
2022-11-08,8b495750-d7c3-4c32-aa52-70c2ebbe1cfd,9,7,16,0,1,1,9,8,17,1,4
2022-11-08,8b58d2ed-e5c2-4e9f-a2a6-ead4caa1b080,40,56,96,0,1,1,40,57,97,1,4
2022-11-08,8b8776ae-639e-43b3-9a2c-19aded44b226,14,12,26,33,0,33,47,12,59,1,5
2022-11-08,8b8d9df5-00e3-492a-877c-5ef564516a38,4,6,10,0,0,0,4,6,10,1,3
2022-11-08,8ba56412-9277-491f-90c6-113184effafc,0,0,0,0,1,1,0,1,1,1,1
2022-11-08,8be04d93-fa2e-4686-9050-9d48fc78d452,1,0,1,0,0,0,1,0,1,1,1
2022-11-08,8c17955c-75ed-4509-a4f5-fb35e068786f,2,5,7,0,0,0,2,5,7,1,5
2022-11-08,8c42a4c9-8eb2-4d8a-a8e8-ee5f7a97f2fb,0,0,0,1,0,1,1,0,1,1,1
2022-11-08,8c59a9df-51ad-4ea7-905f-f158a202a2e1,0,0,0,1,0,1,1,0,1,1,1
2022-11-08,8c8ac696-1d68-4a25-91dd-1d1c5a59e2d0,4,4,8,0,0,0,4,4,8,1,2
2022-11-08,8cb3bdba-c9ed-4a8f-9995-fb31aae147d9,4,7,11,0,0,0,4,7,11,1,3
2022-11-08,8cbcc4ad-1cf0-4e8b-9dff-0ba0ba2cdbc7,32,32,64,0,0,0,32,32,64,1,3
2022-11-08,8cd28344-d055-4faf-b146-f41588bdca45,1,1,2,0,0,0,1,1,2,1,1
2022-11-08,8cdd72b8-38da-457c-88aa-ca48c855e3cc,1,1,2,0,0,0,1,1,2,1,1
2022-11-08,8cf627c9-5dd4-4215-8af9-1b034de1707c,20,20,40,36,11,47,56,31,87,1,9
2022-11-08,8d111370-4d1c-4b15-8bb6-6a299571b831,1,0,1,0,0,0,1,0,1,1,1
2022-11-08,8d3d5227-1711-46ec-a444-003b6ed489b6,32,29,61,2,0,2,34,29,63,1,8
2022-11-08,8d4d3884-46ab-4d5f-8224-3f35c83a9a23,39,56,95,11,9,20,50,65,115,1,7
2022-11-08,8d66569f-9535-48ef-ad48-e17dd96ef186,9,13,22,0,0,0,9,13,22,1,1
2022-11-08,8d98aa0e-b5bd-4643-9958-93c9951f4a31,28,19,47,2,2,4,30,21,51,1,2
2022-11-08,8dbea3f0-6c9f-47a1-9cb8-ba10d26e7a4b,2,1,3,2,0,2,4,1,5,1,2
2022-11-08,8ddf1be4-994e-4ca6-97f5-1181e0851fb3,0,0,0,6,1,7,6,1,7,1,1
2022-11-08,8df2f4f6-8e36-4cd8-bb6b-5504764b9a9b,24,17,41,48,2,50,72,19,91,1,10
2022-11-08,8e0834ed-945a-417a-935b-4bbc3cdce8e3,26,63,89,273,1,274,299,64,363,1,7
2022-11-08,8e31ff97-0c13-4c76-a4d5-18b35365fa5f,0,3,3,4,0,4,4,3,7,1,4
2022-11-08,8e57edc7-8a6c-4fd8-af31-7466a153f69b,4,1,5,0,0,0,4,1,5,1,3
2022-11-08,8e7253ec-034b-4bdf-97ef-f308b5b506a1,1,3,4,0,0,0,1,3,4,1,2
2022-11-08,8e91dee1-466a-4f9b-b87a-b9df92b9711d,8,6,14,2,1,3,10,7,17,1,2
2022-11-08,8ea29747-7d18-4b12-b8e6-f804f7a7d8dc,3,7,10,1,0,1,4,7,11,1,1
2022-11-08,8ebd82b4-bb06-4936-be2f-14b24d5ce586,17,15,32,76,5,81,93,20,113,1,7
2022-11-08,8ed2bf6e-1755-4c14-9c32-d9cdb31b1667,12,3,15,0,0,0,12,3,15,1,3
2022-11-08,8ef6f997-9c77-4d0e-a33f-f1a004066b9e,48,76,124,5,3,8,53,79,132,1,12
2022-11-08,8f0f9c07-1374-4378-ba61-c59e90603574,4,0,4,1,0,1,5,0,5,1,3
2022-11-08,8f1a493e-18a4-4cd4-a800-279584abcff7,3,5,8,0,0,0,3,5,8,1,2
2022-11-08,8f4b9f4c-7c25-4fe4-83b2-ac165ce8a27a,3,2,5,1,1,2,4,3,7,1,3
2022-11-08,8f82cc0b-e412-491f-b08a-cd3ea7069601,1,0,1,19,4,23,20,4,24,1,2
2022-11-08,8f992690-807e-4634-819a-1e55bb2b0a13,48,44,92,0,11,11,48,55,103,1,5
2022-11-08,8fbde6b3-a105-4244-a6eb-e790f6fe402e,7,2,9,0,0,0,7,2,9,1,5
2022-11-08,8fd0cb5b-4012-4a10-bb7d-a4f16c4eb69f,87,135,222,4,5,9,91,140,231,1,2
2022-11-08,9003c22d-b45c-4017-aaa2-3e0271c3f186,4,2,6,0,4,4,4,6,10,1,5
2022-11-08,90278c9e-ebb3-4641-a9fc-ed0fab3d6379,8,33,41,2,0,2,10,33,43,1,5
2022-11-08,905d8656-6b9e-49a6-8eb0-c3eb2cde7ccf,1,2,3,0,0,0,1,2,3,1,2
2022-11-08,90684dd6-162d-4cbd-a597-d67d280a21cd,11,16,27,0,3,3,11,19,30,1,2
2022-11-08,907e0f5a-a694-442f-929e-d72858e94773,6,5,11,0,0,0,6,5,11,1,4
2022-11-08,909ca156-92e8-42a0-afc4-55ca520072aa,4,0,4,51,0,51,55,0,55,1,3
2022-11-08,90abceb6-2438-45b8-8089-ce2275f1fe54,1,0,1,0,0,0,1,0,1,1,1
2022-11-08,90bcf5a4-6d7a-433c-941c-a9d040cf2c39,1,4,5,0,0,0,1,4,5,1,2
2022-11-08,90d96150-3db5-44be-89ee-f676e6b88b4a,252,252,504,196,130,326,448,382,830,1,12
2022-11-08,90f860c0-d904-4885-8425-0c52e7e67e55,1,0,1,0,0,0,1,0,1,1,1
2022-11-08,910b9e42-e7e4-46c7-bcee-4eb0a83a183c,2,2,4,0,0,0,2,2,4,1,1
2022-11-08,911db726-aa62-4418-ab72-cb048c46758b,0,1,1,0,0,0,0,1,1,1,1
2022-11-08,912ef01a-c965-406b-a7e8-a5e601cf92f5,1,0,1,2,0,2,3,0,3,1,3
2022-11-08,915533d1-cee3-40e8-b94b-1f8688912d60,82,125,207,4,3,7,86,128,214,1,5
2022-11-08,916a054c-2726-46e1-91ae-a98cd480d0c6,2,2,4,0,0,0,2,2,4,1,1
2022-11-08,917ef0e1-d270-4d59-b362-d0f15a6749df,33,34,67,30,30,60,63,64,127,1,9
2022-11-08,91b2b240-4599-403d-88be-3653373d2791,58,45,103,60,14,74,118,59,177,1,6
2022-11-08,91c9fefd-47fa-4813-bc24-a9e26115b8a8,32,31,63,3,0,3,35,31,66,1,5
2022-11-08,91e669b1-daf4-4065-8e89-dbe1af3bdf5b,8,7,15,348,100,448,356,107,463,1,3
2022-11-08,9203e474-8f1b-4701-a619-615ee0a154d0,0,0,0,18,0,18,18,0,18,1,1
2022-11-08,9229a5c1-79ea-4f14-ab12-8dbba0c42b5f,41,22,63,3,1,4,44,23,67,1,4
2022-11-08,9238ba7e-e1e8-449c-b83c-5b4d797f173a,3,3,6,11,8,19,14,11,25,1,2
2022-11-08,924ab767-e9fd-4cc7-9c60-c792037f9490,38,32,70,13,4,17,51,36,87,1,7
2022-11-08,9268997e-b845-4f1c-b7d1-b3e36211a934,83,81,164,1,2,3,84,83,167,1,3
2022-11-08,928ad87f-fcc3-4b1a-b398-c3ceb75d864e,4,10,14,0,0,0,4,10,14,1,2
2022-11-08,929c0b50-0928-4bb5-a3cf-4f1b659461c7,63,62,125,1,0,1,64,62,126,1,5
2022-11-08,92d2cfb1-ae5f-43d8-86a0-38ca16006755,1,2,3,0,0,0,1,2,3,1,1
2022-11-08,92f7b4f4-e64c-42d4-8c91-fb404bbd2ca5,1,3,4,1,1,2,2,4,6,1,3
2022-11-08,931fb637-3939-4b0f-b762-802992bd7afb,5,6,11,1,0,1,6,6,12,1,3
2022-11-08,934fd370-9569-4b67-9c8a-a70b0bf13d47,11,4,15,0,1,1,11,5,16,1,1
2022-11-08,9360ea2f-ac80-4116-99cc-3d9c4085f2d1,24,16,40,1,2,3,25,18,43,1,3
2022-11-08,9373925a-45a4-45c2-a5f5-03f169bd178a,24,12,36,17,8,25,41,20,61,1,2
2022-11-08,93a9001e-4808-4afa-a6b8-29fcdba37a8b,3,3,6,0,0,0,3,3,6,1,2
2022-11-08,93cb06a5-4cf8-49fe-a2fa-e47e8e335113,32,70,102,5,15,20,37,85,122,1,6
2022-11-08,93ebbcbd-b4c9-4543-812d-f3823cc2e7d7,0,1,1,1,2,3,1,3,4,1,2
2022-11-08,941fd68e-1800-49f8-8ebe-e0e3655d1bd5,6,4,10,0,0,0,6,4,10,1,1
2022-11-08,944a7741-1d7d-4061-af6a-87ff7ffc31fd,0,0,0,1,0,1,1,0,1,1,1
2022-11-08,945d470a-9a9b-45bb-a254-862f28ce9cbd,6,9,15,1,1,2,7,10,17,1,3
2022-11-08,94728364-db9a-43de-9052-9e65949eb05c,8,10,18,0,0,0,8,10,18,1,4
2022-11-08,94825046-640e-42ea-91a9-83d92e6877a3,0,1,1,0,0,0,0,1,1,1,1
2022-11-08,94b48153-df78-42f4-ac4d-79a14934ff1d,3,2,5,0,0,0,3,2,5,1,3
2022-11-08,94c51fdc-e60a-4143-a9fd-824220d9a7ff,4,5,9,12,7,19,16,12,28,1,5
2022-11-08,94cc512b-b8e0-49cd-b9ab-651b2026e32d,1,0,1,0,0,0,1,0,1,1,1
2022-11-08,94ef8ebf-7a38-4d92-a14d-edb82a8c70a9,22,17,39,5,11,16,27,28,55,1,6
2022-11-08,94fef54f-9ed6-48a8-a678-f505cf955b50,4,2,6,0,0,0,4,2,6,1,3
2022-11-08,95161421-37c4-402a-9acf-869bf2893dca,0,0,0,23,3,26,23,3,26,1,2
2022-11-08,9533ed76-96cd-4ab3-8480-099573d2e51a,97,81,178,1,5,6,98,86,184,1,6
2022-11-08,956f9398-a139-442e-a99a-06bb4b0936ab,77,67,144,10,6,16,87,73,160,1,10
2022-11-08,95877cfd-3f2e-41e1-8bc0-5ba5f470f1b4,4,6,10,1,0,1,5,6,11,1,2
2022-11-08,95a912ae-db42-47fd-b8c7-bfdef3ad9e07,1,1,2,0,0,0,1,1,2,1,1
2022-11-08,95bdf988-818b-4ec3-9567-d9c19a83d372,4,2,6,0,1,1,4,3,7,1,1
2022-11-08,961ff7f0-0da0-46af-9fc0-5c1aa12232bd,153,188,341,2,6,8,155,194,349,1,7
2022-11-08,963e6966-1921-4930-86e2-99dd6e2d7320,6,1,7,0,0,0,6,1,7,1,1
2022-11-08,965e25aa-ca8b-4319-894d-e6d60f659b30,44,52,96,131,0,131,175,52,227,1,9
2022-11-08,9682c998-7add-43eb-8a30-503b85b59731,5,0,5,0,0,0,5,0,5,1,3
2022-11-08,9689bea2-f72e-497b-bd33-bed60e308129,11,6,17,0,0,0,11,6,17,1,2
2022-11-08,96d45eae-8c87-414f-b676-fc5280d73307,6,3,9,1,0,1,7,3,10,1,2
2022-11-08,96f5313f-ea8d-49d8-87db-666e8d4cbaf6,31,23,54,60,32,92,91,55,146,1,9
2022-11-08,9703e8ff-0efe-4b21-8c16-8fc3519a68de,43,65,108,168,124,292,211,189,400,1,11
2022-11-08,9725a15c-061c-4d2a-9a45-f92a89006ad3,28,24,52,0,1,1,28,25,53,1,6
2022-11-08,9738f2ea-fb20-472d-9445-010aefb8b954,6,8,14,0,0,0,6,8,14,1,2
2022-11-08,9748efe5-9b68-4fe9-b7fd-014a737e6dba,21,37,58,14,2,16,35,39,74,1,7
2022-11-08,976566e2-a575-42b5-af79-ed3c50052864,0,2,2,0,0,0,0,2,2,1,1
2022-11-08,978b2a3a-800d-4f70-bcf7-fa05eaee49fc,5,8,13,0,0,0,5,8,13,1,3
2022-11-08,97a3865b-bd6e-44ed-949b-a31cf16cefb0,8,9,17,0,0,0,8,9,17,1,2
2022-11-08,97df4122-fa05-4a4b-a748-d5fc0ab4e5ca,46,47,93,15,4,19,61,51,112,1,13
2022-11-08,980f4013-78f6-48eb-9636-0f5e5bf28f13,1,0,1,7,2,9,8,2,10,1,4
2022-11-08,983f3f88-c3e9-460f-a46b-6bfa9b18b790,63,74,137,8,9,17,71,83,154,1,7
2022-11-08,988adb37-25df-4cbd-b10b-86b628965520,6,11,17,2,0,2,8,11,19,1,7
2022-11-08,98b9ca04-cb62-40fd-b0c8-437829e4f1ef,45,62,107,2,9,11,47,71,118,1,10
2022-11-08,98c44d92-77f0-4351-b53d-49c59e23d65c,4,4,8,0,0,0,4,4,8,1,3
2022-11-08,98e048b4-81bd-45d3-8ecf-6ed3fb98600c,35,85,120,1,2,3,36,87,123,1,10
2022-11-08,98e9db83-0581-40c0-a7b4-7c136881867f,4,0,4,0,0,0,4,0,4,1,3
2022-11-08,98f6a287-2e38-4e16-9e04-1e6596122ae0,3,1,4,0,0,0,3,1,4,1,2
2022-11-08,9928d0b6-c725-43eb-a428-0c0bdf1b8856,7,24,31,0,0,0,7,24,31,1,4
2022-11-08,99549e49-a612-4cc6-a728-b9bd52b09e84,6,9,15,2,1,3,8,10,18,1,2
2022-11-08,99753846-7902-4058-82f6-2aaaf319ad05,3,1,4,4,0,4,7,1,8,1,6
2022-11-08,99a29a4a-39d5-4523-9741-f3f423c1777d,5,8,13,1,0,1,6,8,14,1,3
2022-11-08,99cff231-c973-486c-b59e-8fa7ccafec18,5,1,6,0,0,0,5,1,6,1,3
2022-11-08,99eee6f9-5613-4dba-87be-b2768ff85dd7,4,5,9,0,0,0,4,5,9,1,2
2022-11-08,9a113eb9-aae0-4624-8556-69e57aa50218,23,12,35,21,13,34,44,25,69,1,9
2022-11-08,9a3b8e43-7989-4d12-b78f-d6ef69f716be,10,6,16,0,0,0,10,6,16,1,3
2022-11-08,9a5b40ca-a7cf-4bbb-aee0-a6a935a9c74d,15,23,38,0,0,0,15,23,38,1,3
2022-11-08,9a80f19c-f858-4c6d-bc28-6047337fd729,3,4,7,0,1,1,3,5,8,1,2
2022-11-08,9a9d948d-bca3-44e2-932d-cdbd80bdf4c8,3,7,10,11,0,11,14,7,21,1,5
2022-11-08,9ace4f3f-0bec-45c3-87c0-fe4e20c2d8ee,53,79,132,0,5,5,53,84,137,1,9
2022-11-08,9ae88c21-2bf6-417d-ac87-f74c64f3c8b0,1,0,1,1,0,1,2,0,2,1,2
2022-11-08,9b026963-51e7-4aa8-9167-f89caa3c7a72,3,3,6,3,3,6,6,6,12,1,4
2022-11-08,9b14ec04-eaaa-4199-9927-a4cf8627184b,32,66,98,5,8,13,37,74,111,1,11
2022-11-08,9b1d9299-0a96-4e54-8f49-d9ccb6794529,28,41,69,6,10,16,34,51,85,1,5
2022-11-08,9b432de4-9e34-423d-8ed9-a5ae139d48da,1,0,1,0,0,0,1,0,1,1,1
2022-11-08,9b69c98f-ec8e-441d-aede-f977b966e01f,2,3,5,5,12,17,7,15,22,1,6
2022-11-08,9b758f0f-44f3-4c33-8911-296f52a88746,288,270,558,2,2,4,290,272,562,1,4
2022-11-08,9b7ee6d3-14a7-4aac-9c32-1ffebd2ed5c7,117,103,220,2,1,3,119,104,223,1,7
2022-11-08,9b8e4505-ebcc-4b16-b23c-eaeae0cdba2d,40,45,85,3,1,4,43,46,89,1,5
2022-11-08,9ba7439f-53e9-4312-a382-ffdd4563cdd2,6,7,13,3,1,4,9,8,17,1,5
2022-11-08,9bbdf6b5-27da-4ea5-890a-070b5772834a,1,1,2,0,0,0,1,1,2,1,1
2022-11-08,9bf1aec7-cbea-42ef-8a6a-2a6fb38ea124,97,157,254,2,11,13,99,168,267,1,5
2022-11-08,9c2a4aef-8ba1-4912-833b-848e61535014,6,6,12,1,1,2,7,7,14,1,3
2022-11-08,9c4af763-c0d3-4861-9f9a-f012ae8529c9,10,14,24,0,0,0,10,14,24,1,5
2022-11-08,9c75c97c-528f-4f36-bf0b-5b09f90d9de0,0,2,2,0,0,0,0,2,2,1,1
2022-11-08,9c8cebab-ab66-48d0-87c1-2e71f26fe46b,2,0,2,1,0,1,3,0,3,1,2
2022-11-08,9cd321f9-b250-43e7-a05b-42cc5e41212e,1,1,2,0,0,0,1,1,2,1,2
2022-11-08,9cf54778-a856-40c2-aae8-27bce6c1ba5b,0,0,0,11,13,24,11,13,24,1,2
2022-11-08,9d0feb2a-375e-41b2-8d66-3fa88ee5830b,9,7,16,6,2,8,15,9,24,1,4
2022-11-08,9d3b59c5-cd3a-4690-a7ee-8024ee18196e,2,5,7,0,0,0,2,5,7,1,2
2022-11-08,9d529801-e7d1-4f99-a3d7-7d049c18d212,1,2,3,0,0,0,1,2,3,1,2
2022-11-08,9d5b2e9f-8b45-4e3f-87d0-1f22aa37c6aa,111,126,237,1,0,1,112,126,238,1,6
2022-11-08,9d82ba08-9748-43ca-aa23-bb9a3444ba4f,30,38,68,0,0,0,30,38,68,1,7
2022-11-08,9da0afac-90fe-43a1-9591-baf90f7c45b7,62,79,141,12,3,15,74,82,156,1,4
2022-11-08,9dc281c5-c6f4-4370-97b5-a682711cbb24,2,0,2,1,0,1,3,0,3,1,3
2022-11-08,9df51a81-a264-4d7c-9433-09a90c7a0029,15,8,23,0,0,0,15,8,23,1,4
2022-11-08,9e00aa5d-8df6-453c-9207-ff19dcf794bd,1,0,1,0,0,0,1,0,1,1,1
2022-11-08,9e20a008-c5f1-48e3-a971-d21ef4d5e34e,11,12,23,0,0,0,11,12,23,1,3
2022-11-08,9e4dfa28-b22f-4aff-816f-b449ac6b3d49,4,0,4,0,0,0,4,0,4,1,3
2022-11-08,9e779fb4-7ff7-414c-a0aa-f753c8bd65df,1,0,1,2,0,2,3,0,3,1,3
2022-11-08,9e9b72d7-f3c0-408d-9a4e-fcf76e6604e0,8,9,17,41,12,53,49,21,70,1,5
2022-11-08,9eb80265-f7b3-4207-bcec-cfd04bbf99a5,0,0,0,1,0,1,1,0,1,1,1
2022-11-08,9ed5ed0c-7df3-4a6e-b6a8-dddbe95c6092,13,13,26,1,0,1,14,13,27,1,4
2022-11-08,9ef8b4d2-92c9-47a1-a17b-aa93749ab4f9,2,0,2,0,0,0,2,0,2,1,2
2022-11-08,9f0fe005-e48b-46f3-9868-2557f236163c,7,8,15,0,0,0,7,8,15,1,1
2022-11-08,9f228553-9a4f-49df-b85c-4dbbcc83d26c,0,2,2,0,2,2,0,4,4,1,1
2022-11-08,9f353077-0e4e-496f-9f6b-f627082a9e2b,3,5,8,0,0,0,3,5,8,1,3
2022-11-08,9f429bcd-ed83-4a31-af14-64a4e9844044,6,3,9,16,0,16,22,3,25,1,4
2022-11-08,9f7dd880-9d7d-4b87-bb76-4b44232964b8,139,161,300,11,10,21,150,171,321,1,12
2022-11-08,9f9424a3-8a1d-4b2a-9b69-617e4453aa2a,3,3,6,0,0,0,3,3,6,1,3
2022-11-08,9fb23b25-6ae9-41bc-8224-3ecd95692f5a,1,2,3,1,0,1,2,2,4,1,2
2022-11-08,9fcadca5-f56e-45ec-b942-76564a2e2b5e,33,35,68,4,7,11,37,42,79,1,6
2022-11-08,a0071ce4-1183-43c4-9e06-227d5809edfa,7,1,8,1,2,3,8,3,11,1,4
2022-11-08,a01881e8-4916-4aa6-93d3-84e75b638a3d,38,33,71,0,0,0,38,33,71,1,11
2022-11-08,a035bc5c-55d7-4694-9d33-2647b2e077b2,3,29,32,0,1,1,3,30,33,1,5
2022-11-08,a048d9ba-ac64-43cb-a9b1-a10dada07975,30,37,67,45,4,49,75,41,116,1,8
2022-11-08,a0935000-7c82-416e-bd03-92276faffcda,2,0,2,1,0,1,3,0,3,1,3
2022-11-08,a0d84490-c770-4456-b83d-e45cd16bc991,33,28,61,4,0,4,37,28,65,1,3
2022-11-08,a0e6c77a-15ff-4345-a1d5-4fff1cdf11e1,97,116,213,4,5,9,101,121,222,1,9
2022-11-08,a114d7f7-5854-4b5b-b84e-618abc326a3d,0,4,4,4,0,4,4,4,8,1,6
2022-11-08,a13c2759-3265-4715-9633-a703c7045139,2,0,2,0,0,0,2,0,2,1,1
2022-11-08,a1679fa7-38b6-4e13-8fc0-9f4f68ca2cc0,83,96,179,4,3,7,87,99,186,1,2
2022-11-08,a170d32b-e482-44b8-a8e4-17721a63abd8,1,0,1,11,2,13,12,2,14,1,2
2022-11-08,a186ce36-f84e-4301-a8ce-973fd11a701a,2,1,3,0,0,0,2,1,3,1,1
2022-11-08,a1ce0287-c3ef-4827-995b-66eafab35d34,15,31,46,8,6,14,23,37,60,1,11
2022-11-08,a1fd232b-e6b9-4524-ab22-43024a428e3c,56,65,121,1,0,1,57,65,122,1,11
2022-11-08,a21b231d-2819-4306-9f1f-25c2e6217eca,18,18,36,1,0,1,19,18,37,1,4
2022-11-08,a251e375-f09f-4cc8-8cdf-b9429d7d2dad,0,0,0,46,2,48,46,2,48,1,2
2022-11-08,a268a54e-1747-4936-9a4c-2645f77ab375,1,0,1,12,5,17,13,5,18,1,3
2022-11-08,a282d6f6-3f1c-40a2-b75a-84c9022413fa,24,27,51,7,1,8,31,28,59,1,8
2022-11-08,a2c04b4d-1f97-4fe5-a716-63114bbefb38,3,5,8,0,0,0,3,5,8,1,3
2022-11-08,a2d74e91-adc5-4fba-906d-deaf071eb919,167,141,308,3,2,5,170,143,313,1,5
2022-11-08,a2f2486f-f43b-4648-8cd8-0cd0010ffb69,196,133,329,0,3,3,196,136,332,1,4
2022-11-08,a30b6cf3-6b32-4fef-812c-b6b196c7e70d,73,52,125,2,1,3,75,53,128,1,2
2022-11-08,a32fd4b0-076e-4340-9179-377e5873ceed,2,2,4,0,0,0,2,2,4,1,2
2022-11-08,a368ff60-9f9d-408e-99f9-f1af71cb5c69,115,151,266,0,0,0,115,151,266,1,5
2022-11-08,a388339b-54b2-486f-accf-7e6522b625e5,4,5,9,3,4,7,7,9,16,1,5
2022-11-08,a399e13c-02d1-40d1-9279-6e453beedfbb,33,32,65,0,1,1,33,33,66,1,3
2022-11-08,a3b8b1f0-2a19-4824-832a-c0c19b964f04,5,9,14,0,0,0,5,9,14,1,1
2022-11-08,a3e64ee0-d8a3-4d27-99a9-f3526abd640b,11,146,157,26,2,28,37,148,185,1,7
2022-11-08,a3f93f85-174e-42c2-aef4-05fa87b5d9df,15,14,29,0,6,6,15,20,35,1,3
2022-11-08,a4220cb9-759f-4560-b361-6e079a6a2d93,13,15,28,45,8,53,58,23,81,1,8
2022-11-08,a43b1c9c-5486-430d-b23d-3931d90d86c8,30,24,54,0,0,0,30,24,54,1,7
2022-11-08,a473446f-3347-471b-a70a-0e8edfb3751d,10,10,20,4,0,4,14,10,24,1,8
2022-11-08,a4800a54-abab-4585-ad11-dcaa11632abd,14,12,26,1,3,4,15,15,30,1,3
2022-11-08,a4a660d0-1df4-42ed-852f-64820ae994d8,5,1,6,1,0,1,6,1,7,1,2
2022-11-08,a4d6250e-05b3-42af-8c5f-fb15a9185ada,1,1,2,4,1,5,5,2,7,1,2
2022-11-08,a4efeead-4267-4d91-88f5-4020ce8193f9,12,6,18,0,0,0,12,6,18,1,2
2022-11-08,a50d17fc-b15f-4666-b5c8-caae1d20c96d,4,4,8,0,0,0,4,4,8,1,1
2022-11-08,a536cd60-55cd-4ff7-8c2d-a65e6c0b48ae,0,1,1,0,0,0,0,1,1,1,1
2022-11-08,a55358e4-0888-4a19-98ea-2ca32477cbf8,23,32,55,0,0,0,23,32,55,1,3
2022-11-08,a5898230-179a-48b6-9346-466b8b15e38f,27,33,60,2,1,3,29,34,63,1,2
2022-11-08,a5c3b795-856c-4591-abc0-40a1ed8499ee,29,20,49,5,1,6,34,21,55,1,4
2022-11-08,a5e2e0c7-5a46-4927-992c-98b1f9dbe210,11,29,40,3,4,7,14,33,47,1,4
2022-11-08,a6078cdc-5bd1-4e1b-84ee-6ff6650baeef,5,17,22,0,0,0,5,17,22,1,3
2022-11-08,a613a3d7-1c78-45fb-820f-9dabce85f177,12,15,27,0,0,0,12,15,27,1,3
2022-11-08,a6461b98-8aa7-43ab-87d6-e088b613ce4b,39,54,93,18,7,25,57,61,118,1,10
2022-11-08,a6695788-4da9-4a04-8b84-00e2c8f15545,46,65,111,148,80,228,194,145,339,1,10
2022-11-08,a697a6e0-e793-4178-939a-40af86c6280b,41,64,105,1,2,3,42,66,108,1,6
2022-11-08,a6af90b3-6dc8-49de-b73a-177e128e1b1f,37,31,68,0,1,1,37,32,69,1,6
2022-11-08,a6c2d795-6f65-456d-80b0-f1a429adfd98,48,60,108,108,55,163,156,115,271,1,7
2022-11-08,a6e66d6b-8b53-4c5f-8b78-e058dcce846b,136,178,314,8,7,15,144,185,329,1,4
2022-11-08,a70736d3-3023-4934-986c-700b18340465,8,7,15,1,0,1,9,7,16,1,3
2022-11-08,a7221d6c-47e9-4c2c-9eaf-09980443186a,7,7,14,0,1,1,7,8,15,1,3
2022-11-08,a74eeb99-75c3-491b-b1ea-3c5f5118a697,7,6,13,7,6,13,14,12,26,1,2
2022-11-08,a769f963-d8bb-446d-9d4f-2fee77b38777,13,13,26,0,0,0,13,13,26,1,5
2022-11-08,a7875a15-f7e8-4862-a123-5c66ef551563,81,72,153,3,2,5,84,74,158,1,8
2022-11-08,a7a43bd8-1563-49f5-b908-1bccef3ce2e7,1,3,4,0,0,0,1,3,4,1,2
2022-11-08,a7c0779d-5d70-419d-835c-dd404de743d0,1,0,1,0,0,0,1,0,1,1,1
2022-11-08,a7c44a54-3dbe-4f44-9989-e58413c493ed,1,0,1,13,1,14,14,1,15,1,2
2022-11-08,a7e60fd0-4935-485f-8ddb-c2b44d9f27aa,1,0,1,0,0,0,1,0,1,1,1
2022-11-08,a7fa9010-f2ed-43bb-9ee6-09d0e4745b99,11,4,15,2,0,2,13,4,17,1,5
2022-11-08,a829d4fd-eab8-4c65-8400-dd53e785a262,6,6,12,0,0,0,6,6,12,1,2
2022-11-08,a84ec680-04ad-457c-82a6-e95aaa1f6548,0,0,0,0,2,2,0,2,2,1,1
2022-11-08,a88047ba-f918-4955-9783-dcc80ec6a208,21,29,50,13,6,19,34,35,69,1,3
2022-11-08,a8999833-1c5d-4a0a-871c-78e5c9f10fdb,31,46,77,5,2,7,36,48,84,1,5
2022-11-08,a8d45bcc-6311-449e-8bb3-1af8d644daa3,12,11,23,0,0,0,12,11,23,1,2
2022-11-08,a8e9d9fd-5e08-41cf-b51a-92671331995b,7,1,8,0,0,0,7,1,8,1,2
2022-11-08,a90ccd64-e751-409e-b49b-be4c9505b7e3,126,125,251,4,2,6,130,127,257,1,11
2022-11-08,a9259eb9-46fa-40ff-a13f-4cf9f89ae5a9,0,1,1,1,0,1,1,1,2,1,2
2022-11-08,a93a7eb0-ddf3-4afc-9ad9-9b981defb81b,4,2,6,0,0,0,4,2,6,1,1
2022-11-08,a94e3ae4-794a-4f85-9f26-7ad51273235d,2,2,4,0,0,0,2,2,4,1,1
2022-11-08,a95ab5f4-36a8-4e28-bf57-fcda20de34c5,4,0,4,0,0,0,4,0,4,1,3
2022-11-08,a97c2b2a-4a0c-4dd0-94d6-41ff3ae46f56,30,43,73,16,4,20,46,47,93,1,12
2022-11-08,a999969c-90be-4952-a5d5-14f617c8449f,87,83,170,1,4,5,88,87,175,1,10
2022-11-08,a9c00a88-d074-46ce-940b-ff407db783d4,0,1,1,0,0,0,0,1,1,1,1
2022-11-08,a9d94a33-e97c-4ecb-affc-4e1a716bb853,6,2,8,2,0,2,8,2,10,1,5
2022-11-08,a9fab1bd-2e9c-465d-943e-09def633ae98,9,11,20,47,15,62,56,26,82,1,7
2022-11-08,aa239bc7-e2d8-4ad9-827c-3821d845b74e,31,35,66,5,4,9,36,39,75,1,5
2022-11-08,aa3956b4-9817-424e-8103-8172cf5bd96d,5,8,13,188,2,190,193,10,203,1,13
2022-11-08,aa7220fe-d80c-49b7-9101-fd07f4ef4287,37,35,72,1,0,1,38,35,73,1,6
2022-11-08,aa88625d-257c-4671-aaa8-4161a7b00f58,8,16,24,1,0,1,9,16,25,1,5
2022-11-08,aa99c188-973c-4137-a6a2-7be28e593f22,2,0,2,260,12,272,262,12,274,1,3
2022-11-08,aab14ddc-8b99-4248-883b-45fef210fcf9,10,6,16,50,38,88,60,44,104,1,3
2022-11-08,aacbc2c9-b371-4a60-bbd3-4d7b6667ce75,16,21,37,0,0,0,16,21,37,1,2
2022-11-08,ab0054c0-bd2f-4826-a2ed-d5d07c61a56e,21,23,44,2,0,2,23,23,46,1,1
2022-11-08,ab2070bc-79ef-4f70-be52-6790804c4ccb,10,11,21,0,0,0,10,11,21,1,2
2022-11-08,ab45f401-bde7-4108-96d3-970e15ffd03a,45,42,87,0,0,0,45,42,87,1,2
2022-11-08,ab68bb3f-4b5e-4684-9a46-7dbad950eb71,170,124,294,19,2,21,189,126,315,1,3
2022-11-08,ab742902-2f4a-404b-b897-963d55b58e5c,65,76,141,83,39,122,148,115,263,1,11
2022-11-08,ab8dbd50-8b10-4631-9b1c-d249b307cf66,29,32,61,10,7,17,39,39,78,1,5
2022-11-08,abb12161-7d4c-40d7-8b25-a2d81ecc6bf2,55,63,118,6,1,7,61,64,125,1,8
2022-11-08,abcdfc9a-db65-434b-8914-6b22991f1381,1,0,1,0,0,0,1,0,1,1,1
2022-11-08,abed46be-91dd-4221-9200-eeaddb739361,9,8,17,1,0,1,10,8,18,1,4
2022-11-08,ac0d1efb-19ff-4826-9ab8-20899096c602,52,52,104,12,8,20,64,60,124,1,7
2022-11-08,ac32db59-2da4-4afc-a7cc-5760648af98e,33,27,60,0,0,0,33,27,60,1,4
2022-11-08,ac64d271-928a-4fde-8c7a-689a7f60bf56,16,35,51,1,0,1,17,35,52,1,3
2022-11-08,ac7e8a30-8e4d-4458-8340-521083520148,34,10,44,0,0,0,34,10,44,1,2
2022-11-08,ac93c013-c451-4f21-b25d-fb6d47ca6eaa,0,0,0,1,0,1,1,0,1,1,1
2022-11-08,aca54aa8-78aa-42df-8c1c-591667899889,2,0,2,0,0,0,2,0,2,1,2
2022-11-08,acc341c0-9d12-412f-b6de-17cdc23fc4dc,25,28,53,3,1,4,28,29,57,1,6
2022-11-08,acd7ff3c-217d-452d-b862-8ffb6ac7cf2f,0,1,1,5,6,11,5,7,12,1,3
2022-11-08,aced35a2-653c-4448-b300-0d3eb21f3d31,36,43,79,22,1,23,58,44,102,1,7
2022-11-08,ad04e8f2-1fec-4f28-a33b-71fa83a025f0,5,13,18,0,1,1,5,14,19,1,4
2022-11-08,ad1a2dbe-d5de-4e9b-b227-ecd6a97cd0d5,3,0,3,3,0,3,6,0,6,1,3
2022-11-08,ad495d62-d6d4-4a7a-9510-7d44a52da684,41,68,109,2,0,2,43,68,111,1,4
2022-11-08,ad643284-a1bb-4932-9dd3-3ad31585aee3,27,54,81,0,1,1,27,55,82,1,2
2022-11-08,ad7b2c0a-dbf3-4dcf-9d65-d237c4ae425a,26,11,37,0,7,7,26,18,44,1,3
2021-02-07,aefd6833-8a1b-4ebf-91ab-eb6379d9fa47,1,0,1,0,0,0,1,0,1,1,1
2021-02-07,b1008a3c-9849-4e05-a92e-a1e9eff78fa3,1,0,1,0,0,0,1,0,1,1,1
2021-02-07,b21f625c-cbd4-4110-b0c2-f1cd315fc724,7,5,12,0,0,0,7,5,12,1,2
2021-02-07,b2e5dd39-ec63-4e09-833a-e2b2b5cc1930,1,5,6,0,0,0,1,5,6,1,3
2021-02-07,b3f2409f-24a6-45ab-b52d-8228dcbe6c51,4,0,4,0,0,0,4,0,4,1,1
2021-02-07,b5d0ba08-7bce-4f13-9512-8441fa86f64f,4,1,5,0,0,0,4,1,5,1,3
2021-02-07,b780f5a9-cca0-4f45-8365-4b2b3683a567,27,37,64,0,0,0,27,37,64,1,11
2021-02-07,b8c92115-76d0-46ac-9dfe-6056fa2b75ab,9,10,19,1,0,1,10,10,20,1,3
2021-02-07,b9d25b95-cb55-4c49-8a0b-f50c4869bcac,10,3,13,2,0,2,12,3,15,1,1
2021-02-07,ba45134b-8f42-4bac-bb19-e4911b357075,6,25,31,0,0,0,6,25,31,1,3
2021-02-07,bb92217f-8f8f-48d2-91e6-350c8006a153,0,4,4,0,0,0,0,4,4,1,2
2021-02-07,bccc3bb2-1f43-4cc8-9977-6395c6fe360d,7,10,17,0,0,0,7,10,17,1,3
2021-02-07,bdc29ce3-f5f9-43f2-8aab-be61a77fa3df,2,6,8,0,0,0,2,6,8,1,1
2021-02-07,bfde7f4f-0182-4352-8044-d14db9456bd1,2,9,11,0,0,0,2,9,11,1,2
2021-02-07,c105f24d-31be-4192-9923-130ddf16706d,5,11,16,0,0,0,5,11,16,1,4
2021-02-07,c282c858-cd76-4615-9022-734f12dc0dc5,5,0,5,0,0,0,5,0,5,1,4
2021-02-07,c2f2a016-14b8-4ce9-9c7a-c26d9dab2262,7,11,18,0,0,0,7,11,18,1,4
2021-02-07,c3a4b4d6-861f-4616-9ba9-02ad4a7367fa,18,35,53,1,2,3,19,37,56,1,4
2021-02-07,c4759fbd-5c88-4654-b527-01a2d446b8e0,5,8,13,0,1,1,5,9,14,1,3
2021-02-07,c6c22615-09e1-48ef-95f5-b2d0ddc7d648,1,0,1,1,0,1,2,0,2,1,2
2021-02-07,c7ffe6a3-b654-4e6f-b6d9-f66febb9057a,15,15,30,2,0,2,17,15,32,1,2
2021-02-07,c911b511-21cd-490e-888d-bd71ee15eb19,10,16,26,0,0,0,10,16,26,1,3
2021-02-07,c9887d71-3423-4fa8-8545-16c6e102e746,3,2,5,0,0,0,3,2,5,1,3
2021-02-07,ca7f4b26-42e4-4c81-8f55-f1bebb8ca4eb,0,0,0,2,0,2,2,0,2,1,1
2021-02-07,cc23403f-4f0d-4d4e-bf29-fdcf9f2080a5,0,0,0,1,1,2,1,1,2,1,1
2021-02-07,cd98a7b5-8161-4190-a1a9-6f8e973a4993,5,1,6,0,0,0,5,1,6,1,3
2021-02-07,ced34a3f-d1ac-428c-86a7-1bf1c68a3ebe,4,10,14,0,0,0,4,10,14,1,3
2021-02-07,d0987ae0-7034-4773-9706-c5f8c503b596,0,1,1,0,0,0,0,1,1,1,1
2021-02-07,d1e113bb-0047-4e4b-9881-485d553e5a5c,11,15,26,0,0,0,11,15,26,1,3
2021-02-07,d2fb7edc-d132-4dac-9b8c-fd8337f75368,1,0,1,0,0,0,1,0,1,1,1
2021-02-07,d52e7ea8-466b-4e0d-a91a-68ab19b879db,13,11,24,1,0,1,14,11,25,1,2
2021-02-07,d63875ce-321d-405c-a5fc-2429eeb3f63a,0,1,1,0,0,0,0,1,1,1,1
2021-02-07,d885419d-439d-4a71-9941-9d90ff5c33d3,1,0,1,0,0,0,1,0,1,1,1
2021-02-07,d97ea465-9031-46cd-8bc4-707435096bc6,4,0,4,0,0,0,4,0,4,1,2
2021-02-07,dba0d55a-ceb7-4d98-a2b2-38773c28ccca,4,8,12,4,0,4,8,8,16,1,3
2021-02-07,dd09541b-82e4-4fcf-ba8a-2498d53a8c52,2,1,3,0,0,0,2,1,3,1,3
2021-02-07,de25b345-adf7-433f-887c-9f62eb09fdc8,4,7,11,2,0,2,6,7,13,1,3
2021-02-07,df95111c-3343-43b7-9a11-914e09860fb3,22,28,50,0,0,0,22,28,50,1,6
2021-02-07,e14a35bb-2d71-472b-89ec-e8950df494ae,1,1,2,0,1,1,1,2,3,1,1
2021-02-07,e1e56b99-43d3-4cd7-8a09-5435013a4705,12,13,25,0,0,0,12,13,25,1,4
2021-02-07,e2b8495e-7273-4f59-9a4a-b84d48cff6e3,11,14,25,0,0,0,11,14,25,1,2
2021-02-07,e39f5546-f82b-4687-b62d-83a62e091f24,29,33,62,0,0,0,29,33,62,1,3
2021-02-07,e419bae4-cf04-4847-9e92-2e7af36db14a,15,38,53,0,0,0,15,38,53,1,2
2021-02-07,e50be48f-8864-4e0f-9116-6aaf27ad7c9f,24,25,49,0,0,0,24,25,49,1,2
2021-02-07,e576855b-0367-4792-94ec-8dd32a8693de,54,71,125,3,0,3,57,71,128,1,16
2021-02-07,e680dd6f-76e8-4de3-b168-f4167f374642,18,18,36,1,0,1,19,18,37,1,5
2021-02-07,e779d921-b344-4dd4-81bf-77ea43aae7ea,7,12,19,0,0,0,7,12,19,1,3
2021-02-07,e7fb7594-3a45-4f49-9aa5-e15a69ee85aa,1,0,1,0,0,0,1,0,1,1,1
2021-02-07,e968a0b5-e352-4519-9eaa-d4bba3643232,8,17,25,0,0,0,8,17,25,1,3
2021-02-07,ec55ea02-099a-43fe-8da8-f8a6a2c50bad,3,1,4,0,0,0,3,1,4,1,1
2021-02-07,ee3e8a4a-265b-47fa-b2d8-35f6f950bd59,0,0,0,1,0,1,1,0,1,1,1
2021-02-07,ef21ce4f-5fea-4f5c-bbc0-863ad96fda44,5,0,5,18,0,18,23,0,23,1,4
2021-02-07,f02ce182-ea18-4401-b3a8-00f769d35e87,1,0,1,0,0,0,1,0,1,1,1
2021-02-07,f0fe2e5d-f019-4c46-a51a-4ef37a6909de,40,32,72,0,0,0,40,32,72,1,1
2021-02-07,f174cbff-b228-4318-ac6f-d78bd2dee360,10,10,20,1,0,1,11,10,21,1,2
2021-02-07,f356d03d-1c21-4281-b450-fdc9bd54de02,5,7,12,0,0,0,5,7,12,1,2
2021-02-07,f46cba73-8ccf-4a93-9dce-06224df489fe,8,12,20,0,0,0,8,12,20,1,3
2021-02-07,f688d40b-f044-4ea9-8ff3-26be6e3293ce,3,4,7,0,0,0,3,4,7,1,3
2021-02-07,f7ba7c85-2466-4209-b54f-fca07097f3d7,6,7,13,0,0,0,6,7,13,1,1
2021-02-07,f8fb1a99-0de8-4d04-9e78-d2d034cfd43d,10,12,22,0,0,0,10,12,22,1,3
2021-02-07,fa1295c1-d491-4741-ba67-72ec7ec8babf,11,11,22,0,0,0,11,11,22,1,2
2021-02-07,fc3c3d66-1804-4924-ae85-ab2cf2d330c1,4,6,10,0,0,0,4,6,10,1,2
2021-02-07,fe0bd43d-8bcb-47a5-a3c5-7275ba12c441,3,3,6,0,0,0,3,3,6,1,2
2021-02-07,fedc6d96-ab17-41ef-abc1-66caf32ba832,1,0,1,0,0,0,1,0,1,1,1
2021-09-17,0012e448-ebb2-4fd8-a533-08a7e4ac0701,2,2,4,10,0,10,12,2,14,1,4
2021-09-17,012ad89b-7ede-4c3b-8739-4c143c65c347,1,3,4,1,0,1,2,3,5,1,5
2021-09-17,0170ecf7-f8d7-4786-b47f-109e889598e6,10,10,20,0,0,0,10,10,20,1,4
2021-09-17,01f77c76-89db-4574-9ee1-ae82b2bd6214,109,156,265,7,2,9,116,158,274,1,9
2021-09-17,021d108c-b7db-405e-9206-7e8110e2b66f,21,12,33,0,0,0,21,12,33,1,7
2021-09-17,02531003-53e9-44c7-aff2-b7a2db42e8af,15,16,31,0,0,0,15,16,31,1,3
2021-09-17,028d251e-5d88-4ef8-8850-e2a185126299,2,1,3,0,0,0,2,1,3,1,3
2021-09-17,02d6ad3f-bc5c-4315-b2ea-78c03ae03269,3,20,23,3,1,4,6,21,27,1,5
2021-09-17,044e9a32-4b1e-4161-b098-d8204904743e,1,1,2,0,0,0,1,1,2,1,1
2021-09-17,047afc94-fb76-4c4a-83b3-848beeae2594,2,4,6,0,0,0,2,4,6,1,2
2021-09-17,05084b85-0f22-4bb6-b9c6-7135b6afb78a,103,132,235,6,1,7,109,133,242,1,5
2021-09-17,056ea214-29fc-438c-aff3-21774a2255e1,1,1,2,0,0,0,1,1,2,1,1
2021-09-17,05a51ebf-a246-4fa1-9d21-226630005598,3,0,3,0,0,0,3,0,3,1,1
2021-09-17,062c47fa-f94a-46fe-bdbc-655da4b4af66,21,18,39,0,0,0,21,18,39,1,7
2021-09-17,0655d85d-8e9f-4d35-a7c0-d9e5f631b6d7,11,13,24,5,1,6,16,14,30,1,4
2021-09-17,06783774-1d8e-4fed-b727-a0bdf779f92b,87,88,175,6,3,9,93,91,184,1,2
2021-09-17,06b960ca-44f7-4585-a6e3-15ad3f64ad55,12,19,31,0,0,0,12,19,31,1,2
2021-09-17,074c7d3c-e1d2-49ee-a394-3e000413d8d6,3,0,3,0,0,0,3,0,3,1,2
2021-09-17,077c7de0-b5d8-42c2-807e-19bc2c020844,19,19,38,1,0,1,20,19,39,1,3
2021-09-17,084e9931-c5fa-4426-860d-5423d1f16098,13,18,31,1,0,1,14,18,32,1,1
2021-09-17,08b7cfac-9d34-4adb-9f97-f0ba73d1fe3d,7,4,11,0,0,0,7,4,11,1,4
2021-09-17,08ff4761-c4bc-4f2c-be7d-2f89996ebca7,1,0,1,0,0,0,1,0,1,1,1
2021-09-17,0974e6b6-72e6-440d-b3ed-9277527125c6,1,0,1,0,0,0,1,0,1,1,1
2021-09-17,09abf9ac-ec1c-4181-9e32-e5c89c0cbac8,0,4,4,0,0,0,0,4,4,1,4
2021-09-17,09d8b3ce-d508-4645-9f3d-435da632a0e5,0,3,3,1,0,1,1,3,4,1,3
2021-09-17,0a2a2aa0-c2bd-4d19-bc5c-be153199b8ea,1,4,5,0,0,0,1,4,5,1,3
2021-09-17,0a4b8aae-21c8-42f6-a2f9-d6e08788eff8,1,0,1,0,0,0,1,0,1,1,1
2021-09-17,0a8c7a85-1d48-4a9c-94de-1af4cf2a4e04,1,1,2,0,0,0,1,1,2,1,1
2022-11-08,ad894f30-1522-47f1-8bcf-f13a8636101e,1,4,5,0,0,0,1,4,5,1,2
2022-11-08,adae5efc-8afe-4f3c-bbc2-a18defd0f7c7,3,2,5,0,0,0,3,2,5,1,1
2022-11-08,ade3eb9c-c1d3-4f51-a1bd-464c2bb9e458,21,22,43,0,2,2,21,24,45,1,4
2022-11-08,adfbb043-2b9f-47c3-912e-d5f8bd0ffe8d,0,1,1,0,3,3,0,4,4,1,4
2022-11-08,ae11016a-bdf3-47ae-9f98-b9c9c10f40ae,29,22,51,4,0,4,33,22,55,1,2
2022-11-08,ae31de9f-04ed-4cc4-899a-3e5f7855fd3f,3,6,9,1,1,2,4,7,11,1,1
2022-11-08,ae48d6b9-3ade-4d3f-88c0-4ca28c910191,1,0,1,109,0,109,110,0,110,1,4
2022-11-08,ae577902-ff23-4f41-aeec-75d560b1cb06,116,123,239,13,0,13,129,123,252,1,15
2022-11-08,ae764892-182a-4488-825f-563926c68c6b,55,84,139,10,1,11,65,85,150,1,7
2022-11-08,ae99ef7b-2eb4-4df0-bc94-8184283b8036,48,43,91,1,3,4,49,46,95,1,5
2022-11-08,aec3d57f-bbab-42cc-b655-346f13c8bd50,29,27,56,1,2,3,30,29,59,1,5
2022-11-08,aeda16ad-4738-494a-b3b7-e4a459ff2602,0,0,0,3,0,3,3,0,3,1,2
2022-11-08,aef89819-9b3b-49eb-a820-e7b2999c6a86,35,27,62,1,1,2,36,28,64,1,4
2022-11-08,af10b543-9d4b-4866-b21c-65d3c6a3e567,0,3,3,0,1,1,0,4,4,1,2
2022-11-08,af254b97-4c3f-4652-ad52-806efce619e3,4,14,18,0,0,0,4,14,18,1,5
2022-11-08,af6cf309-0622-4bef-ab4a-b8a16608d899,5,5,10,0,0,0,5,5,10,1,2
2022-11-08,afa3ccf1-46d7-45a1-ace4-0f73325bfe72,43,59,102,0,3,3,43,62,105,1,9
2022-11-08,afd8d99f-631a-4d84-9fd3-8889d3956a35,28,38,66,3,1,4,31,39,70,1,4
2022-11-08,afe8747e-ac61-4af3-a510-0ecfc4c3c8e6,10,19,29,23,1,24,33,20,53,1,5
2022-11-08,b01818af-f231-445e-adc5-4e20d1193426,1,0,1,222,59,281,223,59,282,1,6
2022-11-08,b0453406-6b15-4d9d-8e21-77bb67ff1101,12,15,27,14,3,17,26,18,44,1,7
2022-11-08,b05cb6cc-a4ca-43ad-a8f8-ec189c13a870,11,7,18,13,5,18,24,12,36,1,14
2022-11-08,b07022ce-f5f2-4e8f-9dcf-2238535dad75,4,8,12,1,0,1,5,8,13,1,1
2022-11-08,b08d0344-013f-406a-b4a2-9403fd435ee0,2,0,2,3,0,3,5,0,5,1,3
2022-11-08,b0962a89-07c5-4b84-b52d-ae8b73810a04,1,0,1,0,0,0,1,0,1,1,1
2022-11-08,b0a25b1c-b10b-41f4-ac15-507c178cea00,295,323,618,71,79,150,366,402,768,1,6
2022-11-08,b0cdf43d-92ea-4aaa-b104-d56ebcbcf461,2,1,3,0,0,0,2,1,3,1,2
2022-11-08,b0e4ca2d-ee8f-4c69-8369-44e06ce7444b,1,0,1,0,0,0,1,0,1,1,1
2022-11-08,b10091d8-00c9-46cd-b9fa-282a79ad1c51,3,5,8,0,0,0,3,5,8,1,2
2022-11-08,b11e087a-4c27-4fd3-a347-2578ce402440,3,1,4,0,0,0,3,1,4,1,2
2022-11-08,b130b9f6-db11-4806-bce8-03fdf9e34894,9,8,17,0,0,0,9,8,17,1,4
2022-11-08,b14f199e-4517-4f37-989e-63dc72cb1287,4,0,4,4,0,4,8,0,8,1,5
2022-11-08,b1724998-f8d9-4c6a-b751-70bb6df151ab,6,8,14,0,0,0,6,8,14,1,2
2022-11-08,b196d222-5108-481b-80bf-b078d2b51bfd,0,0,0,4,0,4,4,0,4,1,1
2022-11-08,b1cd360c-cf7f-414a-931d-5c23104ef147,0,0,0,18,8,26,18,8,26,1,2
2022-11-08,b1d747ac-8a20-481a-be42-5fa75c20c30b,269,177,446,9,17,26,278,194,472,1,24
2022-11-08,b1f3d4f9-2c53-43c5-b50d-becfa2b27c66,2,1,3,0,0,0,2,1,3,1,1
2022-11-08,b2152dd9-baab-470b-9c38-4a194cf33b85,25,28,53,10,7,17,35,35,70,1,9
2022-11-08,b2403763-b21a-49c8-aeec-6d1b943b4e0c,7,12,19,10,0,10,17,12,29,1,7
2022-11-08,b259847b-060a-487d-b8e3-630b19484936,22,14,36,57,20,77,79,34,113,1,3
2022-11-08,b279f40b-05e1-4870-ad41-71868b65ed3b,41,29,70,0,1,1,41,30,71,1,2
2022-11-08,b28baeef-4075-4366-8e65-22e60dfb518a,2,6,8,0,0,0,2,6,8,1,4
2022-11-08,b2ace381-a085-417b-b9c0-1e149e4feb37,30,52,82,25,8,33,55,60,115,1,5
2022-11-08,b2c9579f-39ae-424b-adbe-a55f73baf412,20,16,36,7,8,15,27,24,51,1,3
2022-11-08,b305362a-5dcd-4f3e-9184-bfa49fbd4bd4,3,1,4,1,0,1,4,1,5,1,3
2022-11-08,b332edb8-237f-4507-b101-ef14ff73d0c8,1,0,1,4,0,4,5,0,5,1,4
2022-11-08,b34a4164-f745-48bf-905a-2a166ca4c030,17,21,38,23,7,30,40,28,68,1,8
2022-11-08,b36700e9-1b43-4b7f-8a82-9525b036e7f8,1,1,2,0,0,0,1,1,2,1,1
2022-11-08,b391ce7d-59f0-41b6-a2c0-a6ae07872e70,24,16,40,5,7,12,29,23,52,1,7
2022-11-08,b3a2992f-ca08-4a47-a1ad-f807551f1b2d,131,189,320,114,94,208,245,283,528,1,6
2022-11-08,b3b39d1b-c6d1-4394-9161-29e2f6a36452,2,5,7,1,0,1,3,5,8,1,3
2022-11-08,b3be48ff-c8ce-4c27-a60b-554a3ccac16a,9,8,17,3,0,3,12,8,20,1,3
2022-11-08,b3d29838-95bc-483a-ab16-49ed71f9f2ae,15,15,30,0,1,1,15,16,31,1,4
2022-11-08,b3f992f7-c70e-43c9-a85c-2a3e023213bb,2,7,9,0,0,0,2,7,9,1,1
2022-11-08,b4175e00-7f43-4f46-9ab6-6f99491ccce2,14,23,37,1,1,2,15,24,39,1,4
2022-11-08,b43d2d46-2e65-4d61-92b6-098c4b8b0bf2,32,45,77,0,0,0,32,45,77,1,1
2022-11-08,b451fbcb-b921-4bd6-b137-29edee92d768,1,0,1,0,0,0,1,0,1,1,1
2022-11-08,b478d6bb-3263-4e5a-833c-be2bf451c10b,61,50,111,1,1,2,62,51,113,1,8
2022-11-08,b4a9e88a-db71-4d74-ac44-95338580ec56,74,94,168,219,235,454,293,329,622,1,12
2022-11-08,b4caad0a-35e4-444f-bf41-15c5ef137eef,23,21,44,18,3,21,41,24,65,1,2
2022-11-08,b4f48b95-0636-40ff-977c-23c08e2d98e0,2,3,5,0,1,1,2,4,6,1,2
2022-11-08,b522d804-8a53-43de-a0d9-b1ba2d7fb64a,144,116,260,21,18,39,165,134,299,1,6
2022-11-08,b5578cd5-a32f-4fd5-ad4d-52384f1726cb,12,6,18,3,1,4,15,7,22,1,4
2022-11-08,b56ce917-029a-40d8-9f93-44fe94affd1f,12,15,27,0,1,1,12,16,28,1,6
2022-11-08,b58e1227-aa7b-45ee-9701-03007e6e4f43,2,3,5,1,1,2,3,4,7,1,2
2022-11-08,b5c0bd6e-54ee-49d0-81a3-455fac99c5fc,1,0,1,0,0,0,1,0,1,1,1
2022-11-08,b5e04029-d822-4830-85f7-2c0e947ed82f,35,38,73,20,1,21,55,39,94,1,8
2022-11-08,b5e9ee5c-b09e-495b-ab2a-64dcec7628dd,10,8,18,0,0,0,10,8,18,1,3
2022-11-08,b61266bf-4a3e-479b-b2e2-e09a1021aa01,41,63,104,0,0,0,41,63,104,1,8
2022-11-08,b620561d-602c-4474-a64f-84b3eb8cb2c8,0,0,0,3,0,3,3,0,3,1,1
2022-11-08,b63d5c3a-8dc5-4fdf-b2c4-8c733717423d,0,2,2,1,0,1,1,2,3,1,2
2022-11-08,b668f069-3793-4880-8cd8-b425a1476971,15,34,49,1,0,1,16,34,50,1,7
2022-11-08,b68c1035-6747-486b-afd0-5460293596ae,4,0,4,0,0,0,4,0,4,1,4
2022-11-08,b6a9929c-8e6e-498b-b99c-8eefa9cc2025,1,2,3,1,0,1,2,2,4,1,2
2022-11-08,b6d577d9-a3a8-40de-9e2f-de55c2ed95e7,1,0,1,0,0,0,1,0,1,1,1
2022-11-08,b6fd2ed6-ac33-42db-b28e-bd6a60a148bd,2,0,2,0,0,0,2,0,2,1,2
2022-11-08,b7174b5a-b7e6-4713-bbbc-81b470013c42,3,2,5,8,4,12,11,6,17,1,8
2022-11-08,b736594f-e2a7-4073-a59d-211ab4605582,20,20,40,9,1,10,29,21,50,1,10
2022-11-08,b74376e3-bbad-41f3-8940-f80d9d5bd25c,10,14,24,1,2,3,11,16,27,1,3
2022-11-08,b76c1249-2680-42e2-878f-76ab888d4c07,0,0,0,1,0,1,1,0,1,1,1
2022-11-08,b787acdc-d35e-4ced-82b6-502b876699b8,3,4,7,0,0,0,3,4,7,1,3
2022-11-08,b7a6a1c3-988b-47d7-87d3-b5fae1715c54,2,7,9,0,0,0,2,7,9,1,2
2022-11-08,b7b5c492-e6e9-4a35-8496-611f1be4dbd5,2,2,4,0,0,0,2,2,4,1,1
2022-11-08,b7eafc2a-4a17-4f11-a10b-ac5f6ded35fd,58,73,131,0,6,6,58,79,137,1,6
2022-11-08,b81f0bf7-4512-4608-a01e-a5cbdd3839df,62,104,166,3,0,3,65,104,169,1,10
2022-11-08,b86bef80-951e-4c41-9ad3-09ba1d4ccd84,4,4,8,2,0,2,6,4,10,1,3
2022-11-08,b883be83-ea79-48b9-9368-da3715c99580,8,9,17,1,2,3,9,11,20,1,3
2022-11-08,b8c24460-ffea-4e3e-b5d0-d0791c94b335,2,0,2,0,0,0,2,0,2,1,1
2022-11-08,b8d03718-59ce-4240-90a0-d6d7d7630904,37,114,151,4,11,15,41,125,166,1,5
2022-11-08,b8e2035d-916d-4b36-87f8-7faaff97825c,18,25,43,4,8,12,22,33,55,1,7
2022-11-08,b8fd5248-8876-402b-bd7b-48c6df80cfe8,24,24,48,4,1,5,28,25,53,1,2
2022-11-08,b925275d-dfb4-442e-98e0-33ad2b08770c,4,2,6,25,0,25,29,2,31,1,8
2022-11-08,b9529f58-b93d-416f-9785-8a8d9125ebd6,2,0,2,0,0,0,2,0,2,1,2
2022-11-08,b9600cd9-6508-485c-8f37-7389f404609d,2,3,5,1,0,1,3,3,6,1,2
2022-11-08,b986aa68-0735-49f0-b6b6-9d7c418ab154,3,3,6,0,0,0,3,3,6,1,2
2022-11-08,b99e5700-69bc-459d-8aaa-a2a14e133a53,11,21,32,0,2,2,11,23,34,1,6
2022-11-08,b9c7ac1b-0812-44bd-8582-3da72f20f6b1,15,27,42,3,5,8,18,32,50,1,9
2022-11-08,b9e67e53-413b-4ff7-a7fd-24ae742d8fb0,2,2,4,0,2,2,2,4,6,1,2
2022-11-08,b9ff51ec-51aa-4f3c-b25d-799e49642dea,7,8,15,1,0,1,8,8,16,1,4
2022-11-08,ba13ecf0-c347-4ca4-b1a4-cd754cb0f6a1,66,84,150,191,48,239,257,132,389,1,20
2022-11-08,ba2857e1-9033-4684-be84-eab05cf7c112,3,5,8,0,4,4,3,9,12,1,3
2022-11-08,ba4c6011-1ec9-45f7-adf8-cd39c049a884,2,4,6,0,0,0,2,4,6,1,1
2022-11-08,ba62e52f-d2af-4845-9822-8a1075b3538c,2,1,3,0,0,0,2,1,3,1,1
2022-11-08,ba8748fb-d564-4c3e-835b-459c4390cc36,44,39,83,4,5,9,48,44,92,1,3
2022-11-08,baa8faaa-93c2-4162-b1ab-d133d51df565,5,13,18,2,2,4,7,15,22,1,2
2022-11-08,bacb789a-b8b0-43c1-ab99-35f82c522108,75,89,164,3,0,3,78,89,167,1,15
2022-11-08,bae42674-27ed-4b58-b6a7-c4c8550bf1aa,4,4,8,1,0,1,5,4,9,1,3
2022-11-08,baec3f3b-fab0-4a62-9cce-65405926ae65,7,4,11,0,0,0,7,4,11,1,1
2022-11-08,bb12c852-fbfb-4c43-9c59-306bccc1c816,2,0,2,0,0,0,2,0,2,1,2
2022-11-08,bb44702b-2c49-4440-9e3d-808c64c767bf,3,5,8,0,0,0,3,5,8,1,3
2022-11-08,bb5f371f-650f-4383-bd57-cce458f4bacb,1,1,2,0,0,0,1,1,2,1,1
2022-11-08,bb8723e1-2461-4eb9-aa15-8fedaff7abdf,4,9,13,2,0,2,6,9,15,1,4
2022-11-08,bb9cf5ac-a45c-44a4-b46d-3d37068cb51b,97,79,176,1,0,1,98,79,177,1,7
2022-11-08,bbb25690-8389-416a-bbe8-50617a4e31ec,0,0,0,2,0,2,2,0,2,1,1
2022-11-08,bbc2118b-b063-42b6-9954-8d2938429321,2,0,2,2,0,2,4,0,4,1,4
2022-11-08,bbe02c81-680c-446a-857d-303178593be0,31,32,63,2,5,7,33,37,70,1,8
2022-11-08,bbee97c2-8734-4405-a5f9-65b5f591c307,89,81,170,3,2,5,92,83,175,1,3
2022-11-08,bc2e0ded-9985-4fa9-a13e-4f95ac331006,30,35,65,3,1,4,33,36,69,1,7
2022-11-08,bc3d58ad-30ee-4337-ac19-d24d121f2cc2,4,4,8,2,0,2,6,4,10,1,2
2022-11-08,bc518060-2bb1-4620-b6ff-0be0cb926f3e,16,18,34,0,0,0,16,18,34,1,1
2022-11-08,bc600d5f-e603-48d5-a4d5-bb051e761fb7,11,13,24,12,1,13,23,14,37,1,8
2022-11-08,bc774b0f-8324-4740-ac8a-6d04ee8cbedb,1,1,2,0,0,0,1,1,2,1,1
2022-11-08,bca98d0e-50af-4bf5-9a80-ff52e2f82c0b,4,3,7,0,0,0,4,3,7,1,2
2022-11-08,bcc43fbf-706c-485c-90ce-794da67b8644,10,2,12,8,0,8,18,2,20,1,6
2022-11-08,bce4c2de-72cc-4a24-a800-95ffbda68a03,19,16,35,0,1,1,19,17,36,1,5
2022-11-08,bcf4988a-2a42-4dd8-84ad-5ba5223b8995,15,15,30,0,0,0,15,15,30,1,2
2022-11-08,bd136624-fe23-4aa8-ba1c-4c057d97191f,2,1,3,7,2,9,9,3,12,1,3
2022-11-08,bd24345e-01d8-4ce6-97ec-da19340e3c55,111,84,195,10,10,20,121,94,215,1,9
2022-11-08,bd2eebc3-6e7a-4623-b5ce-6de413c39c7f,6,1,7,0,0,0,6,1,7,1,4
2022-11-08,bd478ba0-0751-4cff-86cd-a3819c97d00e,0,0,0,24,2,26,24,2,26,1,1
2022-11-08,bd5458cd-752d-4f3b-bcfc-ffc05be1aacc,3,2,5,0,0,0,3,2,5,1,2
2022-11-08,bd83e0a8-be7a-4780-8b26-332e8992811d,6,8,14,0,3,3,6,11,17,1,1
2022-11-08,bda93752-1e01-4bc6-b812-863ace393dea,4,6,10,3,3,6,7,9,16,1,5
2022-11-08,bdcf41a5-d403-4e75-a89f-919e1fce09c6,0,1,1,0,0,0,0,1,1,1,1
2022-11-08,bdea0aec-f75b-4c03-96b3-0628b889c784,2,3,5,3,0,3,5,3,8,1,3
2022-11-08,bdf960cd-4316-4db5-af2c-bcbf9c71e383,34,39,73,38,4,42,72,43,115,1,8
2022-11-08,be363e23-d42d-4816-8d38-15ba190db8f0,114,134,248,50,23,73,164,157,321,1,5
2022-11-08,be4a2f3d-6575-456a-99a2-27d629b192e1,28,36,64,207,187,394,235,223,458,1,11
2022-11-08,be6d9cf3-f3ed-4f1c-8805-981c82c8f764,0,1,1,3,0,3,3,1,4,1,2
2022-11-08,bea0a7a5-304d-4b4a-8f13-fcf656317f73,2,0,2,4,0,4,6,0,6,1,2
2022-11-08,beb9ceba-e0d9-47b2-aa99-7e10f8e09139,25,34,59,44,1,45,69,35,104,1,7
2022-11-08,bed19f73-8f08-405d-8de5-41345b09a12e,2,1,3,0,0,0,2,1,3,1,2
2022-11-08,bee01dee-f77a-4cf8-82f5-943fa8fb0ea0,4,3,7,0,0,0,4,3,7,1,4
2022-11-08,befd19b7-4c8d-4bc2-b7c8-ec5c53802c2c,3,3,6,0,0,0,3,3,6,1,2
2022-11-08,bf3bd2c7-71f1-47ae-8f7e-0bf68036f620,2,1,3,0,0,0,2,1,3,1,1
2022-11-08,bf4d4234-2ad9-4fdb-9af1-2136f59790c8,12,13,25,0,0,0,12,13,25,1,5
2022-11-08,bf57a2de-0583-4d09-a14e-4e65ab590627,1,1,2,4,0,4,5,1,6,1,3
2022-11-08,bf6a8765-5383-45be-9d17-276feca1d051,3,1,4,0,0,0,3,1,4,1,1
2022-11-08,bf86213d-4e9b-4602-af34-9292420b6b11,15,7,22,1,0,1,16,7,23,1,4
2022-11-08,bf9c88c1-4a41-41c7-b8dd-8d23f19a11e0,4,6,10,0,3,3,4,9,13,1,3
2022-11-08,bfb6fd12-8cb3-429a-b4db-9e8e6dfa267a,1,0,1,0,0,0,1,0,1,1,1
2022-11-08,bfd15789-d087-4da1-81f6-7852759ecd79,25,25,50,16,16,32,41,41,82,1,4
2022-11-08,bfecb184-8237-47e0-8f1e-9aa6cfc58a3c,1,3,4,0,0,0,1,3,4,1,1
2022-11-08,c019483c-cbda-4e37-9b98-2b722b42d436,6,3,9,8,3,11,14,6,20,1,7
2022-11-08,c04cca14-00e2-44e8-83da-42b349be67cf,22,18,40,3,1,4,25,19,44,1,3
2022-11-08,c061e6d2-6c3a-4ccb-8b1d-8d3e13baa1d0,3,2,5,23,0,23,26,2,28,1,7
2022-11-08,c07cc192-738f-45e1-9e9a-80d4e1ac2cb4,3,1,4,0,0,0,3,1,4,1,3
2022-11-08,c0937101-8174-4159-8c3a-1c8a79da72aa,1,1,2,0,0,0,1,1,2,1,1
2022-11-08,c0bcfba6-1d7f-42e5-9490-baa381b8b408,2,1,3,0,0,0,2,1,3,1,1
2022-11-08,c0e34151-b4e4-4afe-8e36-b0cdefb34358,14,19,33,4,7,11,18,26,44,1,8
2022-11-08,c0faeb6f-057e-46ff-b6b8-f9ad5625ada8,11,12,23,3,2,5,14,14,28,1,4
2022-11-08,c1040679-b8eb-4ac5-8e3c-0a7fe21d458b,79,81,160,2,2,4,81,83,164,1,4
2022-11-08,c12f51ae-a516-4185-8ac6-e06e75f72776,1,0,1,0,0,0,1,0,1,1,1
2022-11-08,c144e7c6-dfe3-490d-aac9-69008b0d06d8,18,31,49,2,1,3,20,32,52,1,5
2022-11-08,c156cb7a-b1b3-446b-a4b2-43133c1b2448,1,0,1,0,0,0,1,0,1,1,1
2022-11-08,c16613d4-3958-4147-a726-d23c94a80088,13,13,26,2,3,5,15,16,31,1,4
2022-11-08,c1844007-c12f-4651-953b-f4b71223af98,8,20,28,0,2,2,8,22,30,1,2
2022-11-08,c19a81f2-2de9-4572-b700-3d0b44450eca,0,4,4,0,1,1,0,5,5,1,2
2022-11-08,c1c39c13-a4e1-4774-a7f2-562fd867adef,19,25,44,0,1,1,19,26,45,1,2
2022-11-08,c1f53391-0bb1-472b-a89f-986e1a6a3f87,18,16,34,7,0,7,25,16,41,1,5
2022-11-08,c205d382-75c3-4c2b-a940-63d4aa0e7a0e,5,5,10,0,0,0,5,5,10,1,3
2022-11-08,c22f3244-c4f1-44f8-b7f2-7a489e19f317,1,0,1,0,0,0,1,0,1,1,1
2022-11-08,c267e307-adfc-4d63-813d-61d617d13079,34,38,72,1,3,4,35,41,76,1,6
2022-11-08,c278c5eb-eacf-46e1-91c8-12edbd643780,408,593,1001,252,136,388,660,729,1389,1,12
2022-11-08,c2938eef-666d-4aa7-b282-286b706251cf,29,25,54,2,7,9,31,32,63,1,5
2022-11-08,c2acb00a-74be-4037-b105-3ddfa71b2a34,37,64,101,0,2,2,37,66,103,1,6
2022-11-08,c2be72c2-ac1d-42c0-9053-3c1c7b203be7,43,52,95,5,18,23,48,70,118,1,15
2022-11-08,c2ce4a3b-5aae-4475-8bb7-291f77d4663b,0,1,1,0,0,0,0,1,1,1,1
2022-11-08,c2df12be-f70a-461d-9924-c8e863777e01,0,0,0,2,1,3,2,1,3,1,2
2022-11-08,c2f44f42-664b-4cfd-afc3-562092c0bc4e,153,221,374,0,0,0,153,221,374,1,5
2022-11-08,c3209669-7d95-4e0d-9e3a-872d19468884,6,10,16,0,0,0,6,10,16,1,2
2022-11-08,c344b73f-a2c8-4a13-9413-9bc40381f9f3,198,203,401,8,2,10,206,205,411,1,7
2022-11-08,c36e1c90-456f-4356-9a88-4461ac56fcfd,33,35,68,0,0,0,33,35,68,1,7
2022-11-08,c375ec58-98ca-457e-9d35-c183a886a743,14,12,26,1,2,3,15,14,29,1,5
2022-11-08,c37bce0a-f5ee-42e8-9d08-d26e255fde59,7,8,15,0,2,2,7,10,17,1,2
2022-11-08,c3a2a73f-9dd8-4cf4-a8df-7b1fbf3c3daa,9,3,12,0,1,1,9,4,13,1,5
2022-11-08,c3b96262-895c-42fd-9b20-2838e72a87ad,1,0,1,0,0,0,1,0,1,1,1
2022-11-08,c3c523cd-979e-43fb-87c8-6be4d42c364e,0,0,0,3,0,3,3,0,3,1,1
2022-11-08,c3db5faf-03d3-4316-b475-4805e19e7c49,9,5,14,39,1,40,48,6,54,1,5
2022-11-08,c3ebd6e4-ddeb-4c98-a701-21c1961d3161,7,6,13,2,0,2,9,6,15,1,4
2022-11-08,c400ea11-f21a-4960-b51b-fefdd8fc554e,135,111,246,50,3,53,185,114,299,1,8
2022-11-08,c41cf489-1042-457d-ae0e-3c53f759530b,1,0,1,0,0,0,1,0,1,1,1
2022-11-08,c45098a1-364c-45ef-a5a2-9aadc820f30d,19,22,41,7,7,14,26,29,55,1,8
2022-11-08,c476e736-5c3d-458a-8aa0-9e935f9498ac,0,1,1,0,0,0,0,1,1,1,1
2022-11-08,c490e62f-0e93-43e8-a4d4-90f676f0d2fa,118,123,241,59,9,68,177,132,309,1,13
2022-11-08,c4af22f7-6323-47d1-b6ec-f3998c80f874,5,1,6,0,0,0,5,1,6,1,2
2022-11-08,c4d880c9-d67e-43ff-8820-1c0e92fcb8f6,2,0,2,0,0,0,2,0,2,1,2
2022-11-08,c4e3bf4c-65d0-47c5-b5f5-9ead4bd53e6a,1,0,1,0,0,0,1,0,1,1,1
2022-11-08,c503a920-fa50-4234-92e9-bc3d8d826a42,103,108,211,2,3,5,105,111,216,1,6
2022-11-08,c51c9163-6e93-4dfe-b9fc-5bc76b8e517d,3,0,3,0,0,0,3,0,3,1,1
2022-11-08,c5293754-cb4d-421f-80e9-f3223f352223,126,148,274,0,0,0,126,148,274,1,2
2022-11-08,c5511e3d-a3c6-4fd8-9ee6-65ced485c637,5,4,9,1,0,1,6,4,10,1,1
2022-11-08,c56cbda5-45da-48df-8138-7e9a93db7421,4,7,11,0,2,2,4,9,13,1,3
2022-11-08,c57b6751-d1cb-47f2-8794-dd295c82035d,1,0,1,0,0,0,1,0,1,1,1
2022-11-08,c5b3dd58-a984-4e1b-abbb-e9141cc8f359,2,3,5,0,0,0,2,3,5,1,2
2022-11-08,c5f18278-9ba3-4b9f-872f-0d80c2753b55,3,2,5,21,11,32,24,13,37,1,4
2022-11-08,c5f50d1a-8d37-4576-8b93-e3c89f7f6679,13,20,33,9,9,18,22,29,51,1,2
2022-11-08,c607fbdd-956a-404a-a9d2-c03af26059b9,21,21,42,0,1,1,21,22,43,1,5
2022-11-08,c6535143-d0e9-4d88-82b7-64996a35811d,1,1,2,1,0,1,2,1,3,1,2
2022-11-08,c68551f0-1ed4-43e6-a9e5-ee54eba62646,55,68,123,7,7,14,62,75,137,1,7
2022-11-08,c692e66d-2e93-4582-b1a4-535e94261dcd,4,4,8,0,0,0,4,4,8,1,2
2022-11-08,c6c22615-09e1-48ef-95f5-b2d0ddc7d648,3,0,3,0,0,0,3,0,3,1,3
2022-11-08,c6dbb206-afc7-4275-b400-e8b869c60831,53,67,120,1,1,2,54,68,122,1,3
2022-11-08,c6e64558-67fd-4447-ace1-b7eaf74a617b,12,23,35,0,0,0,12,23,35,1,3
2022-11-08,c6f64833-1a29-482c-8d95-747eb99ef3ac,2,0,2,0,0,0,2,0,2,1,2
2022-11-08,c71c8ff9-60b2-4986-be5b-f2d6ca5b6114,1,2,3,0,0,0,1,2,3,1,2
2022-11-08,c7311bc6-0770-460a-a78b-feb637da1e64,13,16,29,61,66,127,74,82,156,1,8
2022-11-08,c74e93d4-fe6f-4a2d-beb7-0abb6e86becc,4,5,9,0,0,0,4,5,9,1,2
2022-11-08,c7789f4f-f387-412d-b9c0-68a52cfe233d,8,4,12,0,0,0,8,4,12,1,2
2022-11-08,c7a05ab3-e470-43eb-bc32-a8c115845389,22,44,66,6,0,6,28,44,72,1,9
2022-11-08,c7bfcb7b-38e2-49d0-8d3c-d7538ac44034,27,43,70,4,3,7,31,46,77,1,3
2022-11-08,c7d33da4-3dbb-40be-abf4-25359ab140c8,11,11,22,0,1,1,11,12,23,1,1
2022-11-08,c8008a27-5aed-4fc8-a223-a8262da14df2,9,5,14,0,0,0,9,5,14,1,2
2022-11-08,c819b032-545d-4882-9755-0a2b19523a19,6,9,15,37,1,38,43,10,53,1,3
2022-11-08,c851e99a-53ed-4800-b106-8be9d4585f78,16,16,32,1,1,2,17,17,34,1,4
2022-11-08,c8774cfd-dbc6-4b5b-9bd2-00b21e5cc27d,132,94,226,11,6,17,143,100,243,1,3
2022-11-08,c8995f61-533a-4b8f-ac60-ca390abad486,7,2,9,12,1,13,19,3,22,1,4
2022-11-08,c8aabcad-5b88-4a3e-98ad-befc9719fbe2,1,0,1,0,0,0,1,0,1,1,1
2022-11-08,c8bb1587-a7d9-442e-a5d3-56a3faaa13e3,11,9,20,1,6,7,12,15,27,1,4
2022-11-08,c8e752e2-0510-4c76-8b6e-3905bf74f462,2,5,7,1,0,1,3,5,8,1,2
2022-11-08,c8ef8ff6-8e7e-441a-950b-9fffa55d4ef8,42,61,103,13,14,27,55,75,130,1,6
2022-11-08,c8f9f1d0-a909-4d77-b22e-f60a8362b42a,5,4,9,0,0,0,5,4,9,1,1
2022-11-08,c91049ed-6d8e-43fd-8be4-f490d61ac0d9,0,0,0,1,0,1,1,0,1,1,1
2022-11-08,c922485a-6458-4f0b-9cfa-e0f405771835,25,43,68,0,2,2,25,45,70,1,3
2022-11-08,c92ec4cb-8cf2-4e02-b23a-acbe01958e0f,57,65,122,4,0,4,61,65,126,1,9
2022-11-08,c94fa0c5-78bc-4f23-9c73-2ca3a0792f97,0,0,0,0,2,2,0,2,2,1,1
2022-11-08,c958be2e-dd3b-4e1a-a54e-e9463ed1418d,3,3,6,0,0,0,3,3,6,1,1
2022-11-08,c975ff04-984e-4ea2-8653-aa75716f87e8,8,10,18,1,2,3,9,12,21,1,5
2022-11-08,c98dc296-2698-4a42-9df0-32b0b9d6239b,1,0,1,0,0,0,1,0,1,1,1
2022-11-08,c9a61ffd-2f93-4a31-bfd3-52e2b732dadf,55,79,134,11,6,17,66,85,151,1,7
2022-11-08,c9bc0efb-f7f3-4b63-a5ae-4890b05fdee7,8,12,20,1,0,1,9,12,21,1,3
2022-11-08,c9ebcd85-8929-4612-9131-f27cd0778d45,11,11,22,144,30,174,155,41,196,1,5
2022-11-08,ca048294-b3e1-4f77-bc0b-be597a77f32d,8,7,15,21,8,29,29,15,44,1,5
2022-11-08,ca1393f8-97f9-4abf-ab8c-cd544a2e7f05,42,52,94,94,43,137,136,95,231,1,5
2022-11-08,ca2f7ae8-aceb-424a-b5c3-c8ca7b473c01,0,1,1,0,0,0,0,1,1,1,1
2022-11-08,ca56e283-1220-49f9-80cb-a77ab2e3a3e5,48,46,94,0,0,0,48,46,94,1,2
2022-11-08,ca766a7c-3b10-4028-8673-0c8a9d3de0da,0,0,0,2,0,2,2,0,2,1,2
2022-11-08,ca968945-d439-4f80-a976-91639168f287,1,1,2,3,0,3,4,1,5,1,2
